2 1 0 0 1 0 10 10 0 0 
1 1 0 0.000199007 1 0 9.99801 9.99801 0.367953 0 
1 1 0 0.000398015 1 0 9.99602 9.99602 0.368026 0 
1 1 0 0.00079603 1 0 9.99204 9.99204 0.368172 0 
1 1 0 0.00159206 1 0 9.98408 9.98408 0.368466 0 
1 1 0 0.0025871 1 0 9.97413 9.97413 0.368832 0 
1 1 0 0.00358213 1 0 9.96418 9.96418 0.3692 0 
1 1 0 0.00457717 1 0 9.95423 9.95423 0.369567 0 
1 1 0 0.00557221 1 0 9.94428 9.94428 0.369935 0 
1 1 0 0.00656725 1 0 9.93433 9.93433 0.370303 0 
1 1 0 0.00756228 1 0 9.92438 9.92438 0.370672 0 
1 1 0 0.00855732 1 0 9.91443 9.91443 0.371041 0 
1 1 0 0.00955236 1 0 9.90448 9.90448 0.37141 0 
1 1 0 0.0105474 1 0 9.89453 9.89453 0.37178 0 
1 1 0 0.0115424 1 0 9.88458 9.88458 0.37215 0 
1 1 0 0.0125375 1 0 9.87463 9.87463 0.372521 0 
1 1 0 0.0135325 1 0 9.86467 9.86467 0.372892 0 
1 1 0 0.0145275 1 0 9.85472 9.85472 0.373263 0 
1 1 0 0.0155226 1 0 9.84477 9.84477 0.373634 0 
1 1 0 0.0165176 1 0 9.83482 9.83482 0.374006 0 
1 1 0 0.0175127 1 0 9.82487 9.82487 0.374379 0 
1 1 0 0.0185077 1 0 9.81492 9.81492 0.374751 0 
1 1 0 0.0195027 1 0 9.80497 9.80497 0.375125 0 
1 1 0 0.0204978 1 0 9.79502 9.79502 0.375498 0 
1 1 0 0.0214928 1 0 9.78507 9.78507 0.375872 0 
1 1 0 0.0224878 1 0 9.77512 9.77512 0.376246 0 
1 1 0 0.0234829 1 0 9.76517 9.76517 0.376621 0 
1 1 0 0.0244779 1 0 9.75522 9.75522 0.376995 0 
1 1 0 0.025473 1 0 9.74527 9.74527 0.377371 0 
1 1 0 0.026468 1 0 9.73532 9.73532 0.377746 0 
1 1 0 0.027463 1 0 9.72537 9.72537 0.378123 0 
1 1 0 0.0284581 1 0 9.71542 9.71542 0.378499 0 
1 1 0 0.0294531 1 0 9.70547 9.70547 0.378876 0 
1 1 0 0.0304481 1 0 9.69552 9.69552 0.379253 0 
1 1 0 0.0314432 1 0 9.68557 9.68557 0.379631 0 
1 1 0 0.0324382 1 0 9.67562 9.67562 0.380008 0 
1 1 0 0.0334333 1 0 9.66567 9.66567 0.380387 0 
1 1 0 0.0344283 1 0 9.65572 9.65572 0.380765 0 
1 1 0 0.0354233 1 0 9.64577 9.64577 0.381145 0 
1 1 0 0.0364184 1 0 9.63582 9.63582 0.381524 0 
1 1 0 0.0374134 1 0 9.62587 9.62587 0.381904 0 
1 1 0 0.0384084 1 0 9.61592 9.61592 0.382284 0 
1 1 0 0.0394035 1 0 9.60597 9.60597 0.382665 0 
1 1 0 0.0403985 1 0 9.59601 9.59601 0.383046 0 
1 1 0 0.0413936 1 0 9.58606 9.58606 0.383427 0 
1 1 0 0.0423886 1 0 9.57611 9.57611 0.383809 0 
1 1 0 0.0433836 1 0 9.56616 9.56616 0.384191 0 
1 1 0 0.0443787 1 0 9.55621 9.55621 0.384573 0 
1 1 0 0.0453737 1 0 9.54626 9.54626 0.384956 0 
1 1 0 0.0463687 1 0 9.53631 9.53631 0.385339 0 
1 1 0 0.0473638 1 0 9.52636 9.52636 0.385723 0 
1 1 0 0.0483588 1 0 9.51641 9.51641 0.386107 0 
1 1 0 0.0493538 1 0 9.50646 9.50646 0.386491 0 
1 1 0 0.0503489 1 0 9.49651 9.49651 0.386876 0 
1 1 0 0.0513439 1 0 9.48656 9.48656 0.387261 0 
1 1 0 0.052339 1 0 9.47661 9.47661 0.387647 0 
1 1 0 0.053334 1 0 9.46666 9.46666 0.388033 0 
1 1 0 0.054329 1 0 9.45671 9.45671 0.388419 0 
1 1 0 0.0553241 1 0 9.44676 9.44676 0.388806 0 
1 1 0 0.0563191 1 0 9.43681 9.43681 0.389193 0 
1 1 0 0.0573141 1 0 9.42686 9.42686 0.38958 0 
1 1 0 0.0583092 1 0 9.41691 9.41691 0.389968 0 
1 1 0 0.0593042 1 0 9.40696 9.40696 0.390356 0 
1 1 0 0.0602993 1 0 9.39701 9.39701 0.390745 0 
1 1 0 0.0612943 1 0 9.38706 9.38706 0.391134 0 
1 1 0 0.0622893 1 0 9.37711 9.37711 0.391523 0 
1 1 0 0.0632844 1 0 9.36716 9.36716 0.391913 0 
1 1 0 0.0642794 1 0 9.35721 9.35721 0.392303 0 
1 1 0 0.0652744 1 0 9.34726 9.34726 0.392694 0 
1 1 0 0.0662695 1 0 9.33731 9.33731 0.393085 0 
1 1 0 0.0672645 1 0 9.32735 9.32735 0.393476 0 
1 1 0 0.0682596 1 0 9.3174 9.3174 0.393868 0 
1 1 0 0.0692546 1 0 9.30745 9.30745 0.39426 0 
1 1 0 0.0702496 1 0 9.2975 9.2975 0.394652 0 
1 1 0 0.0712447 1 0 9.28755 9.28755 0.395045 0 
1 1 0 0.0722397 1 0 9.2776 9.2776 0.395438 0 
1 1 0 0.0732347 1 0 9.26765 9.26765 0.395832 0 
1 1 0 0.0742298 1 0 9.2577 9.2577 0.396226 0 
1 1 0 0.0752248 1 0 9.24775 9.24775 0.396621 0 
1 1 0 0.0762199 1 0 9.2378 9.2378 0.397015 0 
1 1 0 0.0772149 1 0 9.22785 9.22785 0.397411 0 
1 1 0 0.0782099 1 0 9.2179 9.2179 0.397806 0 
1 1 0 0.079205 1 0 9.20795 9.20795 0.398202 0 
1 1 0 0.0802 1 0 9.198 9.198 0.398599 0 
1 1 0 0.081195 1 0 9.18805 9.18805 0.398996 0 
1 1 0 0.0821901 1 0 9.1781 9.1781 0.399393 0 
1 1 0 0.0831851 1 0 9.16815 9.16815 0.39979 0 
1 1 0 0.0841802 1 0 9.1582 9.1582 0.400188 0 
1 1 0 0.0851752 1 0 9.14825 9.14825 0.400587 0 
1 1 0 0.0861702 1 0 9.1383 9.1383 0.400986 0 
1 1 0 0.0871653 1 0 9.12835 9.12835 0.401385 0 
1 1 0 0.0881603 1 0 9.1184 9.1184 0.401784 0 
1 1 0 0.0891553 1 0 9.10845 9.10845 0.402184 0 
1 1 0 0.0901504 1 0 9.0985 9.0985 0.402585 0 
1 1 0 0.0911454 1 0 9.08855 9.08855 0.402986 0 
1 1 0 0.0921405 1 0 9.0786 9.0786 0.403387 0 
1 1 0 0.0931355 1 0 9.06865 9.06865 0.403788 0 
1 1 0 0.0941305 1 0 9.05869 9.05869 0.40419 0 
1 1 0 0.0951256 1 0 9.04874 9.04874 0.404593 0 
1 1 0 0.0961206 1 0 9.03879 9.03879 0.404995 0 
1 1 0 0.0971156 1 0 9.02884 9.02884 0.405399 0 
1 1 0 0.0981107 1 0 9.01889 9.01889 0.405802 0 
1 1 0 0.0991057 1 0 9.00894 9.00894 0.406206 0 
1 1 0 0.100101 1 0 8.99899 8.99899 0.406611 0 
1 1 0 0.101096 1 0 8.98904 8.98904 0.407015 0 
1 1 0 0.102091 1 0 8.97909 8.97909 0.407421 0 
1 1 0 0.103086 1 0 8.96914 8.96914 0.407826 0 
1 1 0 0.104081 1 0 8.95919 8.95919 0.408232 0 
1 1 0 0.105076 1 0 8.94924 8.94924 0.408639 0 
1 1 0 0.106071 1 0 8.93929 8.93929 0.409045 0 
1 1 0 0.107066 1 0 8.92934 8.92934 0.409453 0 
1 1 0 0.108061 1 0 8.91939 8.91939 0.40986 0 
1 1 0 0.109056 1 0 8.90944 8.90944 0.410268 0 
1 1 0 0.110051 1 0 8.89949 8.89949 0.410677 0 
1 1 0 0.111046 1 0 8.88954 8.88954 0.411086 0 
1 1 0 0.112041 1 0 8.87959 8.87959 0.411495 0 
1 1 0 0.113036 1 0 8.86964 8.86964 0.411904 0 
1 1 0 0.114031 1 0 8.85969 8.85969 0.412315 0 
1 1 0 0.115026 1 0 8.84974 8.84974 0.412725 0 
1 1 0 0.116021 1 0 8.83979 8.83979 0.413136 0 
1 1 0 0.117016 1 0 8.82984 8.82984 0.413547 0 
1 1 0 0.118011 1 0 8.81989 8.81989 0.413959 0 
1 1 0 0.119006 1 0 8.80994 8.80994 0.414371 0 
1 1 0 0.120001 1 0 8.79999 8.79999 0.414784 0 
1 1 0 0.120997 1 0 8.79003 8.79003 0.415196 0 
1 1 0 0.121992 1 0 8.78008 8.78008 0.41561 0 
1 1 0 0.122987 1 0 8.77013 8.77013 0.416024 0 
1 1 0 0.123982 1 0 8.76018 8.76018 0.416438 0 
1 1 0 0.124977 1 0 8.75023 8.75023 0.416852 0 
1 1 0 0.125972 1 0 8.74028 8.74028 0.417267 0 
1 1 0 0.126967 1 0 8.73033 8.73033 0.417683 0 
1 1 0 0.127962 1 0 8.72038 8.72038 0.418099 0 
1 1 0 0.128957 1 0 8.71043 8.71043 0.418515 0 
1 1 0 0.129952 1 0 8.70048 8.70048 0.418931 0 
1 1 0 0.130947 1 0 8.69053 8.69053 0.419348 0 
1 1 0 0.131942 1 0 8.68058 8.68058 0.419766 0 
1 1 0 0.132937 1 0 8.67063 8.67063 0.420184 0 
1 1 0 0.133932 1 0 8.66068 8.66068 0.420602 0 
1 1 0 0.134927 1 0 8.65073 8.65073 0.421021 0 
1 1 0 0.135922 1 0 8.64078 8.64078 0.42144 0 
1 1 0 0.136917 1 0 8.63083 8.63083 0.42186 0 
1 1 0 0.137912 1 0 8.62088 8.62088 0.42228 0 
1 1 0 0.138907 1 0 8.61093 8.61093 0.4227 0 
1 1 0 0.139902 1 0 8.60098 8.60098 0.423121 0 
1 1 0 0.140897 1 0 8.59103 8.59103 0.423542 0 
1 1 0 0.141892 1 0 8.58108 8.58108 0.423964 0 
1 1 0 0.142887 1 0 8.57113 8.57113 0.424386 0 
1 1 0 0.143882 1 0 8.56118 8.56118 0.424808 0 
1 1 0 0.144877 1 0 8.55123 8.55123 0.425231 0 
1 1 0 0.145872 1 0 8.54128 8.54128 0.425654 0 
1 1 0 0.146868 1 0 8.53132 8.53132 0.426078 0 
1 1 0 0.147863 1 0 8.52137 8.52137 0.426502 0 
1 1 0 0.148858 1 0 8.51142 8.51142 0.426927 0 
1 1 0 0.149853 1 0 8.50147 8.50147 0.427352 0 
1 1 0 0.150848 1 0 8.49152 8.49152 0.427777 0 
1 1 0 0.151843 1 0 8.48157 8.48157 0.428203 0 
1 1 0 0.152838 1 0 8.47162 8.47162 0.42863 0 
1 1 0 0.153833 1 0 8.46167 8.46167 0.429056 0 
1 1 0 0.154828 1 0 8.45172 8.45172 0.429483 0 
1 1 0 0.155823 1 0 8.44177 8.44177 0.429911 0 
1 1 0 0.156818 1 0 8.43182 8.43182 0.430339 0 
1 1 0 0.157813 1 0 8.42187 8.42187 0.430767 0 
1 1 0 0.158808 1 0 8.41192 8.41192 0.431196 0 
1 1 0 0.159803 1 0 8.40197 8.40197 0.431625 0 
1 1 0 0.160798 1 0 8.39202 8.39202 0.432055 0 
1 1 0 0.161793 1 0 8.38207 8.38207 0.432485 0 
1 1 0 0.162788 1 0 8.37212 8.37212 0.432916 0 
1 1 0 0.163783 1 0 8.36217 8.36217 0.433347 0 
1 1 0 0.164778 1 0 8.35222 8.35222 0.433778 0 
1 1 0 0.165773 1 0 8.34227 8.34227 0.43421 0 
1 1 0 0.166768 1 0 8.33232 8.33232 0.434642 0 
1 1 0 0.167763 1 0 8.32237 8.32237 0.435075 0 
1 1 0 0.168758 1 0 8.31242 8.31242 0.435508 0 
1 1 0 0.169753 1 0 8.30247 8.30247 0.435942 0 
1 1 0 0.170748 1 0 8.29252 8.29252 0.436376 0 
1 1 0 0.171743 1 0 8.28257 8.28257 0.43681 0 
1 1 0 0.172738 1 0 8.27262 8.27262 0.437245 0 
1 1 0 0.173734 1 0 8.26266 8.26266 0.43768 0 
1 1 0 0.174729 1 0 8.25271 8.25271 0.438116 0 
1 1 0 0.175724 1 0 8.24276 8.24276 0.438552 0 
1 1 0 0.176719 1 0 8.23281 8.23281 0.438989 0 
1 1 0 0.177714 1 0 8.22286 8.22286 0.439426 0 
1 1 0 0.178709 1 0 8.21291 8.21291 0.439863 0 
1 1 0 0.179704 1 0 8.20296 8.20296 0.440301 0 
1 1 0 0.180699 1 0 8.19301 8.19301 0.44074 0 
1 1 0 0.181694 1 0 8.18306 8.18306 0.441178 0 
1 1 0 0.182689 1 0 8.17311 8.17311 0.441618 0 
1 1 0 0.183684 1 0 8.16316 8.16316 0.442057 0 
1 1 0 0.184679 1 0 8.15321 8.15321 0.442497 0 
1 1 0 0.185674 1 0 8.14326 8.14326 0.442938 0 
1 1 0 0.186669 1 0 8.13331 8.13331 0.443379 0 
1 1 0 0.187664 1 0 8.12336 8.12336 0.44382 0 
1 1 0 0.188659 1 0 8.11341 8.11341 0.444262 0 
1 1 0 0.189654 1 0 8.10346 8.10346 0.444704 0 
1 1 0 0.190649 1 0 8.09351 8.09351 0.445147 0 
1 1 0 0.191644 1 0 8.08356 8.08356 0.44559 0 
1 1 0 0.192639 1 0 8.07361 8.07361 0.446034 0 
1 1 0 0.193634 1 0 8.06366 8.06366 0.446478 0 
1 1 0 0.194629 1 0 8.05371 8.05371 0.446922 0 
1 1 0 0.195624 1 0 8.04376 8.04376 0.447367 0 
1 1 0 0.196619 1 0 8.03381 8.03381 0.447813 0 
1 1 0 0.197614 1 0 8.02386 8.02386 0.448258 0 
1 1 0 0.198609 1 0 8.01391 8.01391 0.448705 0 
1 1 0 0.199604 1 0 8.00396 8.00396 0.449151 0 
1 1 0 0.2006 1 0 7.994 7.994 0.449598 0 
1 1 0 0.201595 1 0 7.98405 7.98405 0.450046 0 
1 1 0 0.20259 1 0 7.9741 7.9741 0.450494 0 
1 1 0 0.203585 1 0 7.96415 7.96415 0.450943 0 
1 1 0 0.20458 1 0 7.9542 7.9542 0.451391 0 
1 1 0 0.205575 1 0 7.94425 7.94425 0.451841 0 
1 1 0 0.20657 1 0 7.9343 7.9343 0.452291 0 
1 1 0 0.207565 1 0 7.92435 7.92435 0.452741 0 
1 1 0 0.20856 1 0 7.9144 7.9144 0.453192 0 
1 1 0 0.209555 1 0 7.90445 7.90445 0.453643 0 
1 1 0 0.21055 1 0 7.8945 7.8945 0.454094 0 
1 1 0 0.211545 1 0 7.88455 7.88455 0.454546 0 
1 1 0 0.21254 1 0 7.8746 7.8746 0.454999 0 
1 1 0 0.213535 1 0 7.86465 7.86465 0.455452 0 
1 1 0 0.21453 1 0 7.8547 7.8547 0.455905 0 
1 1 0 0.215525 1 0 7.84475 7.84475 0.456359 0 
1 1 0 0.21652 1 0 7.8348 7.8348 0.456814 0 
1 1 0 0.217515 1 0 7.82485 7.82485 0.457268 0 
1 1 0 0.21851 1 0 7.8149 7.8149 0.457724 0 
1 1 0 0.219505 1 0 7.80495 7.80495 0.458179 0 
1 1 0 0.2205 1 0 7.795 7.795 0.458635 0 
1 1 0 0.221495 1 0 7.78505 7.78505 0.459092 0 
1 1 0 0.22249 1 0 7.7751 7.7751 0.459549 0 
1 1 0 0.223485 1 0 7.76515 7.76515 0.460007 0 
1 1 0 0.22448 1 0 7.7552 7.7552 0.460464 0 
1 1 0 0.225475 1 0 7.74525 7.74525 0.460923 0 
1 1 0 0.22647 1 0 7.7353 7.7353 0.461382 0 
1 1 0 0.227466 1 0 7.72534 7.72534 0.461841 0 
1 1 0 0.228461 1 0 7.71539 7.71539 0.462301 0 
1 1 0 0.229456 1 0 7.70544 7.70544 0.462761 0 
1 1 0 0.230451 1 0 7.69549 7.69549 0.463222 0 
1 1 0 0.231446 1 0 7.68554 7.68554 0.463683 0 
1 1 0 0.232441 1 0 7.67559 7.67559 0.464145 0 
1 1 0 0.233436 1 0 7.66564 7.66564 0.464607 0 
1 1 0 0.234431 1 0 7.65569 7.65569 0.465069 0 
1 1 0 0.235426 1 0 7.64574 7.64574 0.465532 0 
1 1 0 0.236421 1 0 7.63579 7.63579 0.465996 0 
1 1 0 0.237416 1 0 7.62584 7.62584 0.466459 0 
1 1 0 0.238411 1 0 7.61589 7.61589 0.466924 0 
1 1 0 0.239406 1 0 7.60594 7.60594 0.467389 0 
1 1 0 0.240401 1 0 7.59599 7.59599 0.467854 0 
1 1 0 0.241396 1 0 7.58604 7.58604 0.46832 0 
1 1 0 0.242391 1 0 7.57609 7.57609 0.468786 0 
1 1 0 0.243386 1 0 7.56614 7.56614 0.469253 0 
1 1 0 0.244381 1 0 7.55619 7.55619 0.46972 0 
1 1 0 0.245376 1 0 7.54624 7.54624 0.470187 0 
1 1 0 0.246371 1 0 7.53629 7.53629 0.470656 0 
1 1 0 0.247366 1 0 7.52634 7.52634 0.471124 0 
1 1 0 0.248361 1 0 7.51639 7.51639 0.471593 0 
1 1 0 0.249356 1 0 7.50644 7.50644 0.472063 0 
1 1 0 0.250351 1 0 7.49649 7.49649 0.472533 0 
1 1 0 0.251346 1 0 7.48654 7.48654 0.473003 0 
1 1 0 0.252341 1 0 7.47659 7.47659 0.473474 0 
1 1 0 0.253336 1 0 7.46664 7.46664 0.473945 0 
1 1 0 0.254332 1 0 7.45668 7.45668 0.474417 0 
1 1 0 0.255327 1 0 7.44673 7.44673 0.474889 0 
1 1 0 0.256322 1 0 7.43678 7.43678 0.475362 0 
1 1 0 0.257317 1 0 7.42683 7.42683 0.475835 0 
1 1 0 0.258312 1 0 7.41688 7.41688 0.476309 0 
1 1 0 0.259307 1 0 7.40693 7.40693 0.476783 0 
1 1 0 0.260302 1 0 7.39698 7.39698 0.477258 0 
1 1 0 0.261297 1 0 7.38703 7.38703 0.477733 0 
1 1 0 0.262292 1 0 7.37708 7.37708 0.478209 0 
1 1 0 0.263287 1 0 7.36713 7.36713 0.478685 0 
1 1 0 0.264282 1 0 7.35718 7.35718 0.479161 0 
1 1 0 0.265277 1 0 7.34723 7.34723 0.479638 0 
1 1 0 0.266272 1 0 7.33728 7.33728 0.480116 0 
1 1 0 0.267267 1 0 7.32733 7.32733 0.480594 0 
1 1 0 0.268262 1 0 7.31738 7.31738 0.481072 0 
1 1 0 0.269257 1 0 7.30743 7.30743 0.481551 0 
1 1 0 0.270252 1 0 7.29748 7.29748 0.482031 0 
1 1 0 0.271247 1 0 7.28753 7.28753 0.48251 0 
1 1 0 0.272242 1 0 7.27758 7.27758 0.482991 0 
1 1 0 0.273237 1 0 7.26763 7.26763 0.483472 0 
1 1 0 0.274232 1 0 7.25768 7.25768 0.483953 0 
1 1 0 0.275227 1 0 7.24773 7.24773 0.484435 0 
1 1 0 0.276222 1 0 7.23778 7.23778 0.484917 0 
1 1 0 0.277217 1 0 7.22783 7.22783 0.4854 0 
1 1 0 0.278212 1 0 7.21788 7.21788 0.485883 0 
1 1 0 0.279207 1 0 7.20793 7.20793 0.486367 0 
1 1 0 0.280203 1 0 7.19797 7.19797 0.486851 0 
1 1 0 0.281198 1 0 7.18802 7.18802 0.487336 0 
1 1 0 0.282193 1 0 7.17807 7.17807 0.487821 0 
1 1 0 0.283188 1 0 7.16812 7.16812 0.488306 0 
1 1 0 0.284183 1 0 7.15817 7.15817 0.488792 0 
1 1 0 0.285178 1 0 7.14822 7.14822 0.489279 0 
1 1 0 0.286173 1 0 7.13827 7.13827 0.489766 0 
1 1 0 0.287168 1 0 7.12832 7.12832 0.490254 0 
1 1 0 0.288163 1 0 7.11837 7.11837 0.490742 0 
1 1 0 0.289158 1 0 7.10842 7.10842 0.49123 0 
1 1 0 0.290153 1 0 7.09847 7.09847 0.491719 0 
1 1 0 0.291148 1 0 7.08852 7.08852 0.492209 0 
1 1 0 0.292143 1 0 7.07857 7.07857 0.492699 0 
1 1 0 0.293138 1 0 7.06862 7.06862 0.493189 0 
1 1 0 0.294133 1 0 7.05867 7.05867 0.49368 0 
1 1 0 0.295128 1 0 7.04872 7.04872 0.494172 0 
1 1 0 0.296123 1 0 7.03877 7.03877 0.494664 0 
1 1 0 0.297118 1 0 7.02882 7.02882 0.495156 0 
1 1 0 0.298113 1 0 7.01887 7.01887 0.495649 0 
1 1 0 0.299108 1 0 7.00892 7.00892 0.496143 0 
1 1 0 0.300103 1 0 6.99897 6.99897 0.496637 0 
1 1 0 0.301098 1 0 6.98902 6.98902 0.497131 0 
1 1 0 0.302093 1 0 6.97907 6.97907 0.497626 0 
1 1 0 0.303088 1 0 6.96912 6.96912 0.498121 0 
1 1 0 0.304083 1 0 6.95917 6.95917 0.498617 0 
1 1 0 0.305078 1 0 6.94922 6.94922 0.499114 0 
1 1 0 0.306073 1 0 6.93927 6.93927 0.49961 0 
1 1 0 0.307069 1 0 6.92931 6.92931 0.500108 0 
1 1 0 0.308064 1 0 6.91936 6.91936 0.500606 0 
1 1 0 0.309059 1 0 6.90941 6.90941 0.501104 0 
1 1 0 0.310054 1 0 6.89946 6.89946 0.501603 0 
1 1 0 0.311049 1 0 6.88951 6.88951 0.502102 0 
1 1 0 0.312044 1 0 6.87956 6.87956 0.502602 0 
1 1 0 0.313039 1 0 6.86961 6.86961 0.503103 0 
1 1 0 0.314034 1 0 6.85966 6.85966 0.503603 0 
1 1 0 0.315029 1 0 6.84971 6.84971 0.504105 0 
1 1 0 0.316024 1 0 6.83976 6.83976 0.504607 0 
1 1 0 0.317019 1 0 6.82981 6.82981 0.505109 0 
1 1 0 0.318014 1 0 6.81986 6.81986 0.505612 0 
1 1 0 0.319009 1 0 6.80991 6.80991 0.506115 0 
1 1 0 0.320004 1 0 6.79996 6.79996 0.506619 0 
1 1 0 0.320999 1 0 6.79001 6.79001 0.507123 0 
1 1 0 0.321994 1 0 6.78006 6.78006 0.507628 0 
1 1 0 0.322989 1 0 6.77011 6.77011 0.508134 0 
1 1 0 0.323984 1 0 6.76016 6.76016 0.508639 0 
1 1 0 0.324979 1 0 6.75021 6.75021 0.509146 0 
1 1 0 0.325974 1 0 6.74026 6.74026 0.509653 0 
1 1 0 0.326969 1 0 6.73031 6.73031 0.51016 0 
1 1 0 0.327964 1 0 6.72036 6.72036 0.510668 0 
1 1 0 0.328959 1 0 6.71041 6.71041 0.511176 0 
1 1 0 0.329954 1 0 6.70046 6.70046 0.511685 0 
1 1 0 0.330949 1 0 6.69051 6.69051 0.512195 0 
1 1 0 0.331944 1 0 6.68056 6.68056 0.512705 0 
1 1 0 0.332939 1 0 6.67061 6.67061 0.513215 0 
1 1 0 0.333935 1 0 6.66065 6.66065 0.513726 0 
1 1 0 0.33493 1 0 6.6507 6.6507 0.514237 0 
1 1 0 0.335925 1 0 6.64075 6.64075 0.514749 0 
1 1 0 0.33692 1 0 6.6308 6.6308 0.515262 0 
1 1 0 0.337915 1 0 6.62085 6.62085 0.515775 0 
1 1 0 0.33891 1 0 6.6109 6.6109 0.516288 0 
1 1 0 0.339905 1 0 6.60095 6.60095 0.516802 0 
1 1 0 0.3409 1 0 6.591 6.591 0.517317 0 
1 1 0 0.341895 1 0 6.58105 6.58105 0.517832 0 
1 1 0 0.34289 1 0 6.5711 6.5711 0.518347 0 
1 1 0 0.343885 1 0 6.56115 6.56115 0.518863 0 
1 1 0 0.34488 1 0 6.5512 6.5512 0.51938 0 
1 1 0 0.345875 1 0 6.54125 6.54125 0.519897 0 
1 1 0 0.34687 1 0 6.5313 6.5313 0.520414 0 
1 1 0 0.347865 1 0 6.52135 6.52135 0.520932 0 
1 1 0 0.34886 1 0 6.5114 6.5114 0.521451 0 
1 1 0 0.349855 1 0 6.50145 6.50145 0.52197 0 
1 1 0 0.35085 1 0 6.4915 6.4915 0.52249 0 
1 1 0 0.351845 1 0 6.48155 6.48155 0.52301 0 
1 1 0 0.35284 1 0 6.4716 6.4716 0.523531 0 
1 1 0 0.353835 1 0 6.46165 6.46165 0.524052 0 
1 1 0 0.35483 1 0 6.4517 6.4517 0.524574 0 
1 1 0 0.355825 1 0 6.44175 6.44175 0.525096 0 
1 1 0 0.35682 1 0 6.4318 6.4318 0.525618 0 
1 1 0 0.357815 1 0 6.42185 6.42185 0.526142 0 
1 1 0 0.35881 1 0 6.4119 6.4119 0.526666 0 
1 1 0 0.359805 1 0 6.40195 6.40195 0.52719 0 
1 1 0 0.360801 1 0 6.39199 6.39199 0.527715 0 
1 1 0 0.361796 1 0 6.38204 6.38204 0.52824 0 
1 1 0 0.362791 1 0 6.37209 6.37209 0.528766 0 
1 1 0 0.363786 1 0 6.36214 6.36214 0.529292 0 
1 1 0 0.364781 1 0 6.35219 6.35219 0.529819 0 
1 1 0 0.365776 1 0 6.34224 6.34224 0.530347 0 
1 1 0 0.366771 1 0 6.33229 6.33229 0.530875 0 
1 1 0 0.367766 1 0 6.32234 6.32234 0.531403 0 
1 1 0 0.368761 1 0 6.31239 6.31239 0.531932 0 
1 1 0 0.369756 1 0 6.30244 6.30244 0.532462 0 
1 1 0 0.370751 1 0 6.29249 6.29249 0.532992 0 
1 1 0 0.371746 1 0 6.28254 6.28254 0.533522 0 
1 1 0 0.372741 1 0 6.27259 6.27259 0.534054 0 
1 1 0 0.373736 1 0 6.26264 6.26264 0.534585 0 
1 1 0 0.374731 1 0 6.25269 6.25269 0.535117 0 
1 1 0 0.375726 1 0 6.24274 6.24274 0.53565 0 
1 1 0 0.376721 1 0 6.23279 6.23279 0.536183 0 
1 1 0 0.377716 1 0 6.22284 6.22284 0.536717 0 
1 1 0 0.378711 1 0 6.21289 6.21289 0.537252 0 
1 1 0 0.379706 1 0 6.20294 6.20294 0.537786 0 
1 1 0 0.380701 1 0 6.19299 6.19299 0.538322 0 
1 1 0 0.381696 1 0 6.18304 6.18304 0.538858 0 
1 1 0 0.382691 1 0 6.17309 6.17309 0.539394 0 
1 1 0 0.383686 1 0 6.16314 6.16314 0.539931 0 
1 1 0 0.384681 1 0 6.15319 6.15319 0.540469 0 
1 1 0 0.385676 1 0 6.14324 6.14324 0.541007 0 
1 1 0 0.386671 1 0 6.13329 6.13329 0.541545 0 
1 1 0 0.387667 1 0 6.12333 6.12333 0.542084 0 
1 1 0 0.388662 1 0 6.11338 6.11338 0.542624 0 
1 1 0 0.389657 1 0 6.10343 6.10343 0.543164 0 
1 1 0 0.390652 1 0 6.09348 6.09348 0.543705 0 
1 1 0 0.391647 1 0 6.08353 6.08353 0.544246 0 
1 1 0 0.392642 1 0 6.07358 6.07358 0.544788 0 
1 1 0 0.393637 1 0 6.06363 6.06363 0.54533 0 
1 1 0 0.394632 1 0 6.05368 6.05368 0.545873 0 
1 1 0 0.395627 1 0 6.04373 6.04373 0.546417 0 
1 1 0 0.396622 1 0 6.03378 6.03378 0.546961 0 
1 1 0 0.397617 1 0 6.02383 6.02383 0.547505 0 
1 1 0 0.398612 1 0 6.01388 6.01388 0.54805 0 
1 1 0 0.399607 1 0 6.00393 6.00393 0.548596 0 
1 1 0 0.400602 1 0 5.99398 5.99398 0.549142 0 
1 1 0 0.401597 1 0 5.98403 5.98403 0.549689 0 
1 1 0 0.402592 1 0 5.97408 5.97408 0.550236 0 
1 1 0 0.403587 1 0 5.96413 5.96413 0.550784 0 
1 1 0 0.404582 1 0 5.95418 5.95418 0.551332 0 
1 1 0 0.405577 1 0 5.94423 5.94423 0.551881 0 
1 1 0 0.406572 1 0 5.93428 5.93428 0.55243 0 
1 1 0 0.407567 1 0 5.92433 5.92433 0.55298 0 
1 1 0 0.408562 1 0 5.91438 5.91438 0.553531 0 
1 1 0 0.409557 1 0 5.90443 5.90443 0.554082 0 
1 1 0 0.410552 1 0 5.89448 5.89448 0.554634 0 
1 1 0 0.411547 1 0 5.88453 5.88453 0.555186 0 
1 1 0 0.412542 1 0 5.87458 5.87458 0.555738 0 
1 1 0 0.413537 1 0 5.86463 5.86463 0.556292 0 
1 1 0 0.414533 1 0 5.85467 5.85467 0.556845 0 
1 1 0 0.415528 1 0 5.84472 5.84472 0.5574 0 
1 1 0 0.416523 1 0 5.83477 5.83477 0.557955 0 
1 1 0 0.417518 1 0 5.82482 5.82482 0.55851 0 
1 1 0 0.418513 1 0 5.81487 5.81487 0.559066 0 
1 1 0 0.419508 1 0 5.80492 5.80492 0.559623 0 
1 1 0 0.420503 1 0 5.79497 5.79497 0.56018 0 
1 1 0 0.421498 1 0 5.78502 5.78502 0.560738 0 
1 1 0 0.422493 1 0 5.77507 5.77507 0.561296 0 
1 1 0 0.423488 1 0 5.76512 5.76512 0.561855 0 
1 1 0 0.424483 1 0 5.75517 5.75517 0.562414 0 
1 1 0 0.425478 1 0 5.74522 5.74522 0.562974 0 
1 1 0 0.426473 1 0 5.73527 5.73527 0.563534 0 
1 1 0 0.427468 1 0 5.72532 5.72532 0.564095 0 
1 1 0 0.428463 1 0 5.71537 5.71537 0.564657 0 
1 1 0 0.429458 1 0 5.70542 5.70542 0.565219 0 
1 1 0 0.430453 1 0 5.69547 5.69547 0.565782 0 
1 1 0 0.431448 1 0 5.68552 5.68552 0.566345 0 
1 1 0 0.432443 1 0 5.67557 5.67557 0.566909 0 
1 1 0 0.433438 1 0 5.66562 5.66562 0.567473 0 
1 1 0 0.434433 1 0 5.65567 5.65567 0.568038 0 
1 1 0 0.435428 1 0 5.64572 5.64572 0.568604 0 
1 1 0 0.436423 1 0 5.63577 5.63577 0.56917 0 
1 1 0 0.437418 1 0 5.62582 5.62582 0.569736 0 
1 1 0 0.438413 1 0 5.61587 5.61587 0.570304 0 
1 1 0 0.439408 1 0 5.60592 5.60592 0.570871 0 
1 1 0 0.440404 1 0 5.59596 5.59596 0.57144 0 
1 1 0 0.441399 1 0 5.58601 5.58601 0.572008 0 
1 1 0 0.442394 1 0 5.57606 5.57606 0.572578 0 
1 1 0 0.443389 1 0 5.56611 5.56611 0.573148 0 
1 1 0 0.444384 1 0 5.55616 5.55616 0.573719 0 
1 1 0 0.445379 1 0 5.54621 5.54621 0.57429 0 
1 1 0 0.446374 1 0 5.53626 5.53626 0.574861 0 
1 1 0 0.447369 1 0 5.52631 5.52631 0.575434 0 
1 1 0 0.448364 1 0 5.51636 5.51636 0.576007 0 
1 1 0 0.449359 1 0 5.50641 5.50641 0.57658 0 
1 1 0 0.450354 1 0 5.49646 5.49646 0.577154 0 
1 1 0 0.451349 1 0 5.48651 5.48651 0.577729 0 
1 1 0 0.452344 1 0 5.47656 5.47656 0.578304 0 
1 1 0 0.453339 1 0 5.46661 5.46661 0.578879 0 
1 1 0 0.454334 1 0 5.45666 5.45666 0.579456 0 
1 1 0 0.455329 1 0 5.44671 5.44671 0.580033 0 
1 1 0 0.456324 1 0 5.43676 5.43676 0.58061 0 
1 1 0 0.457319 1 0 5.42681 5.42681 0.581188 0 
1 1 0 0.458314 1 0 5.41686 5.41686 0.581767 0 
1 1 0 0.459309 1 0 5.40691 5.40691 0.582346 0 
1 1 0 0.460304 1 0 5.39696 5.39696 0.582926 0 
1 1 0 0.461299 1 0 5.38701 5.38701 0.583506 0 
1 1 0 0.462294 1 0 5.37706 5.37706 0.584087 0 
1 1 0 0.463289 1 0 5.36711 5.36711 0.584668 0 
1 1 0 0.464284 1 0 5.35716 5.35716 0.58525 0 
1 1 0 0.465279 1 0 5.34721 5.34721 0.585833 0 
1 1 0 0.466274 1 0 5.33726 5.33726 0.586416 0 
1 1 0 0.46727 1 0 5.3273 5.3273 0.587 0 
1 1 0 0.468265 1 0 5.31735 5.31735 0.587584 0 
1 1 0 0.46926 1 0 5.3074 5.3074 0.588169 0 
1 1 0 0.470255 1 0 5.29745 5.29745 0.588755 0 
1 1 0 0.47125 1 0 5.2875 5.2875 0.589341 0 
1 1 0 0.472245 1 0 5.27755 5.27755 0.589928 0 
1 1 0 0.47324 1 0 5.2676 5.2676 0.590515 0 
1 1 0 0.474235 1 0 5.25765 5.25765 0.591103 0 
1 1 0 0.47523 1 0 5.2477 5.2477 0.591691 0 
1 1 0 0.476225 1 0 5.23775 5.23775 0.59228 0 
1 1 0 0.47722 1 0 5.2278 5.2278 0.59287 0 
1 1 0 0.478215 1 0 5.21785 5.21785 0.59346 0 
1 1 0 0.47921 1 0 5.2079 5.2079 0.594051 0 
1 1 0 0.480205 1 0 5.19795 5.19795 0.594642 0 
1 1 0 0.4812 1 0 5.188 5.188 0.595234 0 
1 1 0 0.482195 1 0 5.17805 5.17805 0.595827 0 
1 1 0 0.48319 1 0 5.1681 5.1681 0.59642 0 
1 1 0 0.484185 1 0 5.15815 5.15815 0.597014 0 
1 1 0 0.48518 1 0 5.1482 5.1482 0.597608 0 
1 1 0 0.486175 1 0 5.13825 5.13825 0.598203 0 
1 1 0 0.48717 1 0 5.1283 5.1283 0.598799 0 
1 1 0 0.488165 1 0 5.11835 5.11835 0.599395 0 
1 1 0 0.48916 1 0 5.1084 5.1084 0.599992 0 
1 1 0 0.490155 1 0 5.09845 5.09845 0.600589 0 
1 1 0 0.49115 1 0 5.0885 5.0885 0.601187 0 
1 1 0 0.492145 1 0 5.07855 5.07855 0.601785 0 
1 1 0 0.49314 1 0 5.0686 5.0686 0.602384 0 
1 1 0 0.494136 1 0 5.05864 5.05864 0.602984 0 
1 1 0 0.495131 1 0 5.04869 5.04869 0.603584 0 
1 1 0 0.496126 1 0 5.03874 5.03874 0.604185 0 
1 1 0 0.497121 1 0 5.02879 5.02879 0.604787 0 
1 1 0 0.498116 1 0 5.01884 5.01884 0.605389 0 
1 1 0 0.499111 1 0 5.00889 5.00889 0.605992 0 
1 1 0 0.500106 1 0 4.99894 4.99894 0.606595 0 
1 1 0 0.501101 1 0 4.98899 4.98899 0.607199 0 
1 1 0 0.502096 1 0 4.97904 4.97904 0.607803 0 
1 1 0 0.503091 1 0 4.96909 4.96909 0.608408 0 
1 1 0 0.504086 1 0 4.95914 4.95914 0.609014 0 
1 1 0 0.505081 1 0 4.94919 4.94919 0.60962 0 
1 1 0 0.506076 1 0 4.93924 4.93924 0.610227 0 
1 1 0 0.507071 1 0 4.92929 4.92929 0.610835 0 
1 1 0 0.508066 1 0 4.91934 4.91934 0.611443 0 
1 1 0 0.509061 1 0 4.90939 4.90939 0.612051 0 
1 1 0 0.510056 1 0 4.89944 4.89944 0.612661 0 
1 1 0 0.511051 1 0 4.88949 4.88949 0.613271 0 
1 1 0 0.512046 1 0 4.87954 4.87954 0.613881 0 
1 1 0 0.513041 1 0 4.86959 4.86959 0.614492 0 
1 1 0 0.514036 1 0 4.85964 4.85964 0.615104 0 
1 1 0 0.515031 1 0 4.84969 4.84969 0.615716 0 
1 1 0 0.516026 1 0 4.83974 4.83974 0.616329 0 
1 1 0 0.517021 1 0 4.82979 4.82979 0.616943 0 
1 1 0 0.518016 1 0 4.81984 4.81984 0.617557 0 
1 1 0 0.519011 1 0 4.80989 4.80989 0.618172 0 
1 1 0 0.520006 1 0 4.79994 4.79994 0.618787 0 
1 1 0 0.521002 1 0 4.78998 4.78998 0.619403 0 
1 1 0 0.521997 1 0 4.78003 4.78003 0.62002 0 
1 1 0 0.522992 1 0 4.77008 4.77008 0.620637 0 
1 1 0 0.523987 1 0 4.76013 4.76013 0.621255 0 
1 1 0 0.524982 1 0 4.75018 4.75018 0.621874 0 
1 1 0 0.525977 1 0 4.74023 4.74023 0.622493 0 
1 1 0 0.526972 1 0 4.73028 4.73028 0.623112 0 
1 1 0 0.527967 1 0 4.72033 4.72033 0.623733 0 
1 1 0 0.528962 1 0 4.71038 4.71038 0.624354 0 
1 1 0 0.529957 1 0 4.70043 4.70043 0.624975 0 
1 1 0 0.530952 1 0 4.69048 4.69048 0.625597 0 
1 1 0 0.531947 1 0 4.68053 4.68053 0.62622 0 
1 1 0 0.532942 1 0 4.67058 4.67058 0.626844 0 
1 1 0 0.533937 1 0 4.66063 4.66063 0.627468 0 
1 1 0 0.534932 1 0 4.65068 4.65068 0.628092 0 
1 1 0 0.535927 1 0 4.64073 4.64073 0.628718 0 
1 1 0 0.536922 1 0 4.63078 4.63078 0.629344 0 
1 1 0 0.537917 1 0 4.62083 4.62083 0.62997 0 
1 1 0 0.538912 1 0 4.61088 4.61088 0.630597 0 
1 1 0 0.539907 1 0 4.60093 4.60093 0.631225 0 
1 1 0 0.540902 1 0 4.59098 4.59098 0.631853 0 
1 1 0 0.541897 1 0 4.58103 4.58103 0.632483 0 
1 1 0 0.542892 1 0 4.57108 4.57108 0.633112 0 
1 1 0 0.543887 1 0 4.56113 4.56113 0.633742 0 
1 1 0 0.544882 1 0 4.55118 4.55118 0.634373 0 
1 1 0 0.545877 1 0 4.54123 4.54123 0.635005 0 
1 1 0 0.546872 1 0 4.53128 4.53128 0.635637 0 
1 1 0 0.547868 1 0 4.52132 4.52132 0.63627 0 
1 1 0 0.548863 1 0 4.51137 4.51137 0.636903 0 
1 1 0 0.549858 1 0 4.50142 4.50142 0.637537 0 
1 1 0 0.550853 1 0 4.49147 4.49147 0.638172 0 
1 1 0 0.551848 1 0 4.48152 4.48152 0.638807 0 
1 1 0 0.552843 1 0 4.47157 4.47157 0.639443 0 
1 1 0 0.553838 1 0 4.46162 4.46162 0.64008 0 
1 1 0 0.554833 1 0 4.45167 4.45167 0.640717 0 
1 1 0 0.555828 1 0 4.44172 4.44172 0.641355 0 
1 1 0 0.556823 1 0 4.43177 4.43177 0.641993 0 
1 1 0 0.557818 1 0 4.42182 4.42182 0.642633 0 
1 1 0 0.558813 1 0 4.41187 4.41187 0.643272 0 
1 1 0 0.559808 1 0 4.40192 4.40192 0.643913 0 
1 1 0 0.560803 1 0 4.39197 4.39197 0.644554 0 
1 1 0 0.561798 1 0 4.38202 4.38202 0.645195 0 
1 1 0 0.562793 1 0 4.37207 4.37207 0.645838 0 
1 1 0 0.563788 1 0 4.36212 4.36212 0.646481 0 
1 1 0 0.564783 1 0 4.35217 4.35217 0.647124 0 
1 1 0 0.565778 1 0 4.34222 4.34222 0.647769 0 
1 1 0 0.566773 1 0 4.33227 4.33227 0.648413 0 
1 1 0 0.567768 1 0 4.32232 4.32232 0.649059 0 
1 1 0 0.568763 1 0 4.31237 4.31237 0.649705 0 
1 1 0 0.569758 1 0 4.30242 4.30242 0.650352 0 
1 1 0 0.570753 1 0 4.29247 4.29247 0.650999 0 
1 1 0 0.571748 1 0 4.28252 4.28252 0.651647 0 
1 1 0 0.572743 1 0 4.27257 4.27257 0.652296 0 
1 1 0 0.573739 1 0 4.26261 4.26261 0.652946 0 
1 1 0 0.574734 1 0 4.25266 4.25266 0.653596 0 
1 1 0 0.575729 1 0 4.24271 4.24271 0.654246 0 
1 1 0 0.576724 1 0 4.23276 4.23276 0.654898 0 
1 1 0 0.577719 1 0 4.22281 4.22281 0.65555 0 
1 1 0 0.578714 1 0 4.21286 4.21286 0.656202 0 
1 1 0 0.579709 1 0 4.20291 4.20291 0.656855 0 
1 1 0 0.580704 1 0 4.19296 4.19296 0.657509 0 
1 1 0 0.581699 1 0 4.18301 4.18301 0.658164 0 
1 1 0 0.582694 1 0 4.17306 4.17306 0.658819 0 
1 1 0 0.583689 1 0 4.16311 4.16311 0.659475 0 
1 1 0 0.584684 1 0 4.15316 4.15316 0.660132 0 
1 1 0 0.585679 1 0 4.14321 4.14321 0.660789 0 
1 1 0 0.586674 1 0 4.13326 4.13326 0.661447 0 
1 1 0 0.587669 1 0 4.12331 4.12331 0.662105 0 
1 1 0 0.588664 1 0 4.11336 4.11336 0.662764 0 
1 1 0 0.589659 1 0 4.10341 4.10341 0.663424 0 
1 1 0 0.590654 1 0 4.09346 4.09346 0.664085 0 
1 1 0 0.591649 1 0 4.08351 4.08351 0.664746 0 
1 1 0 0.592644 1 0 4.07356 4.07356 0.665407 0 
1 1 0 0.593639 1 0 4.06361 4.06361 0.66607 0 
1 1 0 0.594634 1 0 4.05366 4.05366 0.666733 0 
1 1 0 0.595629 1 0 4.04371 4.04371 0.667397 0 
1 1 0 0.596624 1 0 4.03376 4.03376 0.668061 0 
1 1 0 0.597619 1 0 4.02381 4.02381 0.668726 0 
1 1 0 0.598614 1 0 4.01386 4.01386 0.669392 0 
1 1 0 0.599609 1 0 4.00391 4.00391 0.670058 0 
1 1 0 0.600605 1 0 3.99395 3.99395 0.670725 0 
1 1 0 0.6016 1 0 3.984 3.984 0.671393 0 
1 1 0 0.602595 1 0 3.97405 3.97405 0.672062 0 
1 1 0 0.60359 1 0 3.9641 3.9641 0.672731 0 
1 1 0 0.604585 1 0 3.95415 3.95415 0.6734 0 
1 1 0 0.60558 1 0 3.9442 3.9442 0.674071 0 
1 1 0 0.606575 1 0 3.93425 3.93425 0.674742 0 
1 1 0 0.60757 1 0 3.9243 3.9243 0.675413 0 
1 1 0 0.608565 1 0 3.91435 3.91435 0.676086 0 
1 1 0 0.60956 1 0 3.9044 3.9044 0.676759 0 
1 1 0 0.610555 1 0 3.89445 3.89445 0.677433 0 
1 1 0 0.61155 1 0 3.8845 3.8845 0.678107 0 
1 1 0 0.612545 1 0 3.87455 3.87455 0.678782 0 
1 1 0 0.61354 1 0 3.8646 3.8646 0.679458 0 
1 1 0 0.614535 1 0 3.85465 3.85465 0.680134 0 
1 1 0 0.61553 1 0 3.8447 3.8447 0.680811 0 
1 1 0 0.616525 1 0 3.83475 3.83475 0.681489 0 
1 1 0 0.61752 1 0 3.8248 3.8248 0.682168 0 
1 1 0 0.618515 1 0 3.81485 3.81485 0.682847 0 
1 1 0 0.61951 1 0 3.8049 3.8049 0.683527 0 
1 1 0 0.620505 1 0 3.79495 3.79495 0.684207 0 
1 1 0 0.6215 1 0 3.785 3.785 0.684888 0 
1 1 0 0.622495 1 0 3.77505 3.77505 0.68557 0 
1 1 0 0.62349 1 0 3.7651 3.7651 0.686253 0 
1 1 0 0.624485 1 0 3.75515 3.75515 0.686936 0 
1 1 0 0.62548 1 0 3.7452 3.7452 0.68762 0 
1 1 0 0.626475 1 0 3.73525 3.73525 0.688304 0 
1 1 0 0.627471 1 0 3.72529 3.72529 0.688989 0 
1 1 0 0.628466 1 0 3.71534 3.71534 0.689675 0 
1 1 0 0.629461 1 0 3.70539 3.70539 0.690362 0 
1 1 0 0.630456 1 0 3.69544 3.69544 0.691049 0 
1 1 0 0.631451 1 0 3.68549 3.68549 0.691737 0 
1 1 0 0.632446 1 0 3.67554 3.67554 0.692426 0 
1 1 0 0.633441 1 0 3.66559 3.66559 0.693115 0 
1 1 0 0.634436 1 0 3.65564 3.65564 0.693805 0 
1 1 0 0.635431 1 0 3.64569 3.64569 0.694496 0 
1 1 0 0.636426 1 0 3.63574 3.63574 0.695187 0 
1 1 0 0.637421 1 0 3.62579 3.62579 0.695879 0 
1 1 0 0.638416 1 0 3.61584 3.61584 0.696572 0 
1 1 0 0.639411 1 0 3.60589 3.60589 0.697265 0 
1 1 0 0.640406 1 0 3.59594 3.59594 0.69796 0 
1 1 0 0.641401 1 0 3.58599 3.58599 0.698654 0 
1 1 0 0.642396 1 0 3.57604 3.57604 0.69935 0 
1 1 0 0.643391 1 0 3.56609 3.56609 0.700046 0 
1 1 0 0.644386 1 0 3.55614 3.55614 0.700743 0 
1 1 0 0.645381 1 0 3.54619 3.54619 0.701441 0 
1 1 0 0.646376 1 0 3.53624 3.53624 0.702139 0 
1 1 0 0.647371 1 0 3.52629 3.52629 0.702838 0 
1 1 0 0.648366 1 0 3.51634 3.51634 0.703538 0 
1 1 0 0.649361 1 0 3.50639 3.50639 0.704238 0 
1 1 0 0.650356 1 0 3.49644 3.49644 0.704939 0 
1 1 0 0.651351 1 0 3.48649 3.48649 0.705641 0 
1 1 0 0.652346 1 0 3.47654 3.47654 0.706344 0 
1 1 0 0.653341 1 0 3.46659 3.46659 0.707047 0 
1 1 0 0.654337 1 0 3.45663 3.45663 0.707751 0 
1 1 0 0.655332 1 0 3.44668 3.44668 0.708455 0 
1 1 0 0.656327 1 0 3.43673 3.43673 0.70916 0 
1 1 0 0.657322 1 0 3.42678 3.42678 0.709866 0 
1 1 0 0.658317 1 0 3.41683 3.41683 0.710573 0 
1 1 0 0.659312 1 0 3.40688 3.40688 0.711281 0 
1 1 0 0.660307 1 0 3.39693 3.39693 0.711989 0 
1 1 0 0.661302 1 0 3.38698 3.38698 0.712697 0 
1 1 0 0.662297 1 0 3.37703 3.37703 0.713407 0 
1 1 0 0.663292 1 0 3.36708 3.36708 0.714117 0 
1 1 0 0.664287 1 0 3.35713 3.35713 0.714828 0 
1 1 0 0.665282 1 0 3.34718 3.34718 0.71554 0 
1 1 0 0.666277 1 0 3.33723 3.33723 0.716252 0 
1 1 0 0.667272 1 0 3.32728 3.32728 0.716965 0 
1 1 0 0.668267 1 0 3.31733 3.31733 0.717679 0 
1 1 0 0.669262 1 0 3.30738 3.30738 0.718393 0 
1 1 0 0.670257 1 0 3.29743 3.29743 0.719109 0 
1 1 0 0.671252 1 0 3.28748 3.28748 0.719825 0 
1 1 0 0.672247 1 0 3.27753 3.27753 0.720541 0 
1 1 0 0.673242 1 0 3.26758 3.26758 0.721258 0 
1 1 0 0.674237 1 0 3.25763 3.25763 0.721976 0 
1 1 0 0.675232 1 0 3.24768 3.24768 0.722695 0 
1 1 0 0.676227 1 0 3.23773 3.23773 0.723415 0 
1 1 0 0.677222 1 0 3.22778 3.22778 0.724135 0 
1 1 0 0.678217 1 0 3.21783 3.21783 0.724856 0 
1 1 0 0.679212 1 0 3.20788 3.20788 0.725577 0 
1 1 0 0.680207 1 0 3.19793 3.19793 0.7263 0 
1 1 0 0.681203 1 0 3.18797 3.18797 0.727023 0 
1 1 0 0.682198 1 0 3.17802 3.17802 0.727747 0 
1 1 0 0.683193 1 0 3.16807 3.16807 0.728471 0 
1 1 0 0.684188 1 0 3.15812 3.15812 0.729196 0 
1 1 0 0.685183 1 0 3.14817 3.14817 0.729922 0 
1 1 0 0.686178 1 0 3.13822 3.13822 0.730649 0 
1 1 0 0.687173 1 0 3.12827 3.12827 0.731376 0 
1 1 0 0.688168 1 0 3.11832 3.11832 0.732104 0 
1 1 0 0.689163 1 0 3.10837 3.10837 0.732833 0 
1 1 0 0.690158 1 0 3.09842 3.09842 0.733563 0 
1 1 0 0.691153 1 0 3.08847 3.08847 0.734293 0 
1 1 0 0.692148 1 0 3.07852 3.07852 0.735024 0 
1 1 0 0.693143 1 0 3.06857 3.06857 0.735756 0 
1 1 0 0.694138 1 0 3.05862 3.05862 0.736488 0 
1 1 0 0.695133 1 0 3.04867 3.04867 0.737221 0 
1 1 0 0.696128 1 0 3.03872 3.03872 0.737955 0 
1 1 0 0.697123 1 0 3.02877 3.02877 0.73869 0 
1 1 0 0.698118 1 0 3.01882 3.01882 0.739425 0 
1 1 0 0.699113 1 0 3.00887 3.00887 0.740162 0 
1 1 0 0.700108 1 0 2.99892 2.99892 0.740898 0 
1 1 0 0.701103 1 0 2.98897 2.98897 0.741636 0 
1 1 0 0.702098 1 0 2.97902 2.97902 0.742374 0 
1 1 0 0.703093 1 0 2.96907 2.96907 0.743113 0 
1 1 0 0.704088 1 0 2.95912 2.95912 0.743853 0 
1 1 0 0.705083 1 0 2.94917 2.94917 0.744594 0 
1 1 0 0.706078 1 0 2.93922 2.93922 0.745335 0 
1 1 0 0.707073 1 0 2.92927 2.92927 0.746077 0 
1 1 0 0.708069 1 0 2.91931 2.91931 0.74682 0 
1 1 0 0.709064 1 0 2.90936 2.90936 0.747563 0 
1 1 0 0.710059 1 0 2.89941 2.89941 0.748307 0 
1 1 0 0.711054 1 0 2.88946 2.88946 0.749052 0 
1 1 0 0.712049 1 0 2.87951 2.87951 0.749798 0 
1 1 0 0.713044 1 0 2.86956 2.86956 0.750545 0 
1 1 0 0.714039 1 0 2.85961 2.85961 0.751292 0 
1 1 0 0.715034 1 0 2.84966 2.84966 0.75204 0 
1 1 0 0.716029 1 0 2.83971 2.83971 0.752788 0 
1 1 0 0.717024 1 0 2.82976 2.82976 0.753538 0 
1 1 0 0.718019 1 0 2.81981 2.81981 0.754288 0 
1 1 0 0.719014 1 0 2.80986 2.80986 0.755039 0 
1 1 0 0.720009 1 0 2.79991 2.79991 0.755791 0 
1 1 0 0.721004 1 0 2.78996 2.78996 0.756543 0 
1 1 0 0.721999 1 0 2.78001 2.78001 0.757296 0 
1 1 0 0.722994 1 0 2.77006 2.77006 0.75805 0 
1 1 0 0.723989 1 0 2.76011 2.76011 0.758805 0 
1 1 0 0.724984 1 0 2.75016 2.75016 0.75956 0 
1 1 0 0.725979 1 0 2.74021 2.74021 0.760316 0 
1 1 0 0.726974 1 0 2.73026 2.73026 0.761073 0 
1 1 0 0.727969 1 0 2.72031 2.72031 0.761831 0 
1 1 0 0.728964 1 0 2.71036 2.71036 0.762589 0 
1 1 0 0.729959 1 0 2.70041 2.70041 0.763348 0 
1 1 0 0.730954 1 0 2.69046 2.69046 0.764108 0 
1 1 0 0.731949 1 0 2.68051 2.68051 0.764869 0 
1 1 0 0.732944 1 0 2.67056 2.67056 0.765631 0 
1 1 0 0.73394 1 0 2.6606 2.6606 0.766393 0 
1 1 0 0.734935 1 0 2.65065 2.65065 0.767156 0 
1 1 0 0.73593 1 0 2.6407 2.6407 0.767919 0 
1 1 0 0.736925 1 0 2.63075 2.63075 0.768684 0 
1 1 0 0.73792 1 0 2.6208 2.6208 0.769449 0 
1 1 0 0.738915 1 0 2.61085 2.61085 0.770215 0 
1 1 0 0.73991 1 0 2.6009 2.6009 0.770982 0 
1 1 0 0.740905 1 0 2.59095 2.59095 0.77175 0 
1 1 0 0.7419 1 0 2.581 2.581 0.772518 0 
1 1 0 0.742895 1 0 2.57105 2.57105 0.773287 0 
1 1 0 0.74389 1 0 2.5611 2.5611 0.774057 0 
1 1 0 0.744885 1 0 2.55115 2.55115 0.774827 0 
1 1 0 0.74588 1 0 2.5412 2.5412 0.775599 0 
1 1 0 0.746875 1 0 2.53125 2.53125 0.776371 0 
1 1 0 0.74787 1 0 2.5213 2.5213 0.777144 0 
1 1 0 0.748865 1 0 2.51135 2.51135 0.777917 0 
1 1 0 0.74986 1 0 2.5014 2.5014 0.778692 0 
1 1 0 0.750855 1 0 2.49145 2.49145 0.779467 0 
1 1 0 0.75185 1 0 2.4815 2.4815 0.780243 0 
1 1 0 0.752845 1 0 2.47155 2.47155 0.78102 0 
1 1 0 0.75384 1 0 2.4616 2.4616 0.781797 0 
1 1 0 0.754835 1 0 2.45165 2.45165 0.782576 0 
1 1 0 0.75583 1 0 2.4417 2.4417 0.783355 0 
1 1 0 0.756825 1 0 2.43175 2.43175 0.784135 0 
1 1 0 0.75782 1 0 2.4218 2.4218 0.784915 0 
1 1 0 0.758815 1 0 2.41185 2.41185 0.785697 0 
1 1 0 0.75981 1 0 2.4019 2.4019 0.786479 0 
1 1 0 0.760806 1 0 2.39194 2.39194 0.787262 0 
1 1 0 0.761801 1 0 2.38199 2.38199 0.788045 0 
1 1 0 0.762796 1 0 2.37204 2.37204 0.78883 0 
1 1 0 0.763791 1 0 2.36209 2.36209 0.789615 0 
1 1 0 0.764786 1 0 2.35214 2.35214 0.790401 0 
1 1 0 0.765781 1 0 2.34219 2.34219 0.791188 0 
1 1 0 0.766776 1 0 2.33224 2.33224 0.791976 0 
1 1 0 0.767771 1 0 2.32229 2.32229 0.792764 0 
1 1 0 0.768766 1 0 2.31234 2.31234 0.793554 0 
1 1 0 0.769761 1 0 2.30239 2.30239 0.794344 0 
1 1 0 0.770756 1 0 2.29244 2.29244 0.795134 0 
1 1 0 0.771751 1 0 2.28249 2.28249 0.795926 0 
1 1 0 0.772746 1 0 2.27254 2.27254 0.796718 0 
1 1 0 0.773741 1 0 2.26259 2.26259 0.797512 0 
1 1 0 0.774736 1 0 2.25264 2.25264 0.798305 0 
1 1 0 0.775731 1 0 2.24269 2.24269 0.7991 0 
1 1 0 0.776726 1 0 2.23274 2.23274 0.799896 0 
1 1 0 0.777721 1 0 2.22279 2.22279 0.800692 0 
1 1 0 0.778716 1 0 2.21284 2.21284 0.801489 0 
1 1 0 0.779711 1 0 2.20289 2.20289 0.802287 0 
1 1 0 0.780706 1 0 2.19294 2.19294 0.803086 0 
1 1 0 0.781701 1 0 2.18299 2.18299 0.803885 0 
1 1 0 0.782696 1 0 2.17304 2.17304 0.804686 0 
1 1 0 0.783691 1 0 2.16309 2.16309 0.805487 0 
1 1 0 0.784686 1 0 2.15314 2.15314 0.806289 0 
1 1 0 0.785681 1 0 2.14319 2.14319 0.807091 0 
1 1 0 0.786676 1 0 2.13324 2.13324 0.807895 0 
1 1 0 0.787672 1 0 2.12328 2.12328 0.808699 0 
1 1 0 0.788667 1 0 2.11333 2.11333 0.809504 0 
1 1 0 0.789662 1 0 2.10338 2.10338 0.81031 0 
1 1 0 0.790657 1 0 2.09343 2.09343 0.811117 0 
1 1 0 0.791652 1 0 2.08348 2.08348 0.811924 0 
1 1 0 0.792647 1 0 2.07353 2.07353 0.812732 0 
1 1 0 0.793642 1 0 2.06358 2.06358 0.813542 0 
1 1 0 0.794637 1 0 2.05363 2.05363 0.814351 0 
1 1 0 0.795632 1 0 2.04368 2.04368 0.815162 0 
1 1 0 0.796627 1 0 2.03373 2.03373 0.815974 0 
1 1 0 0.797622 1 0 2.02378 2.02378 0.816786 0 
1 1 0 0.798617 1 0 2.01383 2.01383 0.817599 0 
1 1 0 0.799612 1 0 2.00388 2.00388 0.818413 0 
1 1 0 0.800607 1 0 1.99393 1.99393 0.819228 0 
1 1 0 0.801602 1 0 1.98398 1.98398 0.820043 0 
1 1 0 0.802597 1 0 1.97403 1.97403 0.82086 0 
1 1 0 0.803592 1 0 1.96408 1.96408 0.821677 0 
1 1 0 0.804587 1 0 1.95413 1.95413 0.822495 0 
1 1 0 0.805582 1 0 1.94418 1.94418 0.823314 0 
1 1 0 0.806577 1 0 1.93423 1.93423 0.824133 0 
1 1 0 0.807572 1 0 1.92428 1.92428 0.824954 0 
1 1 0 0.808567 1 0 1.91433 1.91433 0.825775 0 
1 1 0 0.809562 1 0 1.90438 1.90438 0.826597 0 
1 1 0 0.810557 1 0 1.89443 1.89443 0.82742 0 
1 1 0 0.811552 1 0 1.88448 1.88448 0.828244 0 
1 1 0 0.812547 1 0 1.87453 1.87453 0.829068 0 
1 1 0 0.813542 1 0 1.86458 1.86458 0.829894 0 
1 1 0 0.814538 1 0 1.85462 1.85462 0.83072 0 
1 1 0 0.815533 1 0 1.84467 1.84467 0.831547 0 
1 1 0 0.816528 1 0 1.83472 1.83472 0.832375 0 
1 1 0 0.817523 1 0 1.82477 1.82477 0.833204 0 
1 1 0 0.818518 1 0 1.81482 1.81482 0.834033 0 
1 1 0 0.819513 1 0 1.80487 1.80487 0.834863 0 
1 1 0 0.820508 1 0 1.79492 1.79492 0.835694 0 
1 1 0 0.821503 1 0 1.78497 1.78497 0.836526 0 
1 1 0 0.822498 1 0 1.77502 1.77502 0.837359 0 
1 1 0 0.823493 1 0 1.76507 1.76507 0.838193 0 
1 1 0 0.824488 1 0 1.75512 1.75512 0.839027 0 
1 1 0 0.825483 1 0 1.74517 1.74517 0.839863 0 
1 1 0 0.826478 1 0 1.73522 1.73522 0.840699 0 
1 1 0 0.827473 1 0 1.72527 1.72527 0.841536 0 
1 1 0 0.828468 1 0 1.71532 1.71532 0.842373 0 
1 1 0 0.829463 1 0 1.70537 1.70537 0.843212 0 
1 1 0 0.830458 1 0 1.69542 1.69542 0.844051 0 
1 1 0 0.831453 1 0 1.68547 1.68547 0.844892 0 
1 1 0 0.832448 1 0 1.67552 1.67552 0.845733 0 
1 1 0 0.833443 1 0 1.66557 1.66557 0.846575 0 
1 1 0 0.834438 1 0 1.65562 1.65562 0.847418 0 
1 1 0 0.835433 1 0 1.64567 1.64567 0.848261 0 
1 1 0 0.836428 1 0 1.63572 1.63572 0.849106 0 
1 1 0 0.837423 1 0 1.62577 1.62577 0.849951 0 
1 1 0 0.838418 1 0 1.61582 1.61582 0.850797 0 
1 1 0 0.839413 1 0 1.60587 1.60587 0.851644 0 
1 1 0 0.840408 1 0 1.59592 1.59592 0.852492 0 
1 1 0 0.841404 1 0 1.58596 1.58596 0.853341 0 
1 1 0 0.842399 1 0 1.57601 1.57601 0.85419 0 
1 1 0 0.843394 1 0 1.56606 1.56606 0.855041 0 
1 1 0 0.844389 1 0 1.55611 1.55611 0.855892 0 
1 1 0 0.845384 1 0 1.54616 1.54616 0.856744 0 
1 1 0 0.846379 1 0 1.53621 1.53621 0.857597 0 
1 1 0 0.847374 1 0 1.52626 1.52626 0.858451 0 
1 1 0 0.848369 1 0 1.51631 1.51631 0.859305 0 
1 1 0 0.849364 1 0 1.50636 1.50636 0.860161 0 
1 1 0 0.850359 1 0 1.49641 1.49641 0.861017 0 
1 1 0 0.851354 1 0 1.48646 1.48646 0.861874 0 
1 1 0 0.852349 1 0 1.47651 1.47651 0.862732 0 
1 1 0 0.853344 1 0 1.46656 1.46656 0.863591 0 
1 1 0 0.854339 1 0 1.45661 1.45661 0.864451 0 
1 1 0 0.855334 1 0 1.44666 1.44666 0.865311 0 
1 1 0 0.856329 1 0 1.43671 1.43671 0.866173 0 
1 1 0 0.857324 1 0 1.42676 1.42676 0.867035 0 
1 1 0 0.858319 1 0 1.41681 1.41681 0.867898 0 
1 1 0 0.859314 1 0 1.40686 1.40686 0.868762 0 
1 1 0 0.860309 1 0 1.39691 1.39691 0.869627 0 
1 1 0 0.861304 1 0 1.38696 1.38696 0.870493 0 
1 1 0 0.862299 1 0 1.37701 1.37701 0.871359 0 
1 1 0 0.863294 1 0 1.36706 1.36706 0.872227 0 
1 1 0 0.864289 1 0 1.35711 1.35711 0.873095 0 
1 1 0 0.865284 1 0 1.34716 1.34716 0.873964 0 
1 1 0 0.866279 1 0 1.33721 1.33721 0.874835 0 
1 1 0 0.867275 1 0 1.32725 1.32725 0.875705 0 
1 1 0 0.86827 1 0 1.3173 1.3173 0.876577 0 
1 1 0 0.869265 1 0 1.30735 1.30735 0.87745 0 
1 1 0 0.87026 1 0 1.2974 1.2974 0.878323 0 
1 1 0 0.871255 1 0 1.28745 1.28745 0.879198 0 
1 1 0 0.87225 1 0 1.2775 1.2775 0.880073 0 
1 1 0 0.873245 1 0 1.26755 1.26755 0.880949 0 
1 1 0 0.87424 1 0 1.2576 1.2576 0.881826 0 
1 1 0 0.875235 1 0 1.24765 1.24765 0.882704 0 
1 1 0 0.87623 1 0 1.2377 1.2377 0.883583 0 
1 1 0 0.877225 1 0 1.22775 1.22775 0.884463 0 
1 1 0 0.87822 1 0 1.2178 1.2178 0.885343 0 
1 1 0 0.879215 1 0 1.20785 1.20785 0.886224 0 
1 1 0 0.88021 1 0 1.1979 1.1979 0.887107 0 
1 1 0 0.881205 1 0 1.18795 1.18795 0.88799 0 
1 1 0 0.8822 1 0 1.178 1.178 0.888874 0 
1 1 0 0.883195 1 0 1.16805 1.16805 0.889759 0 
1 1 0 0.88419 1 0 1.1581 1.1581 0.890645 0 
1 1 0 0.885185 1 0 1.14815 1.14815 0.891531 0 
1 1 0 0.88618 1 0 1.1382 1.1382 0.892419 0 
1 1 0 0.887175 1 0 1.12825 1.12825 0.893307 0 
1 1 0 0.88817 1 0 1.1183 1.1183 0.894197 0 
1 1 0 0.889165 1 0 1.10835 1.10835 0.895087 0 
1 1 0 0.89016 1 0 1.0984 1.0984 0.895978 0 
1 1 0 0.891155 1 0 1.08845 1.08845 0.89687 0 
1 1 0 0.89215 1 0 1.0785 1.0785 0.897763 0 
1 1 0 0.893145 1 0 1.06855 1.06855 0.898656 0 
1 1 0 0.894141 1 0 1.05859 1.05859 0.899551 0 
1 1 0 0.895136 1 0 1.04864 1.04864 0.900447 0 
1 1 0 0.896131 1 0 1.03869 1.03869 0.901343 0 
1 1 0 0.897126 1 0 1.02874 1.02874 0.90224 0 
1 1 0 0.898121 1 0 1.01879 1.01879 0.903139 0 
1 1 0 0.899116 1 0 1.00884 1.00884 0.904038 0 
1 1 0 0.900111 1 0 0.998893 0.998893 0.904938 0 
1 1 0 0.901106 1 0 0.988942 0.988942 0.905839 0 
1 1 0 0.902101 1 0 0.978992 0.978992 0.90674 0 
1 1 0 0.903096 1 0 0.969042 0.969042 0.907643 0 
1 1 0 0.904091 1 0 0.959091 0.959091 0.908547 0 
1 1 0 0.905086 1 0 0.949141 0.949141 0.909451 0 
1 1 0 0.906081 1 0 0.93919 0.93919 0.910356 0 
1 1 0 0.907076 1 0 0.92924 0.92924 0.911263 0 
1 1 0 0.908071 1 0 0.91929 0.91929 0.91217 0 
1 1 0 0.909066 1 0 0.909339 0.909339 0.913078 0 
1 1 0 0.910061 1 0 0.899389 0.899389 0.913987 0 
1 1 0 0.911056 1 0 0.889439 0.889439 0.914897 0 
1 1 0 0.912051 1 0 0.879488 0.879488 0.915808 0 
1 1 0 0.913046 1 0 0.869538 0.869538 0.916719 0 
1 1 0 0.914041 1 0 0.859587 0.859587 0.917632 0 
1 1 0 0.915036 1 0 0.849637 0.849637 0.918546 0 
1 1 0 0.916031 1 0 0.839687 0.839687 0.91946 0 
1 1 0 0.917026 1 0 0.829736 0.829736 0.920375 0 
1 1 0 0.918021 1 0 0.819786 0.819786 0.921292 0 
1 1 0 0.919016 1 0 0.809836 0.809836 0.922209 0 
1 1 0 0.920011 1 0 0.799885 0.799885 0.923127 0 
1 1 0 0.921007 1 0 0.789935 0.789935 0.924046 0 
1 1 0 0.922002 1 0 0.779984 0.779984 0.924966 0 
1 1 0 0.922997 1 0 0.770034 0.770034 0.925887 0 
1 1 0 0.923992 1 0 0.760084 0.760084 0.926808 0 
1 1 0 0.924987 1 0 0.750133 0.750133 0.927731 0 
1 1 0 0.925982 1 0 0.740183 0.740183 0.928655 0 
1 1 0 0.926977 1 0 0.730233 0.730233 0.929579 0 
1 1 0 0.927972 1 0 0.720282 0.720282 0.930505 0 
1 1 0 0.928967 1 0 0.710332 0.710332 0.931431 0 
1 1 0 0.929962 1 0 0.700381 0.700381 0.932358 0 
1 1 0 0.930957 1 0 0.690431 0.690431 0.933286 0 
1 1 0 0.931952 1 0 0.680481 0.680481 0.934216 0 
1 1 0 0.932947 1 0 0.67053 0.67053 0.935146 0 
1 1 0 0.933942 1 0 0.66058 0.66058 0.936077 0 
1 1 0 0.934937 1 0 0.65063 0.65063 0.937008 0 
1 1 0 0.935932 1 0 0.640679 0.640679 0.937941 0 
1 1 0 0.936927 1 0 0.630729 0.630729 0.938875 0 
1 1 0 0.937922 1 0 0.620779 0.620779 0.93981 0 
1 1 0 0.938917 1 0 0.610828 0.610828 0.940745 0 
1 1 0 0.939912 1 0 0.600878 0.600878 0.941682 0 
1 1 0 0.940907 1 0 0.590927 0.590927 0.942619 0 
1 1 0 0.941902 1 0 0.580977 0.580977 0.943558 0 
1 1 0 0.942897 1 0 0.571027 0.571027 0.944497 0 
1 1 0 0.943892 1 0 0.561076 0.561076 0.945437 0 
1 1 0 0.944887 1 0 0.551126 0.551126 0.946379 0 
1 1 0 0.945882 1 0 0.541176 0.541176 0.947321 0 
1 1 0 0.946877 1 0 0.531225 0.531225 0.948264 0 
1 1 0 0.947873 1 0 0.521275 0.521275 0.949208 0 
1 1 0 0.948868 1 0 0.511324 0.511324 0.950153 0 
1 1 0 0.949863 1 0 0.501374 0.501374 0.951099 0 
1 1 0 0.950858 1 0 0.491424 0.491424 0.952046 0 
1 1 0 0.951853 1 0 0.481473 0.481473 0.952993 0 
1 1 0 0.952848 1 0 0.471523 0.471523 0.953942 0 
1 1 0 0.953843 1 0 0.461573 0.461573 0.954892 0 
1 1 0 0.954838 1 0 0.451622 0.451622 0.955842 0 
1 1 0 0.955833 1 0 0.441672 0.441672 0.956794 0 
1 1 0 0.956828 1 0 0.431721 0.431721 0.957747 0 
1 1 0 0.957823 1 0 0.421771 0.421771 0.9587 0 
1 1 0 0.958818 1 0 0.411821 0.411821 0.959654 0 
1 1 0 0.959813 1 0 0.40187 0.40187 0.96061 0 
1 1 0 0.960808 1 0 0.39192 0.39192 0.961566 0 
1 1 0 0.961803 1 0 0.38197 0.38197 0.962523 0 
1 1 0 0.962798 1 0 0.372019 0.372019 0.963482 0 
1 1 0 0.963793 1 0 0.362069 0.362069 0.964441 0 
1 1 0 0.964788 1 0 0.352118 0.352118 0.965401 0 
1 1 0 0.965783 1 0 0.342168 0.342168 0.966362 0 
1 1 0 0.966778 1 0 0.332218 0.332218 0.967324 0 
1 1 0 0.967773 1 0 0.322267 0.322267 0.968287 0 
1 1 0 0.968768 1 0 0.312317 0.312317 0.969251 0 
1 1 0 0.969763 1 0 0.302367 0.302367 0.970216 0 
1 1 0 0.970758 1 0 0.292416 0.292416 0.971182 0 
1 1 0 0.971753 1 0 0.282466 0.282466 0.972149 0 
1 1 0 0.972748 1 0 0.272515 0.272515 0.973116 0 
1 1 0 0.973743 1 0 0.262565 0.262565 0.974085 0 
1 1 0 0.974739 1 0 0.252615 0.252615 0.975055 0 
1 1 0 0.975734 1 0 0.242664 0.242664 0.976026 0 
1 1 0 0.976729 1 0 0.232714 0.232714 0.976997 0 
1 1 0 0.977724 1 0 0.222764 0.222764 0.97797 0 
1 1 0 0.978719 1 0 0.212813 0.212813 0.978944 0 
1 1 0 0.979714 1 0 0.202863 0.202863 0.979918 0 
1 1 0 0.980709 1 0 0.192912 0.192912 0.980894 0 
1 1 0 0.981704 1 0 0.182962 0.182962 0.98187 0 
1 1 0 0.982699 1 0 0.173012 0.173012 0.982848 0 
1 1 0 0.983694 1 0 0.163061 0.163061 0.983826 0 
1 1 0 0.984689 1 0 0.153111 0.153111 0.984806 0 
1 1 0 0.985684 1 0 0.143161 0.143161 0.985786 0 
1 1 0 0.986679 1 0 0.13321 0.13321 0.986767 0 
1 1 0 0.987674 1 0 0.12326 0.12326 0.98775 0 
1 1 0 0.988669 1 0 0.113309 0.113309 0.988733 0 
1 1 0 0.989664 1 0 0.103359 0.103359 0.989717 0 
1 1 0 0.990659 1 0 0.0934087 0.0934087 0.990703 0 
1 1 0 0.991654 1 0 0.0834584 0.0834584 0.991689 0 
1 1 0 0.992649 1 0 0.073508 0.073508 0.992676 0 
1 1 0 0.993644 1 0 0.0635576 0.0635576 0.993664 0 
1 1 0 0.994639 1 0 0.0536073 0.0536073 0.994654 0 
1 1 0 0.995634 1 0 0.0436569 0.0436569 0.995644 0 
1 1 0 0.996629 1 0 0.0337065 0.0337065 0.996635 0 
1 1 0 0.997624 1 0 0.0237561 0.0237561 0.997627 0 
1 1 0 0.998619 1 0 0.0138058 0.0138058 0.99862 0 
1 1 0 0.999614 1 0 0.00385539 0.00385539 0.999615 0 
1 1 0 1 1 0 6.07961e-10 6.07961e-10 1 0 
2 1 0 1.001 1 0 -0.00995037 -0.00995037 1.001 0 
2 1 0 1.00199 1 0 -0.0199007 -0.0199007 1.00199 0 
2 1 0 1.00299 1 0 -0.0298511 -0.0298511 1.00299 0 
2 1 0 1.00398 1 0 -0.0398015 -0.0398015 1.00399 0 
2 1 0 1.00498 1 0 -0.0497519 -0.0497519 1.00499 0 
2 1 0 1.00597 1 0 -0.0597022 -0.0597022 1.00599 0 
2 1 0 1.00697 1 0 -0.0696526 -0.0696526 1.00699 0 
2 1 0 1.00796 1 0 -0.079603 -0.079603 1.00799 0 
2 1 0 1.00896 1 0 -0.0895534 -0.0895534 1.009 0 
2 1 0 1.00995 1 0 -0.0995037 -0.0995037 1.01 0 
2 1 0 1.01095 1 0 -0.109454 -0.109454 1.01101 0 
2 1 0 1.01194 1 0 -0.119404 -0.119404 1.01201 0 
2 1 0 1.01294 1 0 -0.129355 -0.129355 1.01302 0 
2 1 0 1.01393 1 0 -0.139305 -0.139305 1.01403 0 
2 1 0 1.01493 1 0 -0.149256 -0.149256 1.01504 0 
2 1 0 1.01592 1 0 -0.159206 -0.159206 1.01605 0 
2 1 0 1.01692 1 0 -0.169156 -0.169156 1.01706 0 
2 1 0 1.01791 1 0 -0.179107 -0.179107 1.01807 0 
2 1 0 1.01891 1 0 -0.189057 -0.189057 1.01909 0 
2 1 0 1.0199 1 0 -0.199007 -0.199007 1.0201 0 
2 1 0 1.0209 1 0 -0.208958 -0.208958 1.02112 0 
2 1 0 1.02189 1 0 -0.218908 -0.218908 1.02213 0 
2 1 0 1.02289 1 0 -0.228859 -0.228859 1.02315 0 
2 1 0 1.02388 1 0 -0.238809 -0.238809 1.02417 0 
2 1 0 1.02488 1 0 -0.248759 -0.248759 1.02519 0 
2 1 0 1.02587 1 0 -0.25871 -0.25871 1.02621 0 
2 1 0 1.02687 1 0 -0.26866 -0.26866 1.02723 0 
2 1 0 1.02786 1 0 -0.27861 -0.27861 1.02825 0 
2 1 0 1.02886 1 0 -0.288561 -0.288561 1.02928 0 
2 1 0 1.02985 1 0 -0.298511 -0.298511 1.0303 0 
2 1 0 1.03085 1 0 -0.308462 -0.308462 1.03133 0 
2 1 0 1.03184 1 0 -0.318412 -0.318412 1.03235 0 
2 1 0 1.03284 1 0 -0.328362 -0.328362 1.03338 0 
2 1 0 1.03383 1 0 -0.338313 -0.338313 1.03441 0 
2 1 0 1.03483 1 0 -0.348263 -0.348263 1.03544 0 
2 1 0 1.03582 1 0 -0.358213 -0.358213 1.03647 0 
2 1 0 1.03682 1 0 -0.368164 -0.368164 1.0375 0 
2 1 0 1.03781 1 0 -0.378114 -0.378114 1.03854 0 
2 1 0 1.03881 1 0 -0.388065 -0.388065 1.03957 0 
2 1 0 1.0398 1 0 -0.398015 -0.398015 1.0406 0 
2 1 0 1.0408 1 0 -0.407965 -0.407965 1.04164 0 
2 1 0 1.04179 1 0 -0.417916 -0.417916 1.04268 0 
2 1 0 1.04279 1 0 -0.427866 -0.427866 1.04372 0 
2 1 0 1.04378 1 0 -0.437816 -0.437816 1.04475 0 
2 1 0 1.04478 1 0 -0.447767 -0.447767 1.04579 0 
2 1 0 1.04577 1 0 -0.457717 -0.457717 1.04684 0 
2 1 0 1.04677 1 0 -0.467668 -0.467668 1.04788 0 
2 1 0 1.04776 1 0 -0.477618 -0.477618 1.04892 0 
2 1 0 1.04876 1 0 -0.487568 -0.487568 1.04996 0 
2 1 0 1.04975 1 0 -0.497519 -0.497519 1.05101 0 
2 1 0 1.05075 1 0 -0.507469 -0.507469 1.05206 0 
2 1 0 1.05174 1 0 -0.517419 -0.517419 1.0531 0 
2 1 0 1.05274 1 0 -0.52737 -0.52737 1.05415 0 
2 1 0 1.05373 1 0 -0.53732 -0.53732 1.0552 0 
2 1 0 1.05473 1 0 -0.547271 -0.547271 1.05625 0 
2 1 0 1.05572 1 0 -0.557221 -0.557221 1.0573 0 
2 1 0 1.05672 1 0 -0.567171 -0.567171 1.05836 0 
2 1 0 1.05771 1 0 -0.577122 -0.577122 1.05941 0 
2 1 0 1.05871 1 0 -0.587072 -0.587072 1.06046 0 
2 1 0 1.0597 1 0 -0.597022 -0.597022 1.06152 0 
2 1 0 1.0607 1 0 -0.606973 -0.606973 1.06258 0 
2 1 0 1.06169 1 0 -0.616923 -0.616923 1.06364 0 
2 1 0 1.06269 1 0 -0.626873 -0.626873 1.06469 0 
2 1 0 1.06368 1 0 -0.636824 -0.636824 1.06575 0 
2 1 0 1.06468 1 0 -0.646774 -0.646774 1.06681 0 
2 1 0 1.06567 1 0 -0.656725 -0.656725 1.06788 0 
2 1 0 1.06667 1 0 -0.666675 -0.666675 1.06894 0 
2 1 0 1.06766 1 0 -0.676625 -0.676625 1.07 0 
2 1 0 1.06866 1 0 -0.686576 -0.686576 1.07107 0 
2 1 0 1.06965 1 0 -0.696526 -0.696526 1.07214 0 
2 1 0 1.07065 1 0 -0.706476 -0.706476 1.0732 0 
2 1 0 1.07164 1 0 -0.716427 -0.716427 1.07427 0 
2 1 0 1.07264 1 0 -0.726377 -0.726377 1.07534 0 
2 1 0 1.07363 1 0 -0.736328 -0.736328 1.07641 0 
2 1 0 1.07463 1 0 -0.746278 -0.746278 1.07748 0 
2 1 0 1.07562 1 0 -0.756228 -0.756228 1.07856 0 
2 1 0 1.07662 1 0 -0.766179 -0.766179 1.07963 0 
2 1 0 1.07761 1 0 -0.776129 -0.776129 1.0807 0 
2 1 0 1.07861 1 0 -0.786079 -0.786079 1.08178 0 
2 1 0 1.0796 1 0 -0.79603 -0.79603 1.08286 0 
2 1 0 1.0806 1 0 -0.80598 -0.80598 1.08394 0 
2 1 0 1.08159 1 0 -0.815931 -0.815931 1.08501 0 
2 1 0 1.08259 1 0 -0.825881 -0.825881 1.08609 0 
2 1 0 1.08358 1 0 -0.835831 -0.835831 1.08718 0 
2 1 0 1.08458 1 0 -0.845782 -0.845782 1.08826 0 
2 1 0 1.08557 1 0 -0.855732 -0.855732 1.08934 0 
2 1 0 1.08657 1 0 -0.865682 -0.865682 1.09043 0 
2 1 0 1.08756 1 0 -0.875633 -0.875633 1.09151 0 
2 1 0 1.08856 1 0 -0.885583 -0.885583 1.0926 0 
2 1 0 1.08955 1 0 -0.895534 -0.895534 1.09369 0 
2 1 0 1.09055 1 0 -0.905484 -0.905484 1.09477 0 
2 1 0 1.09154 1 0 -0.915434 -0.915434 1.09586 0 
2 1 0 1.09254 1 0 -0.925385 -0.925385 1.09696 0 
2 1 0 1.09353 1 0 -0.935335 -0.935335 1.09805 0 
2 1 0 1.09453 1 0 -0.945285 -0.945285 1.09914 0 
2 1 0 1.09552 1 0 -0.955236 -0.955236 1.10023 0 
2 1 0 1.09652 1 0 -0.965186 -0.965186 1.10133 0 
2 1 0 1.09751 1 0 -0.975137 -0.975137 1.10243 0 
2 1 0 1.09851 1 0 -0.985087 -0.985087 1.10352 0 
2 1 0 1.0995 1 0 -0.995037 -0.995037 1.10462 0 
2 1 0 1.1005 1 0 -1.00499 -1.00499 1.10572 0 
2 1 0 1.10149 1 0 -1.01494 -1.01494 1.10682 0 
2 1 0 1.10249 1 0 -1.02489 -1.02489 1.10792 0 
2 1 0 1.10348 1 0 -1.03484 -1.03484 1.10903 0 
2 1 0 1.10448 1 0 -1.04479 -1.04479 1.11013 0 
2 1 0 1.10547 1 0 -1.05474 -1.05474 1.11124 0 
2 1 0 1.10647 1 0 -1.06469 -1.06469 1.11234 0 
2 1 0 1.10746 1 0 -1.07464 -1.07464 1.11345 0 
2 1 0 1.10846 1 0 -1.08459 -1.08459 1.11456 0 
2 1 0 1.10945 1 0 -1.09454 -1.09454 1.11567 0 
2 1 0 1.11045 1 0 -1.10449 -1.10449 1.11678 0 
2 1 0 1.11144 1 0 -1.11444 -1.11444 1.11789 0 
2 1 0 1.11244 1 0 -1.12439 -1.12439 1.119 0 
2 1 0 1.11343 1 0 -1.13434 -1.13434 1.12012 0 
2 1 0 1.11443 1 0 -1.14429 -1.14429 1.12123 0 
2 1 0 1.11542 1 0 -1.15424 -1.15424 1.12235 0 
2 1 0 1.11642 1 0 -1.16419 -1.16419 1.12347 0 
2 1 0 1.11741 1 0 -1.17414 -1.17414 1.12459 0 
2 1 0 1.11841 1 0 -1.18409 -1.18409 1.1257 0 
2 1 0 1.1194 1 0 -1.19404 -1.19404 1.12683 0 
2 1 0 1.1204 1 0 -1.204 -1.204 1.12795 0 
2 1 0 1.12139 1 0 -1.21395 -1.21395 1.12907 0 
2 1 0 1.12239 1 0 -1.2239 -1.2239 1.13019 0 
2 1 0 1.12338 1 0 -1.23385 -1.23385 1.13132 0 
2 1 0 1.12438 1 0 -1.2438 -1.2438 1.13245 0 
2 1 0 1.12537 1 0 -1.25375 -1.25375 1.13357 0 
2 1 0 1.12637 1 0 -1.2637 -1.2637 1.1347 0 
2 1 0 1.12736 1 0 -1.27365 -1.27365 1.13583 0 
2 1 0 1.12836 1 0 -1.2836 -1.2836 1.13696 0 
2 1 0 1.12935 1 0 -1.29355 -1.29355 1.13809 0 
2 1 0 1.13035 1 0 -1.3035 -1.3035 1.13923 0 
2 1 0 1.13134 1 0 -1.31345 -1.31345 1.14036 0 
2 1 0 1.13234 1 0 -1.3234 -1.3234 1.1415 0 
2 1 0 1.13333 1 0 -1.33335 -1.33335 1.14263 0 
2 1 0 1.13433 1 0 -1.3433 -1.3433 1.14377 0 
2 1 0 1.13533 1 0 -1.35325 -1.35325 1.14491 0 
2 1 0 1.13632 1 0 -1.3632 -1.3632 1.14605 0 
2 1 0 1.13732 1 0 -1.37315 -1.37315 1.14719 0 
2 1 0 1.13831 1 0 -1.3831 -1.3831 1.14833 0 
2 1 0 1.13931 1 0 -1.39305 -1.39305 1.14947 0 
2 1 0 1.1403 1 0 -1.403 -1.403 1.15062 0 
2 1 0 1.1413 1 0 -1.41295 -1.41295 1.15176 0 
2 1 0 1.14229 1 0 -1.4229 -1.4229 1.15291 0 
2 1 0 1.14329 1 0 -1.43285 -1.43285 1.15406 0 
2 1 0 1.14428 1 0 -1.4428 -1.4428 1.15521 0 
2 1 0 1.14528 1 0 -1.45275 -1.45275 1.15636 0 
2 1 0 1.14627 1 0 -1.4627 -1.4627 1.15751 0 
2 1 0 1.14727 1 0 -1.47266 -1.47266 1.15866 0 
2 1 0 1.14826 1 0 -1.48261 -1.48261 1.15982 0 
2 1 0 1.14926 1 0 -1.49256 -1.49256 1.16097 0 
2 1 0 1.15025 1 0 -1.50251 -1.50251 1.16213 0 
2 1 0 1.15125 1 0 -1.51246 -1.51246 1.16328 0 
2 1 0 1.15224 1 0 -1.52241 -1.52241 1.16444 0 
2 1 0 1.15324 1 0 -1.53236 -1.53236 1.1656 0 
2 1 0 1.15423 1 0 -1.54231 -1.54231 1.16676 0 
2 1 0 1.15523 1 0 -1.55226 -1.55226 1.16792 0 
2 1 0 1.15622 1 0 -1.56221 -1.56221 1.16908 0 
2 1 0 1.15722 1 0 -1.57216 -1.57216 1.17025 0 
2 1 0 1.15821 1 0 -1.58211 -1.58211 1.17141 0 
2 1 0 1.15921 1 0 -1.59206 -1.59206 1.17258 0 
2 1 0 1.1602 1 0 -1.60201 -1.60201 1.17375 0 
2 1 0 1.1612 1 0 -1.61196 -1.61196 1.17492 0 
2 1 0 1.16219 1 0 -1.62191 -1.62191 1.17608 0 
2 1 0 1.16319 1 0 -1.63186 -1.63186 1.17726 0 
2 1 0 1.16418 1 0 -1.64181 -1.64181 1.17843 0 
2 1 0 1.16518 1 0 -1.65176 -1.65176 1.1796 0 
2 1 0 1.16617 1 0 -1.66171 -1.66171 1.18078 0 
2 1 0 1.16717 1 0 -1.67166 -1.67166 1.18195 0 
2 1 0 1.16816 1 0 -1.68161 -1.68161 1.18313 0 
2 1 0 1.16916 1 0 -1.69156 -1.69156 1.18431 0 
2 1 0 1.17015 1 0 -1.70151 -1.70151 1.18548 0 
2 1 0 1.17115 1 0 -1.71146 -1.71146 1.18666 0 
2 1 0 1.17214 1 0 -1.72141 -1.72141 1.18785 0 
2 1 0 1.17314 1 0 -1.73136 -1.73136 1.18903 0 
2 1 0 1.17413 1 0 -1.74132 -1.74132 1.19021 0 
2 1 0 1.17513 1 0 -1.75127 -1.75127 1.1914 0 
2 1 0 1.17612 1 0 -1.76122 -1.76122 1.19258 0 
2 1 0 1.17712 1 0 -1.77117 -1.77117 1.19377 0 
2 1 0 1.17811 1 0 -1.78112 -1.78112 1.19496 0 
2 1 0 1.17911 1 0 -1.79107 -1.79107 1.19615 0 
2 1 0 1.1801 1 0 -1.80102 -1.80102 1.19734 0 
2 1 0 1.1811 1 0 -1.81097 -1.81097 1.19853 0 
2 1 0 1.18209 1 0 -1.82092 -1.82092 1.19972 0 
2 1 0 1.18309 1 0 -1.83087 -1.83087 1.20092 0 
2 1 0 1.18408 1 0 -1.84082 -1.84082 1.20211 0 
2 1 0 1.18508 1 0 -1.85077 -1.85077 1.20331 0 
2 1 0 1.18607 1 0 -1.86072 -1.86072 1.20451 0 
2 1 0 1.18707 1 0 -1.87067 -1.87067 1.20571 0 
2 1 0 1.18806 1 0 -1.88062 -1.88062 1.20691 0 
2 1 0 1.18906 1 0 -1.89057 -1.89057 1.20811 0 
2 1 0 1.19005 1 0 -1.90052 -1.90052 1.20931 0 
2 1 0 1.19105 1 0 -1.91047 -1.91047 1.21052 0 
2 1 0 1.19204 1 0 -1.92042 -1.92042 1.21172 0 
2 1 0 1.19304 1 0 -1.93037 -1.93037 1.21293 0 
2 1 0 1.19403 1 0 -1.94032 -1.94032 1.21414 0 
2 1 0 1.19503 1 0 -1.95027 -1.95027 1.21534 0 
2 1 0 1.19602 1 0 -1.96022 -1.96022 1.21655 0 
2 1 0 1.19702 1 0 -1.97017 -1.97017 1.21777 0 
2 1 0 1.19801 1 0 -1.98012 -1.98012 1.21898 0 
2 1 0 1.19901 1 0 -1.99007 -1.99007 1.22019 0 
2 1 0 1.2 1 0 -2.00002 -2.00002 1.22141 0 
2 1 0 1.201 1 0 -2.00998 -2.00998 1.22262 0 
2 1 0 1.20199 1 0 -2.01993 -2.01993 1.22384 0 
2 1 0 1.20299 1 0 -2.02988 -2.02988 1.22506 0 
2 1 0 1.20398 1 0 -2.03983 -2.03983 1.22628 0 
2 1 0 1.20498 1 0 -2.04978 -2.04978 1.2275 0 
2 1 0 1.20597 1 0 -2.05973 -2.05973 1.22872 0 
2 1 0 1.20697 1 0 -2.06968 -2.06968 1.22994 0 
2 1 0 1.20796 1 0 -2.07963 -2.07963 1.23117 0 
2 1 0 1.20896 1 0 -2.08958 -2.08958 1.23239 0 
2 1 0 1.20995 1 0 -2.09953 -2.09953 1.23362 0 
2 1 0 1.21095 1 0 -2.10948 -2.10948 1.23485 0 
2 1 0 1.21194 1 0 -2.11943 -2.11943 1.23608 0 
2 1 0 1.21294 1 0 -2.12938 -2.12938 1.23731 0 
2 1 0 1.21393 1 0 -2.13933 -2.13933 1.23854 0 
2 1 0 1.21493 1 0 -2.14928 -2.14928 1.23977 0 
2 1 0 1.21592 1 0 -2.15923 -2.15923 1.24101 0 
2 1 0 1.21692 1 0 -2.16918 -2.16918 1.24224 0 
2 1 0 1.21791 1 0 -2.17913 -2.17913 1.24348 0 
2 1 0 1.21891 1 0 -2.18908 -2.18908 1.24472 0 
2 1 0 1.2199 1 0 -2.19903 -2.19903 1.24596 0 
2 1 0 1.2209 1 0 -2.20898 -2.20898 1.2472 0 
2 1 0 1.22189 1 0 -2.21893 -2.21893 1.24844 0 
2 1 0 1.22289 1 0 -2.22888 -2.22888 1.24968 0 
2 1 0 1.22388 1 0 -2.23883 -2.23883 1.25093 0 
2 1 0 1.22488 1 0 -2.24878 -2.24878 1.25217 0 
2 1 0 1.22587 1 0 -2.25873 -2.25873 1.25342 0 
2 1 0 1.22687 1 0 -2.26869 -2.26869 1.25466 0 
2 1 0 1.22786 1 0 -2.27864 -2.27864 1.25591 0 
2 1 0 1.22886 1 0 -2.28859 -2.28859 1.25716 0 
2 1 0 1.22985 1 0 -2.29854 -2.29854 1.25842 0 
2 1 0 1.23085 1 0 -2.30849 -2.30849 1.25967 0 
2 1 0 1.23184 1 0 -2.31844 -2.31844 1.26092 0 
2 1 0 1.23284 1 0 -2.32839 -2.32839 1.26218 0 
2 1 0 1.23383 1 0 -2.33834 -2.33834 1.26343 0 
2 1 0 1.23483 1 0 -2.34829 -2.34829 1.26469 0 
2 1 0 1.23582 1 0 -2.35824 -2.35824 1.26595 0 
2 1 0 1.23682 1 0 -2.36819 -2.36819 1.26721 0 
2 1 0 1.23781 1 0 -2.37814 -2.37814 1.26847 0 
2 1 0 1.23881 1 0 -2.38809 -2.38809 1.26974 0 
2 1 0 1.2398 1 0 -2.39804 -2.39804 1.271 0 
2 1 0 1.2408 1 0 -2.40799 -2.40799 1.27227 0 
2 1 0 1.24179 1 0 -2.41794 -2.41794 1.27353 0 
2 1 0 1.24279 1 0 -2.42789 -2.42789 1.2748 0 
2 1 0 1.24378 1 0 -2.43784 -2.43784 1.27607 0 
2 1 0 1.24478 1 0 -2.44779 -2.44779 1.27734 0 
2 1 0 1.24577 1 0 -2.45774 -2.45774 1.27861 0 
2 1 0 1.24677 1 0 -2.46769 -2.46769 1.27988 0 
2 1 0 1.24776 1 0 -2.47764 -2.47764 1.28116 0 
2 1 0 1.24876 1 0 -2.48759 -2.48759 1.28243 0 
2 1 0 1.24975 1 0 -2.49754 -2.49754 1.28371 0 
2 1 0 1.25075 1 0 -2.50749 -2.50749 1.28499 0 
2 1 0 1.25174 1 0 -2.51744 -2.51744 1.28627 0 
2 1 0 1.25274 1 0 -2.52739 -2.52739 1.28755 0 
2 1 0 1.25373 1 0 -2.53735 -2.53735 1.28883 0 
2 1 0 1.25473 1 0 -2.5473 -2.5473 1.29011 0 
2 1 0 1.25572 1 0 -2.55725 -2.55725 1.2914 0 
2 1 0 1.25672 1 0 -2.5672 -2.5672 1.29268 0 
2 1 0 1.25771 1 0 -2.57715 -2.57715 1.29397 0 
2 1 0 1.25871 1 0 -2.5871 -2.5871 1.29526 0 
2 1 0 1.2597 1 0 -2.59705 -2.59705 1.29655 0 
2 1 0 1.2607 1 0 -2.607 -2.607 1.29784 0 
2 1 0 1.26169 1 0 -2.61695 -2.61695 1.29913 0 
2 1 0 1.26269 1 0 -2.6269 -2.6269 1.30042 0 
2 1 0 1.26368 1 0 -2.63685 -2.63685 1.30172 0 
2 1 0 1.26468 1 0 -2.6468 -2.6468 1.30301 0 
2 1 0 1.26567 1 0 -2.65675 -2.65675 1.30431 0 
2 1 0 1.26667 1 0 -2.6667 -2.6667 1.30561 0 
2 1 0 1.26767 1 0 -2.67665 -2.67665 1.30691 0 
2 1 0 1.26866 1 0 -2.6866 -2.6866 1.30821 0 
2 1 0 1.26966 1 0 -2.69655 -2.69655 1.30951 0 
2 1 0 1.27065 1 0 -2.7065 -2.7065 1.31082 0 
2 1 0 1.27165 1 0 -2.71645 -2.71645 1.31212 0 
2 1 0 1.27264 1 0 -2.7264 -2.7264 1.31343 0 
2 1 0 1.27364 1 0 -2.73635 -2.73635 1.31474 0 
2 1 0 1.27463 1 0 -2.7463 -2.7463 1.31604 0 
2 1 0 1.27563 1 0 -2.75625 -2.75625 1.31735 0 
2 1 0 1.27662 1 0 -2.7662 -2.7662 1.31867 0 
2 1 0 1.27762 1 0 -2.77615 -2.77615 1.31998 0 
2 1 0 1.27861 1 0 -2.7861 -2.7861 1.32129 0 
2 1 0 1.27961 1 0 -2.79605 -2.79605 1.32261 0 
2 1 0 1.2806 1 0 -2.80601 -2.80601 1.32392 0 
2 1 0 1.2816 1 0 -2.81596 -2.81596 1.32524 0 
2 1 0 1.28259 1 0 -2.82591 -2.82591 1.32656 0 
2 1 0 1.28359 1 0 -2.83586 -2.83586 1.32788 0 
2 1 0 1.28458 1 0 -2.84581 -2.84581 1.3292 0 
2 1 0 1.28558 1 0 -2.85576 -2.85576 1.33053 0 
2 1 0 1.28657 1 0 -2.86571 -2.86571 1.33185 0 
2 1 0 1.28757 1 0 -2.87566 -2.87566 1.33318 0 
2 1 0 1.28856 1 0 -2.88561 -2.88561 1.33451 0 
2 1 0 1.28956 1 0 -2.89556 -2.89556 1.33583 0 
2 1 0 1.29055 1 0 -2.90551 -2.90551 1.33716 0 
2 1 0 1.29155 1 0 -2.91546 -2.91546 1.3385 0 
2 1 0 1.29254 1 0 -2.92541 -2.92541 1.33983 0 
2 1 0 1.29354 1 0 -2.93536 -2.93536 1.34116 0 
2 1 0 1.29453 1 0 -2.94531 -2.94531 1.3425 0 
2 1 0 1.29553 1 0 -2.95526 -2.95526 1.34383 0 
2 1 0 1.29652 1 0 -2.96521 -2.96521 1.34517 0 
2 1 0 1.29752 1 0 -2.97516 -2.97516 1.34651 0 
2 1 0 1.29851 1 0 -2.98511 -2.98511 1.34785 0 
2 1 0 1.29951 1 0 -2.99506 -2.99506 1.34919 0 
2 1 0 1.3005 1 0 -3.00501 -3.00501 1.35054 0 
2 1 0 1.3015 1 0 -3.01496 -3.01496 1.35188 0 
2 1 0 1.30249 1 0 -3.02491 -3.02491 1.35323 0 
2 1 0 1.30349 1 0 -3.03486 -3.03486 1.35457 0 
2 1 0 1.30448 1 0 -3.04481 -3.04481 1.35592 0 
2 1 0 1.30548 1 0 -3.05476 -3.05476 1.35727 0 
2 1 0 1.30647 1 0 -3.06471 -3.06471 1.35862 0 
2 1 0 1.30747 1 0 -3.07467 -3.07467 1.35998 0 
2 1 0 1.30846 1 0 -3.08462 -3.08462 1.36133 0 
2 1 0 1.30946 1 0 -3.09457 -3.09457 1.36268 0 
2 1 0 1.31045 1 0 -3.10452 -3.10452 1.36404 0 
2 1 0 1.31145 1 0 -3.11447 -3.11447 1.3654 0 
2 1 0 1.31244 1 0 -3.12442 -3.12442 1.36676 0 
2 1 0 1.31344 1 0 -3.13437 -3.13437 1.36812 0 
2 1 0 1.31443 1 0 -3.14432 -3.14432 1.36948 0 
2 1 0 1.31543 1 0 -3.15427 -3.15427 1.37084 0 
2 1 0 1.31642 1 0 -3.16422 -3.16422 1.37221 0 
2 1 0 1.31742 1 0 -3.17417 -3.17417 1.37358 0 
2 1 0 1.31841 1 0 -3.18412 -3.18412 1.37494 0 
2 1 0 1.31941 1 0 -3.19407 -3.19407 1.37631 0 
2 1 0 1.3204 1 0 -3.20402 -3.20402 1.37768 0 
2 1 0 1.3214 1 0 -3.21397 -3.21397 1.37905 0 
2 1 0 1.32239 1 0 -3.22392 -3.22392 1.38043 0 
2 1 0 1.32339 1 0 -3.23387 -3.23387 1.3818 0 
2 1 0 1.32438 1 0 -3.24382 -3.24382 1.38318 0 
2 1 0 1.32538 1 0 -3.25377 -3.25377 1.38455 0 
2 1 0 1.32637 1 0 -3.26372 -3.26372 1.38593 0 
2 1 0 1.32737 1 0 -3.27367 -3.27367 1.38731 0 
2 1 0 1.32836 1 0 -3.28362 -3.28362 1.38869 0 
2 1 0 1.32936 1 0 -3.29357 -3.29357 1.39007 0 
2 1 0 1.33035 1 0 -3.30352 -3.30352 1.39146 0 
2 1 0 1.33135 1 0 -3.31347 -3.31347 1.39284 0 
2 1 0 1.33234 1 0 -3.32342 -3.32342 1.39423 0 
2 1 0 1.33334 1 0 -3.33337 -3.33337 1.39562 0 
2 1 0 1.33433 1 0 -3.34333 -3.34333 1.39701 0 
2 1 0 1.33533 1 0 -3.35328 -3.35328 1.3984 0 
2 1 0 1.33632 1 0 -3.36323 -3.36323 1.39979 0 
2 1 0 1.33732 1 0 -3.37318 -3.37318 1.40118 0 
2 1 0 1.33831 1 0 -3.38313 -3.38313 1.40258 0 
2 1 0 1.33931 1 0 -3.39308 -3.39308 1.40398 0 
2 1 0 1.3403 1 0 -3.40303 -3.40303 1.40537 0 
2 1 0 1.3413 1 0 -3.41298 -3.41298 1.40677 0 
2 1 0 1.34229 1 0 -3.42293 -3.42293 1.40817 0 
2 1 0 1.34329 1 0 -3.43288 -3.43288 1.40957 0 
2 1 0 1.34428 1 0 -3.44283 -3.44283 1.41098 0 
2 1 0 1.34528 1 0 -3.45278 -3.45278 1.41238 0 
2 1 0 1.34627 1 0 -3.46273 -3.46273 1.41379 0 
2 1 0 1.34727 1 0 -3.47268 -3.47268 1.4152 0 
2 1 0 1.34826 1 0 -3.48263 -3.48263 1.4166 0 
2 1 0 1.34926 1 0 -3.49258 -3.49258 1.41802 0 
2 1 0 1.35025 1 0 -3.50253 -3.50253 1.41943 0 
2 1 0 1.35125 1 0 -3.51248 -3.51248 1.42084 0 
2 1 0 1.35224 1 0 -3.52243 -3.52243 1.42225 0 
2 1 0 1.35324 1 0 -3.53238 -3.53238 1.42367 0 
2 1 0 1.35423 1 0 -3.54233 -3.54233 1.42509 0 
2 1 0 1.35523 1 0 -3.55228 -3.55228 1.42651 0 
2 1 0 1.35622 1 0 -3.56223 -3.56223 1.42793 0 
2 1 0 1.35722 1 0 -3.57218 -3.57218 1.42935 0 
2 1 0 1.35821 1 0 -3.58213 -3.58213 1.43077 0 
2 1 0 1.35921 1 0 -3.59208 -3.59208 1.4322 0 
2 1 0 1.3602 1 0 -3.60203 -3.60203 1.43362 0 
2 1 0 1.3612 1 0 -3.61199 -3.61199 1.43505 0 
2 1 0 1.36219 1 0 -3.62194 -3.62194 1.43648 0 
2 1 0 1.36319 1 0 -3.63189 -3.63189 1.43791 0 
2 1 0 1.36418 1 0 -3.64184 -3.64184 1.43934 0 
2 1 0 1.36518 1 0 -3.65179 -3.65179 1.44077 0 
2 1 0 1.36617 1 0 -3.66174 -3.66174 1.44221 0 
2 1 0 1.36717 1 0 -3.67169 -3.67169 1.44364 0 
2 1 0 1.36816 1 0 -3.68164 -3.68164 1.44508 0 
2 1 0 1.36916 1 0 -3.69159 -3.69159 1.44652 0 
2 1 0 1.37015 1 0 -3.70154 -3.70154 1.44796 0 
2 1 0 1.37115 1 0 -3.71149 -3.71149 1.4494 0 
2 1 0 1.37214 1 0 -3.72144 -3.72144 1.45084 0 
2 1 0 1.37314 1 0 -3.73139 -3.73139 1.45229 0 
2 1 0 1.37413 1 0 -3.74134 -3.74134 1.45373 0 
2 1 0 1.37513 1 0 -3.75129 -3.75129 1.45518 0 
2 1 0 1.37612 1 0 -3.76124 -3.76124 1.45663 0 
2 1 0 1.37712 1 0 -3.77119 -3.77119 1.45808 0 
2 1 0 1.37811 1 0 -3.78114 -3.78114 1.45953 0 
2 1 0 1.37911 1 0 -3.79109 -3.79109 1.46098 0 
2 1 0 1.3801 1 0 -3.80104 -3.80104 1.46244 0 
2 1 0 1.3811 1 0 -3.81099 -3.81099 1.46389 0 
2 1 0 1.38209 1 0 -3.82094 -3.82094 1.46535 0 
2 1 0 1.38309 1 0 -3.83089 -3.83089 1.46681 0 
2 1 0 1.38408 1 0 -3.84084 -3.84084 1.46827 0 
2 1 0 1.38508 1 0 -3.85079 -3.85079 1.46973 0 
2 1 0 1.38607 1 0 -3.86074 -3.86074 1.47119 0 
2 1 0 1.38707 1 0 -3.8707 -3.8707 1.47266 0 
2 1 0 1.38806 1 0 -3.88065 -3.88065 1.47412 0 
2 1 0 1.38906 1 0 -3.8906 -3.8906 1.47559 0 
2 1 0 1.39005 1 0 -3.90055 -3.90055 1.47706 0 
2 1 0 1.39105 1 0 -3.9105 -3.9105 1.47853 0 
2 1 0 1.39204 1 0 -3.92045 -3.92045 1.48 0 
2 1 0 1.39304 1 0 -3.9304 -3.9304 1.48148 0 
2 1 0 1.39403 1 0 -3.94035 -3.94035 1.48295 0 
2 1 0 1.39503 1 0 -3.9503 -3.9503 1.48443 0 
2 1 0 1.39602 1 0 -3.96025 -3.96025 1.48591 0 
2 1 0 1.39702 1 0 -3.9702 -3.9702 1.48739 0 
2 1 0 1.39801 1 0 -3.98015 -3.98015 1.48887 0 
2 1 0 1.39901 1 0 -3.9901 -3.9901 1.49035 0 
2 1 0 1.4 1 0 -4.00005 -4.00005 1.49183 0 
2 1 0 1.401 1 0 -4.01 -4.01 1.49332 0 
2 1 0 1.402 1 0 -4.01995 -4.01995 1.4948 0 
2 1 0 1.40299 1 0 -4.0299 -4.0299 1.49629 0 
2 1 0 1.40399 1 0 -4.03985 -4.03985 1.49778 0 
2 1 0 1.40498 1 0 -4.0498 -4.0498 1.49927 0 
2 1 0 1.40598 1 0 -4.05975 -4.05975 1.50077 0 
2 1 0 1.40697 1 0 -4.0697 -4.0697 1.50226 0 
2 1 0 1.40797 1 0 -4.07965 -4.07965 1.50375 0 
2 1 0 1.40896 1 0 -4.0896 -4.0896 1.50525 0 
2 1 0 1.40996 1 0 -4.09955 -4.09955 1.50675 0 
2 1 0 1.41095 1 0 -4.1095 -4.1095 1.50825 0 
2 1 0 1.41195 1 0 -4.11945 -4.11945 1.50975 0 
2 1 0 1.41294 1 0 -4.1294 -4.1294 1.51126 0 
2 1 0 1.41394 1 0 -4.13936 -4.13936 1.51276 0 
2 1 0 1.41493 1 0 -4.14931 -4.14931 1.51427 0 
2 1 0 1.41593 1 0 -4.15926 -4.15926 1.51577 0 
2 1 0 1.41692 1 0 -4.16921 -4.16921 1.51728 0 
2 1 0 1.41792 1 0 -4.17916 -4.17916 1.51879 0 
2 1 0 1.41891 1 0 -4.18911 -4.18911 1.5203 0 
2 1 0 1.41991 1 0 -4.19906 -4.19906 1.52182 0 
2 1 0 1.4209 1 0 -4.20901 -4.20901 1.52333 0 
2 1 0 1.4219 1 0 -4.21896 -4.21896 1.52485 0 
2 1 0 1.42289 1 0 -4.22891 -4.22891 1.52637 0 
2 1 0 1.42389 1 0 -4.23886 -4.23886 1.52789 0 
2 1 0 1.42488 1 0 -4.24881 -4.24881 1.52941 0 
2 1 0 1.42588 1 0 -4.25876 -4.25876 1.53093 0 
2 1 0 1.42687 1 0 -4.26871 -4.26871 1.53245 0 
2 1 0 1.42787 1 0 -4.27866 -4.27866 1.53398 0 
2 1 0 1.42886 1 0 -4.28861 -4.28861 1.53551 0 
2 1 0 1.42986 1 0 -4.29856 -4.29856 1.53704 0 
2 1 0 1.43085 1 0 -4.30851 -4.30851 1.53857 0 
2 1 0 1.43185 1 0 -4.31846 -4.31846 1.5401 0 
2 1 0 1.43284 1 0 -4.32841 -4.32841 1.54163 0 
2 1 0 1.43384 1 0 -4.33836 -4.33836 1.54317 0 
2 1 0 1.43483 1 0 -4.34831 -4.34831 1.5447 0 
2 1 0 1.43583 1 0 -4.35826 -4.35826 1.54624 0 
2 1 0 1.43682 1 0 -4.36821 -4.36821 1.54778 0 
2 1 0 1.43782 1 0 -4.37816 -4.37816 1.54932 0 
2 1 0 1.43881 1 0 -4.38811 -4.38811 1.55086 0 
2 1 0 1.43981 1 0 -4.39806 -4.39806 1.55241 0 
2 1 0 1.4408 1 0 -4.40802 -4.40802 1.55395 0 
2 1 0 1.4418 1 0 -4.41797 -4.41797 1.5555 0 
2 1 0 1.44279 1 0 -4.42792 -4.42792 1.55705 0 
2 1 0 1.44379 1 0 -4.43787 -4.43787 1.5586 0 
2 1 0 1.44478 1 0 -4.44782 -4.44782 1.56015 0 
2 1 0 1.44578 1 0 -4.45777 -4.45777 1.5617 0 
2 1 0 1.44677 1 0 -4.46772 -4.46772 1.56326 0 
2 1 0 1.44777 1 0 -4.47767 -4.47767 1.56481 0 
2 1 0 1.44876 1 0 -4.48762 -4.48762 1.56637 0 
2 1 0 1.44976 1 0 -4.49757 -4.49757 1.56793 0 
2 1 0 1.45075 1 0 -4.50752 -4.50752 1.56949 0 
2 1 0 1.45175 1 0 -4.51747 -4.51747 1.57105 0 
2 1 0 1.45274 1 0 -4.52742 -4.52742 1.57262 0 
2 1 0 1.45374 1 0 -4.53737 -4.53737 1.57418 0 
2 1 0 1.45473 1 0 -4.54732 -4.54732 1.57575 0 
2 1 0 1.45573 1 0 -4.55727 -4.55727 1.57732 0 
2 1 0 1.45672 1 0 -4.56722 -4.56722 1.57889 0 
2 1 0 1.45772 1 0 -4.57717 -4.57717 1.58046 0 
2 1 0 1.45871 1 0 -4.58712 -4.58712 1.58204 0 
2 1 0 1.45971 1 0 -4.59707 -4.59707 1.58361 0 
2 1 0 1.4607 1 0 -4.60702 -4.60702 1.58519 0 
2 1 0 1.4617 1 0 -4.61697 -4.61697 1.58676 0 
2 1 0 1.46269 1 0 -4.62692 -4.62692 1.58834 0 
2 1 0 1.46369 1 0 -4.63687 -4.63687 1.58993 0 
2 1 0 1.46468 1 0 -4.64682 -4.64682 1.59151 0 
2 1 0 1.46568 1 0 -4.65677 -4.65677 1.59309 0 
2 1 0 1.46667 1 0 -4.66672 -4.66672 1.59468 0 
2 1 0 1.46767 1 0 -4.67668 -4.67668 1.59627 0 
2 1 0 1.46866 1 0 -4.68663 -4.68663 1.59786 0 
2 1 0 1.46966 1 0 -4.69658 -4.69658 1.59945 0 
2 1 0 1.47065 1 0 -4.70653 -4.70653 1.60104 0 
2 1 0 1.47165 1 0 -4.71648 -4.71648 1.60263 0 
2 1 0 1.47264 1 0 -4.72643 -4.72643 1.60423 0 
2 1 0 1.47364 1 0 -4.73638 -4.73638 1.60583 0 
2 1 0 1.47463 1 0 -4.74633 -4.74633 1.60742 0 
2 1 0 1.47563 1 0 -4.75628 -4.75628 1.60902 0 
2 1 0 1.47662 1 0 -4.76623 -4.76623 1.61063 0 
2 1 0 1.47762 1 0 -4.77618 -4.77618 1.61223 0 
2 1 0 1.47861 1 0 -4.78613 -4.78613 1.61383 0 
2 1 0 1.47961 1 0 -4.79608 -4.79608 1.61544 0 
2 1 0 1.4806 1 0 -4.80603 -4.80603 1.61705 0 
2 1 0 1.4816 1 0 -4.81598 -4.81598 1.61866 0 
2 1 0 1.48259 1 0 -4.82593 -4.82593 1.62027 0 
2 1 0 1.48359 1 0 -4.83588 -4.83588 1.62188 0 
2 1 0 1.48458 1 0 -4.84583 -4.84583 1.6235 0 
2 1 0 1.48558 1 0 -4.85578 -4.85578 1.62511 0 
2 1 0 1.48657 1 0 -4.86573 -4.86573 1.62673 0 
2 1 0 1.48757 1 0 -4.87568 -4.87568 1.62835 0 
2 1 0 1.48856 1 0 -4.88563 -4.88563 1.62997 0 
2 1 0 1.48956 1 0 -4.89558 -4.89558 1.6316 0 
2 1 0 1.49055 1 0 -4.90553 -4.90553 1.63322 0 
2 1 0 1.49155 1 0 -4.91548 -4.91548 1.63485 0 
2 1 0 1.49254 1 0 -4.92543 -4.92543 1.63647 0 
2 1 0 1.49354 1 0 -4.93538 -4.93538 1.6381 0 
2 1 0 1.49453 1 0 -4.94534 -4.94534 1.63973 0 
2 1 0 1.49553 1 0 -4.95529 -4.95529 1.64137 0 
2 1 0 1.49652 1 0 -4.96524 -4.96524 1.643 0 
2 1 0 1.49752 1 0 -4.97519 -4.97519 1.64464 0 
2 1 0 1.49851 1 0 -4.98514 -4.98514 1.64627 0 
2 1 0 1.49951 1 0 -4.99509 -4.99509 1.64791 0 
2 1 0 1.5005 1 0 -5.00504 -5.00504 1.64955 0 
2 2 0 1 1 0 6.07961e-10 6.07961e-10 1.64955 0 
2 2 0 1.001 1 0 1.57429e-15 1.57429e-15 1.64955 0 
1 2 0 1.00201 1 0 -1.50485e-12 -1.50485e-12 0.997997 0 
1 2 0 1.00401 1 0 -2.79207e-17 -2.79207e-17 0.996003 0 
1 2 0 1.00801 1 0 2.28352e-22 2.28352e-22 0.992027 0 
1 2 0 1.01601 1 0 6.40949e-31 6.40949e-31 0.984122 0 
1 2 0 1.02601 1 0 -2.20993e-36 -2.20993e-36 0.97433 0 
1 2 0 1.03601 1 0 -1.75162e-45 -1.75162e-45 0.964635 0 
1 2 0 1.04601 1 0 1.00229e-50 1.00229e-50 0.955037 0 
1 2 0 1.05601 1 0 5.28956e-60 5.28956e-60 0.945534 0 
1 2 0 1.06601 1 0 -3.91692e-65 -3.91692e-65 0.936126 0 
1 2 0 1.07601 1 0 -5.52715e-75 -5.52715e-75 0.926812 0 
1 2 0 1.08601 1 0 5.06026e-80 5.06026e-80 0.91759 0 
1 2 0 1.09601 1 0 6.87273e-90 6.87273e-90 0.908459 0 
1 2 0 1.10601 1 0 -5.99255e-95 -5.99255e-95 0.89942 0 
1 2 0 1.11601 1 0 -9.59233e-105 -9.59233e-105 0.890471 0 
1 2 0 1.12601 1 0 7.98367e-110 7.98367e-110 0.88161 0 
1 2 0 1.13601 1 0 6.19615e-120 6.19615e-120 0.872838 0 
1 2 0 1.14601 1 0 -8.27275e-125 -8.27275e-125 0.864153 0 
1 2 0 1.15601 1 0 -6.87911e-135 -6.87911e-135 0.855555 0 
1 2 0 1.16601 1 0 1.15463e-139 1.15463e-139 0.847042 0 
1 2 0 1.17601 1 0 4.8879e-150 4.8879e-150 0.838614 0 
1 2 0 1.18601 1 0 -1.11875e-154 -1.11875e-154 0.830269 0 
1 2 0 1.19601 1 0 -2.17066e-165 -2.17066e-165 0.822008 0 
1 2 0 1.20601 1 0 6.62434e-170 6.62434e-170 0.813829 0 
1 2 0 1.21601 1 0 2.40992e-180 2.40992e-180 0.805731 0 
1 2 0 1.22601 1 0 7.35449e-186 7.35449e-186 0.797714 0 
1 2 0 1.23601 1 0 -2.14044e-195 -2.14044e-195 0.789777 0 
1 2 0 1.24601 1 0 -8.16513e-201 -8.16513e-201 0.781918 0 
1 2 0 1.25601 1 0 7.60437e-211 7.60437e-211 0.774138 0 
1 2 0 1.26601 1 0 2.90084e-216 2.90084e-216 0.766435 0 
1 2 0 1.27601 1 0 -9.2868e-226 -9.2868e-226 0.758809 0 
1 2 0 1.28601 1 0 -1.93234e-231 -1.93234e-231 0.751259 0 
1 2 0 1.29601 1 0 1.4997e-241 1.4997e-241 0.743784 0 
1 2 0 1.30601 1 0 2.86044e-247 2.86044e-247 0.736383 0 
1 2 0 1.31601 1 0 -9.98999e-257 -9.98999e-257 0.729056 0 
1 2 0 1.32601 1 0 -1.27029e-262 -1.27029e-262 0.721802 0 
1 2 0 1.33601 1 0 4.43645e-272 4.43645e-272 0.71462 0 
1 2 0 1.34601 1 0 8.46185e-278 8.46185e-278 0.707509 0 
1 2 0 1.35601 1 0 6.56726e-288 6.56726e-288 0.700469 0 
1 2 0 1.36601 1 0 -2.50521e-293 -2.50521e-293 0.693499 0 
1 2 0 1.37601 1 0 -2.91645e-303 -2.91645e-303 0.686599 0 
1 2 0 1.38601 1 0 8.34403e-309 8.34403e-309 0.679767 0 
1 2 0 1.39601 1 0 1.29516e-318 1.29516e-318 0.673003 0 
1 2 0 1.40601 1 0 -9.88131e-324 -9.88131e-324 0.666307 0 
1 2 0 1.41601 1 0 0 0 0.659677 0 
1 2 0 1.42601 1 0 0 0 0.653113 0 
1 2 0 1.43601 1 0 0 0 0.646614 0 
1 2 0 1.44601 1 0 0 0 0.640181 0 
1 2 0 1.45601 1 0 0 0 0.633811 0 
1 2 0 1.46601 1 0 0 0 0.627504 0 
1 2 0 1.47601 1 0 0 0 0.62126 0 
1 2 0 1.48601 1 0 0 0 0.615079 0 
1 2 0 1.49601 1 0 0 0 0.608959 0 
1 2 0 1.50601 1 0 0 0 0.602899 0 
2 2 0 1 1 0 6.07961e-10 6.07961e-10 0.602899 0 
1 2 0 0.999005 1 0 2.13791e-16 2.13791e-16 0.602899 0 
2 2 0 0.997995 1 0 -1.50485e-12 -1.50485e-12 1.00201 0 
2 2 0 0.995995 1 0 -2.79037e-17 -2.79037e-17 1.00401 0 
2 2 0 0.991995 1 0 2.04331e-24 2.04331e-24 1.00804 0 
2 2 0 0.983995 1 0 6.16298e-32 6.16298e-32 1.01613 0 
2 2 0 0.973995 1 0 1.3959e-38 1.3959e-38 1.02635 0 
2 2 0 0.963995 1 0 -6.56859e-47 -6.56859e-47 1.03666 0 
2 2 0 0.953995 1 0 2.0881e-53 2.0881e-53 1.04708 0 
2 2 0 0.943995 1 0 1.94469e-62 1.94469e-62 1.0576 0 
2 2 0 0.933995 1 0 4.86833e-68 4.86833e-68 1.06823 0 
2 2 0 0.923995 1 0 1.29543e-77 1.29543e-77 1.07897 0 
2 2 0 0.913995 1 0 6.58887e-83 6.58887e-83 1.08981 0 
2 2 0 0.903995 1 0 1.53409e-92 1.53409e-92 1.10076 0 
2 2 0 0.893995 1 0 2.19454e-98 2.19454e-98 1.11183 0 
2 2 0 0.883995 1 0 1.70318e-107 1.70318e-107 1.123 0 
2 2 0 0.873995 1 0 0 0 1.13429 0 
2 2 0 0.863995 1 0 6.05092e-123 6.05092e-123 1.14569 0 
2 2 0 0.853995 1 0 -5.3743e-138 -5.3743e-138 1.1572 0 
2 2 0 0.843995 1 0 2.68715e-138 2.68715e-138 1.16883 0 
2 2 0 0.833995 1 0 -4.77334e-153 -4.77334e-153 1.18058 0 
2 2 0 0.823995 1 0 2.98334e-153 2.98334e-153 1.19244 0 
2 2 0 0.813995 1 0 -2.11979e-168 -2.11979e-168 1.20443 0 
2 2 0 0.803995 1 0 2.64973e-168 2.64973e-168 1.21653 0 
2 2 0 0.793995 1 0 -1.88275e-183 -1.88275e-183 1.22876 0 
2 2 0 0.783995 1 0 0 0 1.24111 0 
2 2 0 0.773995 1 0 -8.36109e-199 -8.36109e-199 1.25358 0 
2 2 0 0.763995 1 0 3.71307e-214 3.71307e-214 1.26618 0 
2 2 0 0.753995 1 0 -3.71307e-214 -3.71307e-214 1.27891 0 
2 2 0 0.743995 1 0 0 0 1.29176 0 
2 2 0 0.733995 1 0 -1.64893e-229 -1.64893e-229 1.30474 0 
2 2 0 0.723995 1 0 7.32274e-245 7.32274e-245 1.31785 0 
2 2 0 0.713995 1 0 -3.66137e-245 -3.66137e-245 1.3311 0 
2 2 0 0.703995 1 0 3.25195e-260 3.25195e-260 1.34448 0 
2 2 0 0.693995 1 0 -1.62597e-260 -1.62597e-260 1.35799 0 
2 2 0 0.683995 1 0 1.44416e-275 1.44416e-275 1.37164 0 
2 2 0 0.673995 1 0 0 0 1.38542 0 
2 2 0 0.663995 1 0 3.20667e-291 3.20667e-291 1.39935 0 
2 2 0 0.653995 1 0 0 0 1.41341 0 
2 2 0 0.643995 1 0 7.12024e-307 7.12024e-307 1.42761 0 
2 2 0 0.633995 1 0 0 0 1.44196 0 
2 2 0 0.623995 1 0 1.58101e-322 1.58101e-322 1.45645 0 
2 2 0 0.613995 1 0 -4.94066e-324 -4.94066e-324 1.47109 0 
2 2 0 0.603995 1 0 -4.94066e-324 -4.94066e-324 1.48588 0 
2 2 0 0.593995 1 0 -4.94066e-324 -4.94066e-324 1.50081 0 
2 2 0 0.583995 1 0 -4.94066e-324 -4.94066e-324 1.51589 0 
2 2 0 0.573995 1 0 -4.94066e-324 -4.94066e-324 1.53113 0 
2 2 0 0.563995 1 0 -4.94066e-324 -4.94066e-324 1.54652 0 
2 2 0 0.553995 1 0 -4.94066e-324 -4.94066e-324 1.56206 0 
2 2 0 0.543995 1 0 -4.94066e-324 -4.94066e-324 1.57776 0 
2 2 0 0.533995 1 0 -4.94066e-324 -4.94066e-324 1.59362 0 
2 2 0 0.523995 1 0 -4.94066e-324 -4.94066e-324 1.60963 0 
2 2 0 0.513995 1 0 -4.94066e-324 -4.94066e-324 1.62581 0 
2 2 0 0.503995 1 0 -4.94066e-324 -4.94066e-324 1.64215 0 
2 2 0 0.493995 1 0 4.94066e-324 4.94066e-324 1.65865 0 
2 2 0 0.483995 1 0 -4.94066e-324 -4.94066e-324 1.67532 0 
2 2 0 0.473995 1 0 4.94066e-324 4.94066e-324 1.69216 0 
2 2 0 0.463995 1 0 -4.94066e-324 -4.94066e-324 1.70917 0 
2 2 0 0.453995 1 0 4.94066e-324 4.94066e-324 1.72634 0 
2 2 0 0.443995 1 0 -4.94066e-324 -4.94066e-324 1.74369 0 
2 2 0 0.433995 1 0 4.94066e-324 4.94066e-324 1.76122 0 
2 2 0 0.423995 1 0 0 0 1.77892 0 
2 2 0 0.413995 1 0 4.94066e-324 4.94066e-324 1.7968 0 
2 2 0 0.403995 1 0 0 0 1.81485 0 
2 2 0 0.393995 1 0 4.94066e-324 4.94066e-324 1.83309 0 
2 2 0 0.383995 1 0 0 0 1.85152 0 
2 2 0 0.373995 1 0 4.94066e-324 4.94066e-324 1.87012 0 
2 2 0 0.363995 1 0 0 0 1.88892 0 
2 2 0 0.353995 1 0 4.94066e-324 4.94066e-324 1.9079 0 
2 2 0 0.343995 1 0 0 0 1.92708 0 
2 2 0 0.333995 1 0 4.94066e-324 4.94066e-324 1.94645 0 
2 2 0 0.323995 1 0 4.94066e-324 4.94066e-324 1.96601 0 
2 2 0 0.313995 1 0 0 0 1.98577 0 
2 2 0 0.303995 1 0 0 0 2.00572 0 
2 2 0 0.293995 1 0 0 0 2.02588 0 
2 2 0 0.283995 1 0 0 0 2.04624 0 
2 2 0 0.273995 1 0 0 0 2.06681 0 
2 2 0 0.263995 1 0 0 0 2.08758 0 
2 2 0 0.253995 1 0 0 0 2.10856 0 
2 2 0 0.243995 1 0 0 0 2.12975 0 
2 2 0 0.233995 1 0 0 0 2.15116 0 
2 2 0 0.223995 1 0 0 0 2.17277 0 
2 2 0 0.213995 1 0 0 0 2.19461 0 
2 2 0 0.203995 1 0 0 0 2.21667 0 
2 2 0 0.193995 1 0 0 0 2.23895 0 
2 2 0 0.183995 1 0 0 0 2.26145 0 
2 2 0 0.173995 1 0 0 0 2.28418 0 
2 2 0 0.163995 1 0 0 0 2.30713 0 
2 2 0 0.153995 1 0 0 0 2.33032 0 
2 2 0 0.143995 1 0 0 0 2.35374 0 
2 2 0 0.133995 1 0 0 0 2.37739 0 
2 2 0 0.123995 1 0 0 0 2.40129 0 
2 2 0 0.113995 1 0 0 0 2.42542 0 
2 2 0 0.103995 1 0 0 0 2.4498 0 
2 2 0 0.0939949 1 0 0 0 2.47442 0 
2 2 0 0.0839949 1 0 0 0 2.49929 0 
2 2 0 0.0739949 1 0 0 0 2.5244 0 
2 2 0 0.0639949 1 0 0 0 2.54977 0 
2 2 0 0.0539949 1 0 0 0 2.5754 0 
2 2 0 0.0439949 1 0 0 0 2.60128 0 
2 2 0 0.0339949 1 0 0 0 2.62743 0 
2 2 0 0.0239949 1 0 0 0 2.65383 0 
2 2 0 0.0139949 1 0 0 0 2.6805 0 
2 2 0 0.0039949 1 0 0 0 2.70744 0 
2 2 0 -0.0060051 1 0 0 0 2.73465 0 
