3 	 -18 	0.000000 	0.969241 	0.969241 	45.466500 	0.000000 	0.128883 	0.400753 	0.165722 	-0.000000 	0.126827 	0.387019 	0.163048 	0.999993 	0.000000 	0.998818 	0.000000 	-0.000017 	0.000000 	-0.000000 	0.000000 	
3 	 -18 	0.000000 	0.969718 	0.969718 	45.494000 	0.000000 	0.130905 	0.414794 	0.168352 	-0.000000 	0.124742 	0.373611 	0.160336 	1.000000 	0.000000 	0.991363 	0.000000 	0.000001 	0.000000 	-0.000000 	0.000000 	
3 	 -18 	0.000000 	0.970663 	0.970663 	45.548600 	0.000000 	0.132887 	0.429088 	0.170931 	-0.000000 	0.122635 	0.360575 	0.157595 	1.000000 	0.000000 	0.976252 	0.000000 	0.000001 	0.000000 	-0.000000 	0.000000 	
3 	 -18 	0.000000 	0.972059 	0.972059 	45.629600 	-0.000000 	0.134823 	0.443568 	0.173449 	-0.000000 	0.120515 	0.347953 	0.154838 	1.000000 	0.000000 	0.954202 	0.000000 	0.000001 	0.000000 	-0.000000 	0.000000 	
3 	 -18 	0.000000 	0.973883 	0.973883 	45.735900 	0.000000 	0.136707 	0.458184 	0.175900 	-0.000000 	0.118389 	0.335767 	0.152074 	1.000000 	0.000000 	0.925889 	0.000000 	0.000001 	0.000000 	-0.000000 	0.000000 	
3 	 -18 	0.000000 	0.976104 	0.976104 	45.866300 	0.000000 	0.138537 	0.472885 	0.178281 	-0.000000 	0.116263 	0.324028 	0.149311 	1.000000 	0.000000 	0.892126 	0.000000 	0.000001 	0.000000 	-0.000000 	0.000000 	
3 	 -18 	0.000000 	0.978692 	0.978692 	46.019400 	-0.000000 	0.140313 	0.487630 	0.180590 	-0.000000 	0.114143 	0.312736 	0.146556 	1.000000 	0.000000 	0.853804 	0.000000 	0.000001 	0.000000 	-0.000000 	0.000000 	
3 	 -18 	0.000000 	0.981613 	0.981613 	46.193600 	0.000000 	0.142033 	0.502385 	0.182828 	0.000000 	0.112033 	0.301886 	0.143813 	1.000000 	0.000000 	0.811843 	0.000000 	0.000001 	0.000000 	-0.000000 	0.000000 	
3 	 -18 	0.000000 	0.984834 	0.984834 	46.387800 	0.000000 	0.143700 	0.517119 	0.184995 	0.000000 	0.109935 	0.291464 	0.141087 	1.000000 	0.000000 	0.767148 	0.000000 	0.000002 	0.000000 	-0.000000 	0.000000 	
3 	 -18 	0.000000 	0.988325 	0.988325 	46.600400 	0.000000 	0.145314 	0.531806 	0.187095 	-0.000000 	0.107851 	0.281455 	0.138382 	1.000000 	0.000000 	0.720580 	0.000000 	0.000002 	0.000000 	-0.000000 	0.000000 	
3 	 -18 	0.000000 	0.992055 	0.992055 	46.830300 	0.000000 	0.146879 	0.546432 	0.189129 	0.000000 	0.105784 	0.271837 	0.135698 	1.000000 	0.000000 	0.672934 	0.000000 	0.000002 	0.000000 	-0.000000 	0.000000 	
3 	 -18 	0.000000 	0.995997 	0.995997 	47.076300 	0.000000 	0.148396 	0.560980 	0.191103 	-0.000000 	0.103734 	0.262591 	0.133037 	1.000000 	0.000000 	0.624923 	0.000000 	0.000002 	0.000000 	-0.000000 	0.000000 	
3 	 -18 	0.000000 	1.000130 	1.000130 	47.337300 	0.000000 	0.149869 	0.575440 	0.193017 	-0.000000 	0.101702 	0.253694 	0.130400 	1.000000 	0.000000 	0.577181 	0.000000 	0.000002 	0.000000 	-0.000000 	0.000000 	
3 	 -18 	0.000000 	1.004420 	1.004420 	47.612600 	0.000000 	0.151301 	0.589803 	0.194879 	0.000000 	0.099687 	0.245126 	0.127787 	1.000000 	0.000000 	0.530252 	0.000000 	0.000002 	0.000000 	-0.000000 	0.000000 	
3 	 -18 	0.000000 	1.008860 	1.008860 	47.901100 	-0.000000 	0.152695 	0.604067 	0.196691 	-0.000000 	0.097691 	0.236866 	0.125198 	1.000000 	0.000000 	0.484598 	0.000000 	0.000002 	0.000000 	-0.000000 	0.000000 	
3 	 -18 	0.000000 	1.013430 	1.013430 	48.202300 	0.000000 	0.154053 	0.618224 	0.198456 	0.000000 	0.095712 	0.228894 	0.122632 	1.000000 	0.000000 	0.440599 	0.000000 	0.000002 	0.000000 	-0.000000 	0.000000 	
3 	 -18 	0.000000 	1.018110 	1.018110 	48.515400 	0.000000 	0.155378 	0.632271 	0.200179 	0.000000 	0.093751 	0.221192 	0.120091 	1.000000 	0.000000 	0.398561 	0.000000 	0.000002 	0.000000 	-0.000000 	0.000000 	
3 	 -18 	0.000000 	1.022890 	1.022890 	48.839800 	0.000000 	0.156674 	0.646210 	0.201863 	0.000000 	0.091807 	0.213744 	0.117574 	1.000000 	0.000000 	0.358721 	0.000000 	0.000002 	0.000000 	-0.000000 	0.000000 	
3 	 -18 	0.000000 	1.027750 	1.027750 	49.175000 	0.000000 	0.157942 	0.660032 	0.203512 	0.000000 	0.089881 	0.206535 	0.115080 	1.000000 	0.000000 	0.321250 	0.000000 	0.000002 	0.000000 	-0.000000 	0.000000 	
3 	 -18 	0.000000 	1.032690 	1.032690 	49.520500 	0.000000 	0.159186 	0.673745 	0.205129 	0.000000 	0.087972 	0.199548 	0.112609 	1.000000 	0.000000 	0.286265 	0.000000 	0.000002 	0.000000 	-0.000000 	0.000000 	
3 	 -18 	0.000000 	1.037690 	1.037690 	49.875800 	-0.000000 	0.160408 	0.687341 	0.206716 	-0.000000 	0.086080 	0.192777 	0.110161 	1.000000 	0.000000 	0.253829 	0.000000 	0.000002 	0.000000 	0.000000 	0.000000 	
3 	 -18 	0.000000 	1.042750 	1.042750 	50.240500 	0.000000 	0.161608 	0.700819 	0.208278 	-0.000000 	0.084206 	0.186204 	0.107736 	1.000000 	0.000000 	0.223961 	0.000000 	0.000003 	0.000000 	0.000000 	0.000000 	
3 	 -18 	0.000000 	1.047860 	1.047860 	50.614200 	0.000000 	0.162792 	0.714183 	0.209815 	-0.000000 	0.082348 	0.179823 	0.105336 	1.000000 	0.000000 	0.196639 	0.000000 	0.000003 	0.000000 	0.000000 	0.000000 	
3 	 -18 	0.000000 	1.053020 	1.053020 	50.996400 	0.000000 	0.163959 	0.727427 	0.211333 	0.000000 	0.080509 	0.173626 	0.102959 	1.000000 	0.000000 	0.171810 	0.000000 	0.000003 	0.000000 	0.000000 	0.000000 	
3 	 -18 	0.000000 	1.058210 	1.058210 	51.386900 	0.000000 	0.165112 	0.740556 	0.212831 	0.000000 	0.078688 	0.167603 	0.100607 	1.000000 	0.000000 	0.149389 	0.000000 	0.000003 	0.000000 	0.000000 	0.000000 	
3 	 -18 	0.000000 	1.063440 	1.063440 	51.785200 	-0.000000 	0.166252 	0.753566 	0.214314 	-0.000000 	0.076886 	0.161746 	0.098279 	1.000000 	0.000000 	0.129270 	0.000000 	0.000003 	0.000000 	0.000000 	0.000000 	
3 	 -18 	0.000000 	1.068700 	1.068700 	52.190900 	0.000000 	0.167382 	0.766455 	0.215782 	-0.000000 	0.075103 	0.156053 	0.095977 	1.000000 	0.000000 	0.111329 	0.000000 	0.000004 	0.000000 	0.000000 	0.000000 	
3 	 -18 	0.000000 	1.073990 	1.073990 	52.603700 	0.000000 	0.168502 	0.779223 	0.217238 	-0.000000 	0.073339 	0.150516 	0.093702 	1.000000 	0.000000 	0.095428 	0.000000 	0.000004 	0.000000 	0.000000 	0.000000 	
3 	 -18 	0.000000 	1.079300 	1.079300 	53.023100 	0.000000 	0.169615 	0.791870 	0.218685 	-0.000000 	0.071596 	0.145130 	0.091454 	1.000000 	0.000000 	0.081420 	0.000000 	0.000004 	0.000000 	0.000000 	0.000000 	
3 	 -18 	0.000000 	1.084640 	1.084640 	53.448900 	0.000000 	0.170720 	0.804389 	0.220123 	-0.000000 	0.069875 	0.139892 	0.089235 	1.000000 	0.000000 	0.069153 	0.000000 	0.000004 	0.000000 	0.000000 	0.000000 	
3 	 -18 	0.000000 	1.090000 	1.090000 	53.880600 	0.000000 	0.171820 	0.816791 	0.221554 	-0.000000 	0.068175 	0.134801 	0.087044 	1.000000 	0.000000 	0.058473 	0.000000 	0.000005 	0.000000 	0.000000 	0.000000 	
3 	 -18 	0.000000 	1.095390 	1.095390 	54.317800 	0.000000 	0.172918 	0.829072 	0.222980 	-0.000000 	0.066499 	0.129849 	0.084885 	1.000000 	0.000000 	0.049229 	0.000000 	0.000006 	0.000000 	0.000000 	0.000000 	
3 	 -18 	0.000000 	1.100790 	1.100790 	54.760100 	0.000000 	0.174011 	0.841235 	0.224402 	-0.000000 	0.064846 	0.125037 	0.082757 	1.000000 	0.000000 	0.041271 	0.000000 	0.000006 	0.000000 	0.000000 	0.000000 	
3 	 -18 	0.000000 	1.106220 	1.106220 	55.207200 	0.000000 	0.175103 	0.853269 	0.225822 	-0.000000 	0.063218 	0.120359 	0.080661 	1.000000 	0.000000 	0.034459 	0.000000 	0.000007 	0.000000 	0.000000 	0.000000 	
3 	 -18 	0.000000 	1.111670 	1.111670 	55.658600 	0.000000 	0.176193 	0.865181 	0.227240 	-0.000000 	0.061616 	0.115818 	0.078600 	1.000000 	0.000000 	0.028659 	0.000000 	0.000008 	0.000000 	0.000000 	0.000000 	
3 	 -18 	0.000000 	1.117140 	1.117140 	56.113900 	0.000000 	0.177284 	0.876969 	0.228659 	-0.000000 	0.060040 	0.111408 	0.076572 	1.000000 	0.000000 	0.023746 	0.000000 	0.000009 	0.000000 	0.000000 	0.000000 	
3 	 -18 	0.000000 	1.122640 	1.122640 	56.572800 	0.000000 	0.178376 	0.888638 	0.230080 	-0.000000 	0.058491 	0.107130 	0.074581 	1.000000 	0.000000 	0.019604 	0.000000 	0.000010 	0.000000 	0.000000 	0.000000 	
3 	 -18 	0.000000 	1.128160 	1.128160 	57.034900 	0.000000 	0.179468 	0.900186 	0.231502 	-0.000000 	0.056970 	0.102980 	0.072626 	1.000000 	0.000000 	0.008354 	0.006697 	0.008354 	-0.006697 	0.000000 	0.000000 	
3 	 -18 	0.000000 	1.133710 	1.133710 	57.499700 	0.000000 	0.180564 	0.911615 	0.232928 	-0.000000 	0.055478 	0.098960 	0.070709 	1.000000 	0.000000 	0.006855 	0.007035 	0.006855 	-0.007035 	0.000000 	0.000000 	
3 	 -18 	0.000000 	1.139280 	1.139280 	57.966900 	0.000000 	0.181662 	0.922925 	0.234358 	-0.000000 	0.054015 	0.095061 	0.068830 	1.000000 	0.000000 	0.005598 	0.006682 	0.005598 	-0.006682 	0.000000 	0.000000 	
3 	 -18 	0.000000 	1.144880 	1.144880 	58.436100 	-0.000000 	0.182764 	0.934117 	0.235791 	-0.000000 	0.052582 	0.091286 	0.066990 	1.000000 	0.000000 	0.004546 	0.005783 	0.004546 	-0.005783 	0.000000 	0.000000 	
3 	 -18 	0.000000 	1.150510 	1.150510 	58.906900 	0.000000 	0.183871 	0.945199 	0.237231 	0.000000 	0.051179 	0.087635 	0.065190 	1.000000 	0.000000 	0.003666 	0.004219 	0.003666 	-0.004219 	0.000000 	0.000000 	
3 	 -18 	0.000000 	1.156170 	1.156170 	59.379100 	0.000000 	0.184982 	0.956165 	0.238679 	-0.000000 	0.049807 	0.084104 	0.063429 	1.000000 	0.000000 	0.003606 	0.000000 	0.002257 	0.000000 	0.000000 	0.000000 	
3 	 -18 	0.000000 	1.161870 	1.161870 	59.852200 	-0.000000 	0.186097 	0.967020 	0.240132 	-0.000000 	0.048466 	0.080690 	0.061709 	1.000000 	0.000000 	0.006797 	0.000000 	-0.002162 	0.000000 	0.000000 	0.000000 	
3 	 -18 	0.000000 	1.167590 	1.167590 	60.325900 	-0.000000 	0.187219 	0.977773 	0.241593 	-0.000000 	0.047156 	0.077391 	0.060031 	1.000000 	0.000000 	0.008118 	0.000000 	-0.004512 	0.000000 	0.000000 	0.000000 	
3 	 -18 	0.000000 	1.173350 	1.173350 	60.799900 	0.000000 	0.188346 	0.988418 	0.243061 	-0.000000 	0.045878 	0.074207 	0.058392 	1.000000 	0.000000 	0.009037 	0.000000 	-0.006294 	0.000000 	0.000000 	0.000000 	
3 	 -18 	0.000000 	1.179140 	1.179140 	61.274000 	0.000000 	0.189481 	0.998958 	0.244538 	-0.000000 	0.044632 	0.071135 	0.056795 	0.999997 	0.000000 	-0.007694 	0.000000 	0.000000 	0.000000 	0.009709 	0.000000 	
3 	 -18 	0.000000 	1.184970 	1.184970 	61.747800 	0.000000 	0.190621 	1.009400 	0.246024 	-0.000000 	0.043416 	0.068174 	0.055238 	0.999998 	0.000000 	0.010198 	0.000000 	0.000000 	0.000000 	-0.008802 	0.000000 	
3 	 -18 	0.000000 	1.190840 	1.190840 	62.221000 	0.000000 	0.191768 	1.019750 	0.247519 	-0.000000 	0.042232 	0.065320 	0.053723 	0.999998 	0.000000 	0.010509 	0.000000 	0.000000 	0.000000 	-0.009643 	0.000000 	
3 	 -18 	0.000000 	1.196740 	1.196740 	62.693500 	0.000000 	0.192922 	1.030000 	0.249023 	-0.000000 	0.041080 	0.062571 	0.052247 	0.999998 	0.000000 	0.010649 	0.000000 	0.000000 	0.000000 	-0.010243 	0.000000 	
3 	 -18 	0.000000 	1.202680 	1.202680 	63.165000 	0.000000 	0.194084 	1.040160 	0.250535 	0.000000 	0.039959 	0.059926 	0.050813 	0.999999 	0.000000 	0.010622 	0.000000 	-0.010618 	0.000000 	0.000000 	0.000000 	
