1 	 2 	0.000000 	0.106767 	0.200000 	0.000000 	0.106667 	0.000126 	0.106667 	0.000126 	0.106667 	0.000126 	0.106667 	0.000126 	0.246612 	0.000000 	0.999887 	0.000000 	0.607000 	0.000000 	0.606893 	0.000000 	
1 	 2 	0.000000 	0.106866 	0.200000 	0.000000 	0.106667 	0.000249 	0.106667 	0.000249 	0.106667 	0.000249 	0.106667 	0.000249 	0.246628 	0.000000 	0.999775 	0.000000 	0.607460 	0.000000 	0.607248 	0.000000 	
1 	 2 	0.000000 	0.107064 	0.200000 	0.000000 	0.106667 	0.000495 	0.106667 	0.000495 	0.106667 	0.000495 	0.106667 	0.000495 	0.246658 	0.000000 	0.999552 	0.000000 	0.608380 	0.000000 	0.607958 	0.000000 	
1 	 2 	0.000000 	0.107461 	0.200000 	0.000000 	0.106667 	0.000986 	0.106667 	0.000986 	0.106667 	0.000986 	0.106667 	0.000986 	0.246718 	0.000000 	0.999102 	0.000000 	0.610225 	0.000000 	0.609379 	0.000000 	
1 	 2 	0.000000 	0.107961 	0.200000 	0.000000 	0.106667 	0.001598 	0.106667 	0.001598 	0.106667 	0.001598 	0.106667 	0.001598 	0.246792 	0.000000 	0.998534 	0.000000 	0.611157 	0.000000 	0.612539 	0.000000 	
1 	 2 	0.000000 	0.108464 	0.200000 	0.000000 	0.106667 	0.002209 	0.106667 	0.002209 	0.106667 	0.002209 	0.106667 	0.002209 	0.246866 	0.000000 	0.997958 	0.000000 	0.612937 	0.000000 	0.614862 	0.000000 	
1 	 2 	0.000000 	0.108970 	0.200000 	0.000000 	0.106667 	0.002819 	0.106667 	0.002819 	0.106667 	0.002819 	0.106667 	0.002819 	0.246940 	0.000000 	0.997375 	0.000000 	0.617194 	0.000000 	0.614719 	0.000000 	
1 	 2 	0.000000 	0.109481 	0.200000 	0.000000 	0.106667 	0.003427 	0.106667 	0.003427 	0.106667 	0.003427 	0.106667 	0.003427 	0.247012 	0.000000 	0.996784 	0.000000 	0.619535 	0.000000 	0.616504 	0.000000 	
1 	 2 	0.000000 	0.109994 	0.200000 	0.000000 	0.106667 	0.004034 	0.106667 	0.004034 	0.106667 	0.004034 	0.106667 	0.004034 	0.247084 	0.000000 	0.996186 	0.000000 	0.621884 	0.000000 	0.618290 	0.000000 	
1 	 2 	0.000000 	0.110512 	0.200000 	0.000000 	0.106667 	0.004639 	0.106667 	0.004639 	0.106667 	0.004639 	0.106667 	0.004639 	0.247156 	0.000000 	0.995580 	0.000000 	0.624243 	0.000000 	0.620078 	0.000000 	
1 	 2 	0.000000 	0.111032 	0.200000 	0.000000 	0.106667 	0.005243 	0.106667 	0.005243 	0.106667 	0.005243 	0.106667 	0.005243 	0.247227 	0.000000 	0.994966 	0.000000 	0.626611 	0.000000 	0.621868 	0.000000 	
1 	 2 	0.000000 	0.111557 	0.200000 	0.000000 	0.106667 	0.005845 	0.106667 	0.005845 	0.106667 	0.005845 	0.106667 	0.005845 	0.247297 	0.000000 	0.994343 	0.000000 	0.628988 	0.000000 	0.623660 	0.000000 	
1 	 2 	0.000000 	0.112085 	0.200000 	0.000000 	0.106667 	0.006445 	0.106667 	0.006445 	0.106667 	0.006445 	0.106667 	0.006445 	0.247367 	0.000000 	0.993713 	0.000000 	0.631375 	0.000000 	0.625453 	0.000000 	
1 	 2 	0.000000 	0.112616 	0.200000 	0.000000 	0.106667 	0.007044 	0.106667 	0.007044 	0.106667 	0.007044 	0.106667 	0.007044 	0.247436 	0.000000 	0.993074 	0.000000 	0.633771 	0.000000 	0.627248 	0.000000 	
1 	 2 	0.000000 	0.113152 	0.200000 	0.000000 	0.106667 	0.007641 	0.106667 	0.007641 	0.106667 	0.007641 	0.106667 	0.007641 	0.247504 	0.000000 	0.992426 	0.000000 	0.636176 	0.000000 	0.629044 	0.000000 	
1 	 2 	0.000000 	0.113690 	0.200000 	0.000000 	0.106667 	0.008237 	0.106667 	0.008237 	0.106667 	0.008237 	0.106667 	0.008237 	0.247572 	0.000000 	0.991769 	0.000000 	0.638592 	0.000000 	0.630841 	0.000000 	
1 	 2 	0.000000 	0.114233 	0.200000 	0.000000 	0.106667 	0.008831 	0.106667 	0.008831 	0.106667 	0.008831 	0.106667 	0.008831 	0.247639 	0.000000 	0.991103 	0.000000 	0.641017 	0.000000 	0.632640 	0.000000 	
1 	 2 	0.000000 	0.114779 	0.200000 	0.000000 	0.106667 	0.009424 	0.106667 	0.009424 	0.106667 	0.009424 	0.106667 	0.009424 	0.247706 	0.000000 	0.990428 	0.000000 	0.643452 	0.000000 	0.634439 	0.000000 	
1 	 2 	0.000000 	0.115329 	0.200000 	0.000000 	0.106667 	0.010014 	0.106667 	0.010014 	0.106667 	0.010014 	0.106667 	0.010014 	0.247772 	0.000000 	0.989744 	0.000000 	0.645897 	0.000000 	0.636240 	0.000000 	
1 	 2 	0.000000 	0.115882 	0.200000 	0.000000 	0.106667 	0.010603 	0.106667 	0.010603 	0.106667 	0.010603 	0.106667 	0.010603 	0.247838 	0.000000 	0.989049 	0.000000 	0.648352 	0.000000 	0.638041 	0.000000 	
1 	 2 	0.000000 	0.116439 	0.200000 	0.000000 	0.106667 	0.011190 	0.106667 	0.011190 	0.106667 	0.011190 	0.106667 	0.011190 	0.247903 	0.000000 	0.988345 	0.000000 	0.650817 	0.000000 	0.639843 	0.000000 	
1 	 2 	0.000000 	0.117000 	0.200000 	0.000000 	0.106667 	0.011776 	0.106667 	0.011776 	0.106667 	0.011776 	0.106667 	0.011776 	0.247967 	0.000000 	0.987630 	0.000000 	0.653293 	0.000000 	0.641646 	0.000000 	
1 	 2 	0.000000 	0.117564 	0.200000 	0.000000 	0.106667 	0.012360 	0.106667 	0.012360 	0.106667 	0.012360 	0.106667 	0.012360 	0.248031 	0.000000 	0.986905 	0.000000 	0.655780 	0.000000 	0.643450 	0.000000 	
1 	 2 	0.000000 	0.118133 	0.200000 	0.000000 	0.106667 	0.012941 	0.106667 	0.012941 	0.106667 	0.012941 	0.106667 	0.012941 	0.248094 	0.000000 	0.986169 	0.000000 	0.658277 	0.000000 	0.645254 	0.000000 	
1 	 2 	0.000000 	0.118705 	0.200000 	0.000000 	0.106667 	0.013522 	0.106667 	0.013522 	0.106667 	0.013522 	0.106667 	0.013522 	0.248157 	0.000000 	0.985422 	0.000000 	0.660785 	0.000000 	0.647058 	0.000000 	
1 	 2 	0.000000 	0.119280 	0.200000 	0.000000 	0.106667 	0.014100 	0.106667 	0.014100 	0.106667 	0.014100 	0.106667 	0.014100 	0.248220 	0.000000 	0.984663 	0.000000 	0.663305 	0.000000 	0.648862 	0.000000 	
1 	 2 	0.000000 	0.119860 	0.200000 	0.000000 	0.106667 	0.014676 	0.106667 	0.014676 	0.106667 	0.014676 	0.106667 	0.014676 	0.248281 	0.000000 	0.983893 	0.000000 	0.665835 	0.000000 	0.650667 	0.000000 	
1 	 2 	0.000000 	0.120443 	0.200000 	0.000000 	0.106667 	0.015251 	0.106667 	0.015251 	0.106667 	0.015251 	0.106667 	0.015251 	0.248342 	0.000000 	0.983111 	0.000000 	0.668378 	0.000000 	0.652471 	0.000000 	
1 	 2 	0.000000 	0.121030 	0.200000 	0.000000 	0.106667 	0.015823 	0.106667 	0.015823 	0.106667 	0.015823 	0.106667 	0.015823 	0.248403 	0.000000 	0.982317 	0.000000 	0.670932 	0.000000 	0.654276 	0.000000 	
1 	 2 	0.000000 	0.121620 	0.200000 	0.000000 	0.106667 	0.016394 	0.106667 	0.016394 	0.106667 	0.016394 	0.106667 	0.016394 	0.248463 	0.000000 	0.981509 	0.000000 	0.673498 	0.000000 	0.656080 	0.000000 	
1 	 2 	0.000000 	0.122215 	0.200000 	0.000000 	0.106667 	0.016962 	0.106667 	0.016962 	0.106667 	0.016962 	0.106667 	0.016962 	0.248523 	0.000000 	0.980689 	0.000000 	0.676077 	0.000000 	0.657884 	0.000000 	
1 	 2 	0.000000 	0.122813 	0.200000 	0.000000 	0.106667 	0.017529 	0.106667 	0.017529 	0.106667 	0.017529 	0.106667 	0.017529 	0.248582 	0.000000 	0.979856 	0.000000 	0.678668 	0.000000 	0.659688 	0.000000 	
1 	 2 	0.000000 	0.123414 	0.200000 	0.000000 	0.106667 	0.018094 	0.106667 	0.018094 	0.106667 	0.018094 	0.106667 	0.018094 	0.248640 	0.000000 	0.979008 	0.000000 	0.681273 	0.000000 	0.661491 	0.000000 	
1 	 2 	0.000000 	0.124020 	0.200000 	0.000000 	0.106667 	0.018656 	0.106667 	0.018656 	0.106667 	0.018656 	0.106667 	0.018656 	0.248698 	0.000000 	0.978147 	0.000000 	0.683890 	0.000000 	0.663293 	0.000000 	
1 	 2 	0.000000 	0.124629 	0.200000 	0.000000 	0.106667 	0.019217 	0.106667 	0.019217 	0.106667 	0.019217 	0.106667 	0.019217 	0.248756 	0.000000 	0.977270 	0.000000 	0.686521 	0.000000 	0.665095 	0.000000 	
1 	 2 	0.000000 	0.125242 	0.200000 	0.000000 	0.106667 	0.019776 	0.106667 	0.019776 	0.106667 	0.019776 	0.106667 	0.019776 	0.248813 	0.000000 	0.976379 	0.000000 	0.689167 	0.000000 	0.666895 	0.000000 	
1 	 2 	0.000000 	0.125859 	0.200000 	0.000000 	0.106667 	0.020332 	0.106667 	0.020332 	0.106667 	0.020332 	0.106667 	0.020332 	0.248869 	0.000000 	0.975471 	0.000000 	0.691826 	0.000000 	0.668695 	0.000000 	
1 	 2 	0.000000 	0.126480 	0.200000 	0.000000 	0.106667 	0.020887 	0.106667 	0.020887 	0.106667 	0.020887 	0.106667 	0.020887 	0.248925 	0.000000 	0.974548 	0.000000 	0.694501 	0.000000 	0.670494 	0.000000 	
1 	 2 	0.000000 	0.127104 	0.200000 	0.000000 	0.106667 	0.021439 	0.106667 	0.021439 	0.106667 	0.021439 	0.106667 	0.021439 	0.248981 	0.000000 	0.973607 	0.000000 	0.697190 	0.000000 	0.672291 	0.000000 	
1 	 2 	0.000000 	0.127732 	0.200000 	0.000000 	0.106667 	0.021989 	0.106667 	0.021989 	0.106667 	0.021989 	0.106667 	0.021989 	0.249035 	0.000000 	0.972650 	0.000000 	0.699896 	0.000000 	0.674087 	0.000000 	
1 	 2 	0.000000 	0.128364 	0.200000 	0.000000 	0.106667 	0.022537 	0.106667 	0.022537 	0.106667 	0.022537 	0.106667 	0.022537 	0.249090 	0.000000 	0.971674 	0.000000 	0.702617 	0.000000 	0.675882 	0.000000 	
1 	 2 	0.000000 	0.129000 	0.200000 	0.000000 	0.106667 	0.023083 	0.106667 	0.023083 	0.106667 	0.023083 	0.106667 	0.023083 	0.249144 	0.000000 	0.970679 	0.000000 	0.705356 	0.000000 	0.677675 	0.000000 	
1 	 2 	0.000000 	0.129639 	0.200000 	0.000000 	0.106667 	0.023627 	0.106667 	0.023627 	0.106667 	0.023627 	0.106667 	0.023627 	0.249197 	0.000000 	0.969665 	0.000000 	0.708112 	0.000000 	0.679466 	0.000000 	
1 	 2 	0.000000 	0.130282 	0.200000 	0.000000 	0.106667 	0.024169 	0.106667 	0.024169 	0.106667 	0.024169 	0.106667 	0.024169 	0.249250 	0.000000 	0.968631 	0.000000 	0.710886 	0.000000 	0.681256 	0.000000 	
1 	 2 	0.000000 	0.130929 	0.200000 	0.000000 	0.106667 	0.024708 	0.106667 	0.024708 	0.106667 	0.024708 	0.106667 	0.024708 	0.249303 	0.000000 	0.967576 	0.000000 	0.713679 	0.000000 	0.683043 	0.000000 	
1 	 2 	0.000000 	0.131580 	0.200000 	0.000000 	0.106667 	0.025245 	0.106667 	0.025245 	0.106667 	0.025245 	0.106667 	0.025245 	0.249355 	0.000000 	0.966499 	0.000000 	0.716492 	0.000000 	0.684829 	0.000000 	
1 	 2 	0.000000 	0.132234 	0.200000 	0.000000 	0.106667 	0.025780 	0.106667 	0.025780 	0.106667 	0.025780 	0.106667 	0.025780 	0.249407 	0.000000 	0.965399 	0.000000 	0.719325 	0.000000 	0.686613 	0.000000 	
1 	 2 	0.000000 	0.132892 	0.200000 	0.000000 	0.106667 	0.026312 	0.106667 	0.026312 	0.106667 	0.026312 	0.106667 	0.026312 	0.249458 	0.000000 	0.964275 	0.000000 	0.722179 	0.000000 	0.688394 	0.000000 	
1 	 2 	0.000000 	0.133553 	0.200000 	0.000000 	0.106667 	0.026842 	0.106667 	0.026842 	0.106667 	0.026842 	0.106667 	0.026842 	0.249508 	0.000000 	0.963127 	0.000000 	0.725056 	0.000000 	0.690173 	0.000000 	
1 	 2 	0.000000 	0.134219 	0.200000 	0.000000 	0.106667 	0.027370 	0.106667 	0.027370 	0.106667 	0.027370 	0.106667 	0.027370 	0.249558 	0.000000 	0.961952 	0.000000 	0.727956 	0.000000 	0.691949 	0.000000 	
1 	 2 	0.000000 	0.134888 	0.200000 	0.000000 	0.106667 	0.027896 	0.106667 	0.027896 	0.106667 	0.027896 	0.106667 	0.027896 	0.249608 	0.000000 	0.960750 	0.000000 	0.730881 	0.000000 	0.693723 	0.000000 	
1 	 2 	0.000000 	0.135561 	0.200000 	0.000000 	0.106667 	0.028419 	0.106667 	0.028419 	0.106667 	0.028419 	0.106667 	0.028419 	0.249657 	0.000000 	0.959519 	0.000000 	0.733831 	0.000000 	0.695494 	0.000000 	
1 	 2 	0.000000 	0.136237 	0.200000 	0.000000 	0.106667 	0.028940 	0.106667 	0.028940 	0.106667 	0.028940 	0.106667 	0.028940 	0.249706 	0.000000 	0.958258 	0.000000 	0.736809 	0.000000 	0.697262 	0.000000 	
1 	 2 	0.000000 	0.136917 	0.200000 	0.000000 	0.106667 	0.029458 	0.106667 	0.029458 	0.106667 	0.029458 	0.106667 	0.029458 	0.249754 	0.000000 	0.956964 	0.000000 	0.739816 	0.000000 	0.699027 	0.000000 	
1 	 2 	0.000000 	0.137600 	0.200000 	0.000000 	0.106667 	0.029975 	0.106667 	0.029975 	0.106667 	0.029975 	0.106667 	0.029975 	0.249802 	0.000000 	0.955637 	0.000000 	0.742853 	0.000000 	0.700789 	0.000000 	
1 	 2 	0.000000 	0.138288 	0.200000 	0.000000 	0.106667 	0.030488 	0.106667 	0.030488 	0.106667 	0.030488 	0.106667 	0.030488 	0.249850 	0.000000 	0.954275 	0.000000 	0.745923 	0.000000 	0.702548 	0.000000 	
1 	 2 	0.000000 	0.138979 	0.200000 	0.000000 	0.106667 	0.030999 	0.106667 	0.030999 	0.106667 	0.030999 	0.106667 	0.030999 	0.249897 	0.000000 	0.952874 	0.000000 	0.749027 	0.000000 	0.704304 	0.000000 	
1 	 2 	0.000000 	0.139673 	0.200000 	0.000000 	0.106667 	0.031508 	0.106667 	0.031508 	0.106667 	0.031508 	0.106667 	0.031508 	0.249943 	0.000000 	0.951434 	0.000000 	0.752167 	0.000000 	0.706056 	0.000000 	
1 	 2 	0.000000 	0.140371 	0.200000 	0.000000 	0.106667 	0.032015 	0.106667 	0.032015 	0.106667 	0.032015 	0.106667 	0.032015 	0.249989 	0.000000 	0.949950 	0.000000 	0.755348 	0.000000 	0.707805 	0.000000 	
1 	 2 	0.000000 	0.141073 	0.200000 	0.000000 	0.106667 	0.032518 	0.106667 	0.032518 	0.106667 	0.032518 	0.106667 	0.032518 	0.250035 	0.000000 	0.948420 	0.000000 	0.758570 	0.000000 	0.709550 	0.000000 	
1 	 2 	0.000000 	0.141778 	0.200000 	0.000000 	0.106667 	0.033020 	0.106667 	0.033020 	0.106667 	0.033020 	0.106667 	0.033020 	0.250080 	0.000000 	0.946841 	0.000000 	0.761838 	0.000000 	0.711292 	0.000000 	
1 	 2 	0.000000 	0.142486 	0.200000 	0.000000 	0.106667 	0.033519 	0.106667 	0.033519 	0.106667 	0.033519 	0.106667 	0.033519 	0.250125 	0.000000 	0.945209 	0.000000 	0.765155 	0.000000 	0.713030 	0.000000 	
1 	 2 	0.000000 	0.143199 	0.200000 	0.000000 	0.106667 	0.034015 	0.106667 	0.034015 	0.106667 	0.034015 	0.106667 	0.034015 	0.250170 	0.000000 	0.943519 	0.000000 	0.768525 	0.000000 	0.714763 	0.000000 	
1 	 2 	0.000000 	0.143914 	0.200000 	0.000000 	0.106667 	0.034509 	0.106667 	0.034509 	0.106667 	0.034509 	0.106667 	0.034509 	0.250213 	0.000000 	0.941767 	0.000000 	0.771954 	0.000000 	0.716493 	0.000000 	
1 	 2 	0.000000 	0.144633 	0.200000 	0.000000 	0.106667 	0.035000 	0.106667 	0.035000 	0.106667 	0.035000 	0.106667 	0.035000 	0.250257 	0.000000 	0.939947 	0.000000 	0.775447 	0.000000 	0.718219 	0.000000 	
1 	 2 	0.000000 	0.145356 	0.200000 	0.000000 	0.106667 	0.035489 	0.106667 	0.035489 	0.106667 	0.035489 	0.106667 	0.035489 	0.250300 	0.000000 	0.938053 	0.000000 	0.779009 	0.000000 	0.719940 	0.000000 	
1 	 2 	0.000000 	0.146082 	0.200000 	0.000000 	0.106667 	0.035976 	0.106667 	0.035976 	0.106667 	0.035976 	0.106667 	0.035976 	0.250343 	0.000000 	0.936076 	0.000000 	0.782650 	0.000000 	0.721657 	0.000000 	
1 	 2 	0.000000 	0.146811 	0.200000 	0.000000 	0.106667 	0.036459 	0.106667 	0.036459 	0.106667 	0.036459 	0.106667 	0.036459 	0.250385 	0.000000 	0.934008 	0.000000 	0.786378 	0.000000 	0.723370 	0.000000 	
1 	 2 	0.000000 	0.147544 	0.200000 	0.000000 	0.106667 	0.036940 	0.106667 	0.036940 	0.106667 	0.036940 	0.106667 	0.036940 	0.250427 	0.000000 	0.931837 	0.000000 	0.790203 	0.000000 	0.725078 	0.000000 	
1 	 2 	0.000000 	0.148280 	0.200000 	0.000000 	0.106667 	0.037419 	0.106667 	0.037419 	0.106667 	0.037419 	0.106667 	0.037419 	0.250469 	0.000000 	0.929551 	0.000000 	0.794139 	0.000000 	0.726782 	0.000000 	
1 	 2 	0.000000 	0.149020 	0.200000 	0.000000 	0.106667 	0.037895 	0.106667 	0.037895 	0.106667 	0.037895 	0.106667 	0.037895 	0.250510 	0.000000 	0.927134 	0.000000 	0.798202 	0.000000 	0.728481 	0.000000 	
1 	 2 	0.000000 	0.149763 	0.200000 	0.000000 	0.106667 	0.038368 	0.106667 	0.038368 	0.106667 	0.038368 	0.106667 	0.038368 	0.250551 	0.000000 	0.924564 	0.000000 	0.802412 	0.000000 	0.730175 	0.000000 	
1 	 2 	0.000000 	0.150509 	0.200000 	0.000000 	0.106667 	0.038839 	0.106667 	0.038839 	0.106667 	0.038839 	0.106667 	0.038839 	0.250591 	0.000000 	0.921815 	0.000000 	0.806797 	0.000000 	0.731864 	0.000000 	
1 	 2 	0.000000 	0.151258 	0.200000 	0.000000 	0.106667 	0.039307 	0.106667 	0.039307 	0.106667 	0.039307 	0.106667 	0.039307 	0.250631 	0.000000 	0.918852 	0.000000 	0.811391 	0.000000 	0.733548 	0.000000 	
1 	 2 	0.000000 	0.152011 	0.200000 	0.000000 	0.106667 	0.039773 	0.106667 	0.039773 	0.106667 	0.039773 	0.106667 	0.039773 	0.250670 	0.000000 	0.915626 	0.000000 	0.816241 	0.000000 	0.735227 	0.000000 	
1 	 2 	0.000000 	0.152767 	0.200000 	0.000000 	0.106667 	0.040236 	0.106667 	0.040236 	0.106667 	0.040236 	0.106667 	0.040236 	0.250710 	0.000000 	0.912070 	0.000000 	0.821418 	0.000000 	0.736901 	0.000000 	
1 	 2 	0.000000 	0.153526 	0.200000 	0.000000 	0.106667 	0.040696 	0.106667 	0.040696 	0.106667 	0.040696 	0.106667 	0.040696 	0.250748 	0.000000 	0.908076 	0.000000 	0.827027 	0.000000 	0.738570 	0.000000 	
1 	 2 	0.000000 	0.154288 	0.200000 	0.000000 	0.106667 	0.041154 	0.106667 	0.041154 	0.106667 	0.041154 	0.106667 	0.041154 	0.250787 	0.000000 	0.903466 	0.000000 	0.833247 	0.000000 	0.740233 	0.000000 	
1 	 2 	0.000000 	0.155054 	0.200000 	0.000000 	0.106667 	0.041609 	0.106667 	0.041609 	0.106667 	0.041609 	0.106667 	0.041609 	0.250825 	0.000000 	0.897897 	0.000000 	0.840420 	0.000000 	0.741891 	0.000000 	
1 	 2 	0.000000 	0.155822 	0.200000 	0.000000 	0.106667 	0.042061 	0.106667 	0.042061 	0.106667 	0.042061 	0.106667 	0.042061 	0.250862 	0.000000 	0.890496 	0.000000 	0.849420 	0.000000 	0.743544 	0.000000 	
1 	 2 	0.000000 	0.156594 	0.200000 	0.000000 	0.106667 	0.042511 	0.106667 	0.042511 	0.106667 	0.042511 	0.106667 	0.042511 	0.250900 	0.000000 	0.875272 	0.000000 	0.866237 	0.000000 	0.745191 	0.000000 	
1 	 2 	0.000000 	0.157369 	0.200000 	281.611000 	0.106667 	0.042958 	0.106667 	0.042958 	0.106667 	0.042958 	0.106667 	0.042958 	0.250937 	0.000000 	0.871549 	0.019449 	0.871549 	-0.019449 	0.746832 	0.000000 	
1 	 2 	0.000000 	0.158146 	0.200000 	197.055000 	0.106667 	0.043403 	0.106667 	0.043403 	0.106667 	0.043403 	0.106667 	0.043403 	0.250973 	0.000000 	0.872340 	0.027824 	0.872340 	-0.027824 	0.748468 	0.000000 	
1 	 2 	0.000000 	0.158927 	0.200000 	160.645000 	0.106667 	0.043845 	0.106667 	0.043845 	0.106667 	0.043845 	0.106667 	0.043845 	0.251010 	0.000000 	0.873128 	0.034167 	0.873128 	-0.034167 	0.750097 	0.000000 	
1 	 2 	0.000000 	0.159711 	0.200000 	139.211000 	0.106667 	0.044284 	0.106667 	0.044284 	0.106667 	0.044284 	0.106667 	0.044284 	0.251045 	0.000000 	0.873913 	0.039470 	0.873913 	-0.039470 	0.751721 	0.000000 	
1 	 2 	0.000000 	0.160498 	0.200000 	124.701000 	0.106667 	0.044720 	0.106667 	0.044720 	0.106667 	0.044720 	0.106667 	0.044720 	0.251081 	0.000000 	0.874695 	0.044110 	0.874695 	-0.044110 	0.753339 	0.000000 	
1 	 2 	0.000000 	0.161287 	0.200000 	114.057000 	0.106667 	0.045154 	0.106667 	0.045154 	0.106667 	0.045154 	0.106667 	0.045154 	0.251116 	0.000000 	0.875475 	0.048277 	0.875475 	-0.048277 	0.754952 	0.000000 	
1 	 2 	0.000000 	0.162080 	0.200000 	105.826000 	0.106667 	0.045585 	0.106667 	0.045585 	0.106667 	0.045585 	0.106667 	0.045585 	0.251151 	0.000000 	0.876251 	0.052087 	0.876251 	-0.052087 	0.756558 	0.000000 	
1 	 2 	0.000000 	0.162875 	0.200000 	99.222900 	0.106667 	0.046014 	0.106667 	0.046014 	0.106667 	0.046014 	0.106667 	0.046014 	0.251185 	0.000000 	0.877025 	0.055611 	0.877025 	-0.055611 	0.758158 	0.000000 	
1 	 2 	0.000000 	0.163674 	0.200000 	93.776500 	0.106667 	0.046440 	0.106667 	0.046440 	0.106667 	0.046440 	0.106667 	0.046440 	0.251220 	0.000000 	0.877795 	0.058902 	0.877795 	-0.058902 	0.759751 	0.000000 	
1 	 2 	0.000000 	0.164475 	0.200000 	89.187600 	0.106667 	0.046863 	0.106667 	0.046863 	0.106667 	0.046863 	0.106667 	0.046863 	0.251253 	0.000000 	0.878562 	0.061997 	0.878562 	-0.061997 	0.761339 	0.000000 	
1 	 2 	0.000000 	0.165279 	0.200000 	85.255000 	0.106667 	0.047283 	0.106667 	0.047283 	0.106667 	0.047283 	0.106667 	0.047283 	0.251287 	0.000000 	0.879326 	0.064923 	0.879326 	-0.064923 	0.762920 	0.000000 	
1 	 2 	0.000000 	0.166085 	0.200000 	81.837700 	0.106667 	0.047701 	0.106667 	0.047701 	0.106667 	0.047701 	0.106667 	0.047701 	0.251320 	0.000000 	0.880087 	0.067703 	0.880087 	-0.067703 	0.764495 	0.000000 	
1 	 2 	0.000000 	0.166895 	0.200000 	78.834000 	0.106667 	0.048117 	0.106667 	0.048117 	0.106667 	0.048117 	0.106667 	0.048117 	0.251353 	0.000000 	0.880845 	0.070354 	0.880845 	-0.070354 	0.766064 	0.000000 	
1 	 2 	0.000000 	0.167707 	0.200000 	76.167900 	0.106667 	0.048529 	0.106667 	0.048529 	0.106667 	0.048529 	0.106667 	0.048529 	0.251385 	0.000000 	0.881600 	0.072890 	0.881600 	-0.072890 	0.767626 	0.000000 	
1 	 2 	0.000000 	0.168522 	0.200000 	73.781700 	0.106667 	0.048939 	0.106667 	0.048939 	0.106667 	0.048939 	0.106667 	0.048939 	0.251417 	0.000000 	0.882351 	0.075322 	0.882351 	-0.075322 	0.769182 	0.000000 	
1 	 2 	0.000000 	0.169339 	0.200000 	71.630700 	0.106667 	0.049347 	0.106667 	0.049347 	0.106667 	0.049347 	0.106667 	0.049347 	0.251449 	0.000000 	0.883100 	0.077662 	0.883100 	-0.077662 	0.770731 	0.000000 	
1 	 2 	0.000000 	0.170159 	0.200000 	69.679400 	0.106667 	0.049751 	0.106667 	0.049751 	0.106667 	0.049751 	0.106667 	0.049751 	0.251481 	0.000000 	0.883845 	0.079916 	0.883845 	-0.079916 	0.772273 	0.000000 	
1 	 2 	0.000000 	0.170982 	0.200000 	67.899400 	0.106667 	0.050153 	0.106667 	0.050153 	0.106667 	0.050153 	0.106667 	0.050153 	0.251512 	0.000000 	0.884587 	0.082091 	0.884587 	-0.082091 	0.773809 	0.000000 	
1 	 2 	0.000000 	0.171807 	0.200000 	66.267700 	0.106667 	0.050553 	0.106667 	0.050553 	0.106667 	0.050553 	0.106667 	0.050553 	0.251543 	0.000000 	0.885325 	0.084195 	0.885325 	-0.084195 	0.775339 	0.000000 	
1 	 2 	0.000000 	0.172634 	0.200000 	64.765400 	0.106667 	0.050950 	0.106667 	0.050950 	0.106667 	0.050950 	0.106667 	0.050950 	0.251574 	0.000000 	0.886061 	0.086231 	0.886061 	-0.086231 	0.776861 	0.000000 	
1 	 2 	0.000000 	0.173465 	0.200000 	63.376700 	0.106667 	0.051344 	0.106667 	0.051344 	0.106667 	0.051344 	0.106667 	0.051344 	0.251604 	0.000000 	0.886793 	0.088206 	0.886793 	-0.088206 	0.778377 	0.000000 	
1 	 2 	0.000000 	0.174297 	0.200000 	62.088400 	0.106667 	0.051736 	0.106667 	0.051736 	0.106667 	0.051736 	0.106667 	0.051736 	0.251634 	0.000000 	0.887521 	0.090123 	0.887521 	-0.090123 	0.779886 	0.000000 	
1 	 2 	0.000000 	0.175132 	0.200000 	60.889400 	0.106667 	0.052125 	0.106667 	0.052125 	0.106667 	0.052125 	0.106667 	0.052125 	0.251664 	0.000000 	0.888247 	0.091985 	0.888247 	-0.091985 	0.781389 	0.000000 	
1 	 2 	0.000000 	0.175970 	0.200000 	59.770300 	0.106667 	0.052511 	0.106667 	0.052511 	0.106667 	0.052511 	0.106667 	0.052511 	0.251693 	0.000000 	0.888969 	0.093796 	0.888969 	-0.093796 	0.782884 	0.000000 	
1 	 2 	0.000000 	0.176809 	0.200000 	58.722700 	0.106667 	0.052895 	0.106667 	0.052895 	0.106667 	0.052895 	0.106667 	0.052895 	0.251722 	0.000000 	0.889687 	0.095559 	0.889687 	-0.095559 	0.784373 	0.000000 	
1 	 2 	0.000000 	0.177652 	0.200000 	57.739800 	0.106667 	0.053276 	0.106667 	0.053276 	0.106667 	0.053276 	0.106667 	0.053276 	0.251751 	0.000000 	0.890402 	0.097277 	0.890402 	-0.097277 	0.785855 	0.000000 	
1 	 2 	0.000000 	0.178496 	0.200000 	56.815400 	0.106667 	0.053655 	0.106667 	0.053655 	0.106667 	0.053655 	0.106667 	0.053655 	0.251780 	0.000000 	0.891114 	0.098952 	0.891114 	-0.098952 	0.787329 	0.000000 	
1 	 2 	0.000000 	0.179343 	0.200000 	55.944100 	0.106667 	0.054031 	0.106667 	0.054031 	0.106667 	0.054031 	0.106667 	0.054031 	0.251808 	0.000000 	0.891823 	0.100586 	0.891823 	-0.100586 	0.788797 	0.000000 	
1 	 2 	0.000000 	0.180192 	0.200000 	55.121400 	0.106667 	0.054405 	0.106667 	0.054405 	0.106667 	0.054405 	0.106667 	0.054405 	0.251836 	0.000000 	0.892528 	0.102181 	0.892528 	-0.102181 	0.790258 	0.000000 	
1 	 2 	0.000000 	0.181043 	0.200000 	54.343000 	0.106667 	0.054776 	0.106667 	0.054776 	0.106667 	0.054776 	0.106667 	0.054776 	0.251864 	0.000000 	0.893230 	0.103739 	0.893230 	-0.103739 	0.791712 	0.000000 	
1 	 2 	0.000000 	0.181896 	0.200000 	53.605400 	0.106667 	0.055145 	0.106667 	0.055145 	0.106667 	0.055145 	0.106667 	0.055145 	0.251891 	0.000000 	0.893928 	0.105261 	0.893928 	-0.105261 	0.793159 	0.000000 	
1 	 2 	0.000000 	0.182752 	0.200000 	52.905200 	0.106667 	0.055511 	0.106667 	0.055511 	0.106667 	0.055511 	0.106667 	0.055511 	0.251918 	0.000000 	0.894623 	0.106751 	0.894623 	-0.106751 	0.794599 	0.000000 	
1 	 2 	0.000000 	0.183610 	0.200000 	52.239600 	0.106667 	0.055874 	0.106667 	0.055874 	0.106667 	0.055874 	0.106667 	0.055874 	0.251945 	0.000000 	0.895314 	0.108207 	0.895314 	-0.108207 	0.796033 	0.000000 	
1 	 2 	0.000000 	0.184470 	0.200000 	51.605900 	0.106667 	0.056235 	0.106667 	0.056235 	0.106667 	0.056235 	0.106667 	0.056235 	0.251972 	0.000000 	0.896002 	0.109633 	0.896002 	-0.109633 	0.797459 	0.000000 	
1 	 2 	0.000000 	0.185331 	0.200000 	51.001900 	0.106667 	0.056594 	0.106667 	0.056594 	0.106667 	0.056594 	0.106667 	0.056594 	0.251998 	0.000000 	0.896687 	0.111030 	0.896687 	-0.111030 	0.798877 	0.000000 	
1 	 2 	0.000000 	0.186195 	0.200000 	50.425500 	0.106667 	0.056950 	0.106667 	0.056950 	0.106667 	0.056950 	0.106667 	0.056950 	0.252024 	0.000000 	0.897368 	0.112397 	0.897368 	-0.112397 	0.800289 	0.000000 	
1 	 2 	0.000000 	0.187061 	0.200000 	49.874600 	0.106667 	0.057304 	0.106667 	0.057304 	0.106667 	0.057304 	0.106667 	0.057304 	0.252050 	0.000000 	0.898046 	0.113738 	0.898046 	-0.113738 	0.801694 	0.000000 	
1 	 2 	0.000000 	0.187929 	0.200000 	49.347700 	0.106667 	0.057655 	0.106667 	0.057655 	0.106667 	0.057655 	0.106667 	0.057655 	0.252076 	0.000000 	0.898720 	0.115052 	0.898720 	-0.115052 	0.803092 	0.000000 	
1 	 2 	0.000000 	0.188799 	0.200000 	48.843100 	0.106667 	0.058003 	0.106667 	0.058003 	0.106667 	0.058003 	0.106667 	0.058003 	0.252101 	0.000000 	0.899391 	0.116340 	0.899391 	-0.116340 	0.804483 	0.000000 	
1 	 2 	0.000000 	0.189671 	0.200000 	48.359400 	0.106667 	0.058350 	0.106667 	0.058350 	0.106667 	0.058350 	0.106667 	0.058350 	0.252126 	0.000000 	0.900058 	0.117604 	0.900058 	-0.117604 	0.805866 	0.000000 	
1 	 2 	0.000000 	0.190545 	0.200000 	47.895300 	0.106667 	0.058694 	0.106667 	0.058694 	0.106667 	0.058694 	0.106667 	0.058694 	0.252151 	0.000000 	0.900722 	0.118845 	0.900722 	-0.118845 	0.807243 	0.000000 	
1 	 2 	0.000000 	0.191421 	0.200000 	47.449600 	0.106667 	0.059035 	0.106667 	0.059035 	0.106667 	0.059035 	0.106667 	0.059035 	0.252175 	0.000000 	0.901382 	0.120062 	0.901382 	-0.120062 	0.808612 	0.000000 	
1 	 2 	0.000000 	0.192298 	0.200000 	47.021200 	0.106667 	0.059374 	0.106667 	0.059374 	0.106667 	0.059374 	0.106667 	0.059374 	0.252200 	0.000000 	0.902039 	0.121257 	0.902039 	-0.121257 	0.809975 	0.000000 	
1 	 2 	0.000000 	0.193178 	0.200000 	46.609100 	0.106667 	0.059711 	0.106667 	0.059711 	0.106667 	0.059711 	0.106667 	0.059711 	0.252224 	0.000000 	0.902693 	0.122431 	0.902693 	-0.122431 	0.811330 	0.000000 	
1 	 2 	0.000000 	0.194059 	0.200000 	46.212400 	0.106667 	0.060045 	0.106667 	0.060045 	0.106667 	0.060045 	0.106667 	0.060045 	0.252248 	0.000000 	0.903343 	0.123584 	0.903343 	-0.123584 	0.812678 	0.000000 	
1 	 2 	0.000000 	0.194942 	0.200000 	45.830200 	0.106667 	0.060377 	0.106667 	0.060377 	0.106667 	0.060377 	0.106667 	0.060377 	0.252272 	0.000000 	0.903990 	0.124717 	0.903990 	-0.124717 	0.814019 	0.000000 	
1 	 2 	0.000000 	0.195827 	0.200000 	45.461700 	0.106667 	0.060707 	0.106667 	0.060707 	0.106667 	0.060707 	0.106667 	0.060707 	0.252295 	0.000000 	0.904633 	0.125830 	0.904633 	-0.125830 	0.815354 	0.000000 	
1 	 2 	0.000000 	0.196713 	0.200000 	45.106200 	0.106667 	0.061034 	0.106667 	0.061034 	0.106667 	0.061034 	0.106667 	0.061034 	0.252318 	0.000000 	0.905273 	0.126924 	0.905273 	-0.126924 	0.816681 	0.000000 	
1 	 2 	0.000000 	0.197601 	0.200000 	44.763000 	0.106667 	0.061359 	0.106667 	0.061359 	0.106667 	0.061359 	0.106667 	0.061359 	0.252341 	0.000000 	0.905909 	0.128000 	0.905909 	-0.128000 	0.818001 	0.000000 	
1 	 2 	0.000000 	0.198491 	0.200000 	44.431500 	0.106667 	0.061682 	0.106667 	0.061682 	0.106667 	0.061682 	0.106667 	0.061682 	0.252364 	0.000000 	0.906542 	0.129058 	0.906542 	-0.129058 	0.819313 	0.000000 	
1 	 2 	0.000000 	0.199382 	0.200000 	44.111000 	0.106667 	0.062002 	0.106667 	0.062002 	0.106667 	0.062002 	0.106667 	0.062002 	0.252386 	0.000000 	0.907171 	0.130099 	0.907171 	-0.130099 	0.820619 	0.000000 	
1 	 2 	0.000000 	0.200276 	0.200000 	43.801100 	0.106667 	0.062320 	0.106667 	0.062320 	0.106667 	0.062320 	0.106667 	0.062320 	0.252409 	0.000000 	0.907797 	0.131122 	0.907797 	-0.131122 	0.821918 	0.000000 	
1 	 2 	0.000000 	0.201170 	0.200000 	43.501200 	0.106667 	0.062636 	0.106667 	0.062636 	0.106667 	0.062636 	0.106667 	0.062636 	0.252431 	0.000000 	0.908420 	0.132130 	0.908420 	-0.132130 	0.823210 	0.000000 	
1 	 2 	0.000000 	0.202067 	0.200000 	43.210800 	0.106667 	0.062950 	0.106667 	0.062950 	0.106667 	0.062950 	0.106667 	0.062950 	0.252453 	0.000000 	0.909039 	0.133121 	0.909039 	-0.133121 	0.824495 	0.000000 	
1 	 2 	0.000000 	0.202964 	0.200000 	42.929500 	0.106667 	0.063261 	0.106667 	0.063261 	0.106667 	0.063261 	0.106667 	0.063261 	0.252474 	0.000000 	0.909655 	0.134097 	0.909655 	-0.134097 	0.825773 	0.000000 	
1 	 2 	0.000000 	0.203864 	0.200000 	42.656900 	0.106667 	0.063570 	0.106667 	0.063570 	0.106667 	0.063570 	0.106667 	0.063570 	0.252496 	0.000000 	0.910268 	0.135057 	0.910268 	-0.135057 	0.827044 	0.000000 	
1 	 2 	0.000000 	0.204765 	0.200000 	42.392500 	0.106667 	0.063877 	0.106667 	0.063877 	0.106667 	0.063877 	0.106667 	0.063877 	0.252517 	0.000000 	0.910877 	0.136002 	0.910877 	-0.136002 	0.828308 	0.000000 	
1 	 2 	0.000000 	0.205667 	0.200000 	42.136100 	0.106667 	0.064182 	0.106667 	0.064182 	0.106667 	0.064182 	0.106667 	0.064182 	0.252538 	0.000000 	0.911483 	0.136934 	0.911483 	-0.136934 	0.829565 	0.000000 	
1 	 2 	0.000000 	0.206571 	0.200000 	41.887200 	0.106667 	0.064484 	0.106667 	0.064484 	0.106667 	0.064484 	0.106667 	0.064484 	0.252559 	0.000000 	0.912085 	0.137851 	0.912085 	-0.137851 	0.830815 	0.000000 	
1 	 2 	0.000000 	0.207476 	0.200000 	41.645600 	0.106667 	0.064785 	0.106667 	0.064785 	0.106667 	0.064785 	0.106667 	0.064785 	0.252580 	0.000000 	0.912684 	0.138754 	0.912684 	-0.138754 	0.832059 	0.000000 	
1 	 2 	0.000000 	0.208383 	0.200000 	41.410800 	0.106667 	0.065083 	0.106667 	0.065083 	0.106667 	0.065083 	0.106667 	0.065083 	0.252600 	0.000000 	0.913280 	0.139643 	0.913280 	-0.139643 	0.833295 	0.000000 	
1 	 2 	0.000000 	0.209291 	0.200000 	41.182700 	0.106667 	0.065379 	0.106667 	0.065379 	0.106667 	0.065379 	0.106667 	0.065379 	0.252620 	0.000000 	0.913873 	0.140520 	0.913873 	-0.140520 	0.834525 	0.000000 	
1 	 2 	0.000000 	0.210200 	0.200000 	40.961000 	0.106667 	0.065673 	0.106667 	0.065673 	0.106667 	0.065673 	0.106667 	0.065673 	0.252641 	0.000000 	0.914462 	0.141384 	0.914462 	-0.141384 	0.835747 	0.000000 	
1 	 2 	0.000000 	0.211111 	0.200000 	40.745400 	0.106667 	0.065965 	0.106667 	0.065965 	0.106667 	0.065965 	0.106667 	0.065965 	0.252660 	0.000000 	0.915048 	0.142235 	0.915048 	-0.142235 	0.836963 	0.000000 	
1 	 2 	0.000000 	0.212023 	0.200000 	40.535600 	0.106667 	0.066255 	0.106667 	0.066255 	0.106667 	0.066255 	0.106667 	0.066255 	0.252680 	0.000000 	0.915630 	0.143074 	0.915630 	-0.143074 	0.838172 	0.000000 	
1 	 2 	0.000000 	0.212937 	0.200000 	40.331400 	0.106667 	0.066543 	0.106667 	0.066543 	0.106667 	0.066543 	0.106667 	0.066543 	0.252700 	0.000000 	0.916209 	0.143901 	0.916209 	-0.143901 	0.839375 	0.000000 	
1 	 2 	0.000000 	0.213852 	0.200000 	40.132700 	0.106667 	0.066828 	0.106667 	0.066828 	0.106667 	0.066828 	0.106667 	0.066828 	0.252719 	0.000000 	0.916785 	0.144717 	0.916785 	-0.144717 	0.840571 	0.000000 	
1 	 2 	0.000000 	0.214768 	0.200000 	39.939100 	0.106667 	0.067112 	0.106667 	0.067112 	0.106667 	0.067112 	0.106667 	0.067112 	0.252738 	0.000000 	0.917358 	0.145520 	0.917358 	-0.145520 	0.841759 	0.000000 	
1 	 2 	0.000000 	0.215685 	0.200000 	39.750600 	0.106667 	0.067393 	0.106667 	0.067393 	0.106667 	0.067393 	0.106667 	0.067393 	0.252757 	0.000000 	0.917928 	0.146313 	0.917928 	-0.146313 	0.842942 	0.000000 	
1 	 2 	0.000000 	0.216603 	0.200000 	39.566800 	0.106667 	0.067673 	0.106667 	0.067673 	0.106667 	0.067673 	0.106667 	0.067673 	0.252776 	0.000000 	0.918494 	0.147095 	0.918494 	-0.147095 	0.844117 	0.000000 	
1 	 2 	0.000000 	0.217523 	0.200000 	39.387700 	0.106667 	0.067951 	0.106667 	0.067951 	0.106667 	0.067951 	0.106667 	0.067951 	0.252794 	0.000000 	0.919057 	0.147866 	0.919057 	-0.147866 	0.845286 	0.000000 	
1 	 2 	0.000000 	0.218444 	0.200000 	39.213100 	0.106667 	0.068226 	0.106667 	0.068226 	0.106667 	0.068226 	0.106667 	0.068226 	0.252813 	0.000000 	0.919617 	0.148626 	0.919617 	-0.148626 	0.846449 	0.000000 	
1 	 2 	0.000000 	0.219366 	0.200000 	39.042800 	0.106667 	0.068500 	0.106667 	0.068500 	0.106667 	0.068500 	0.106667 	0.068500 	0.252831 	0.000000 	0.920173 	0.149376 	0.920173 	-0.149376 	0.847604 	0.000000 	
1 	 2 	0.000000 	0.220289 	0.200000 	38.876600 	0.106667 	0.068772 	0.106667 	0.068772 	0.106667 	0.068772 	0.106667 	0.068772 	0.252849 	0.000000 	0.920727 	0.150116 	0.920727 	-0.150116 	0.848754 	0.000000 	
1 	 2 	0.000000 	0.221214 	0.200000 	38.714400 	0.106667 	0.069042 	0.106667 	0.069042 	0.106667 	0.069042 	0.106667 	0.069042 	0.252867 	0.000000 	0.921277 	0.150846 	0.921277 	-0.150846 	0.849896 	0.000000 	
1 	 2 	0.000000 	0.222139 	0.200000 	38.556100 	0.106667 	0.069309 	0.106667 	0.069309 	0.106667 	0.069309 	0.106667 	0.069309 	0.252885 	0.000000 	0.921825 	0.151567 	0.921825 	-0.151567 	0.851033 	0.000000 	
1 	 2 	0.000000 	0.223066 	0.200000 	38.401500 	0.106667 	0.069575 	0.106667 	0.069575 	0.106667 	0.069575 	0.106667 	0.069575 	0.252902 	0.000000 	0.922369 	0.152278 	0.922369 	-0.152278 	0.852162 	0.000000 	
1 	 2 	0.000000 	0.223993 	0.200000 	38.250600 	0.106667 	0.069839 	0.106667 	0.069839 	0.106667 	0.069839 	0.106667 	0.069839 	0.252920 	0.000000 	0.922910 	0.152979 	0.922910 	-0.152979 	0.853286 	0.000000 	
1 	 2 	0.000000 	0.224922 	0.200000 	38.103100 	0.106667 	0.070102 	0.106667 	0.070102 	0.106667 	0.070102 	0.106667 	0.070102 	0.252937 	0.000000 	0.923447 	0.153672 	0.923447 	-0.153672 	0.854403 	0.000000 	
1 	 2 	0.000000 	0.225852 	0.200000 	37.959000 	0.106667 	0.070362 	0.106667 	0.070362 	0.106667 	0.070362 	0.106667 	0.070362 	0.252954 	0.000000 	0.923982 	0.154355 	0.923982 	-0.154355 	0.855513 	0.000000 	
1 	 2 	0.000000 	0.226783 	0.200000 	37.818100 	0.106667 	0.070620 	0.106667 	0.070620 	0.106667 	0.070620 	0.106667 	0.070620 	0.252971 	0.000000 	0.924514 	0.155030 	0.924514 	-0.155030 	0.856617 	0.000000 	
1 	 2 	0.000000 	0.227715 	0.200000 	37.680500 	0.106667 	0.070877 	0.106667 	0.070877 	0.106667 	0.070877 	0.106667 	0.070877 	0.252988 	0.000000 	0.925043 	0.155696 	0.925043 	-0.155696 	0.857715 	0.000000 	
1 	 2 	0.000000 	0.228647 	0.200000 	37.545800 	0.106667 	0.071132 	0.106667 	0.071132 	0.106667 	0.071132 	0.106667 	0.071132 	0.253005 	0.000000 	0.925568 	0.156353 	0.925568 	-0.156353 	0.858807 	0.000000 	
1 	 2 	0.000000 	0.229581 	0.200000 	37.414200 	0.106667 	0.071385 	0.106667 	0.071385 	0.106667 	0.071385 	0.106667 	0.071385 	0.253021 	0.000000 	0.926091 	0.157003 	0.926091 	-0.157003 	0.859892 	0.000000 	
1 	 2 	0.000000 	0.230516 	0.200000 	37.285400 	0.106667 	0.071636 	0.106667 	0.071636 	0.106667 	0.071636 	0.106667 	0.071636 	0.253038 	0.000000 	0.926610 	0.157644 	0.926610 	-0.157644 	0.860972 	0.000000 	
1 	 2 	0.000000 	0.231452 	0.200000 	37.159300 	0.106667 	0.071885 	0.106667 	0.071885 	0.106667 	0.071885 	0.106667 	0.071885 	0.253054 	0.000000 	0.927127 	0.158277 	0.927127 	-0.158277 	0.862045 	0.000000 	
1 	 2 	0.000000 	0.232388 	0.200000 	37.036000 	0.106667 	0.072133 	0.106667 	0.072133 	0.106667 	0.072133 	0.106667 	0.072133 	0.253070 	0.000000 	0.927641 	0.158902 	0.927641 	-0.158902 	0.863111 	0.000000 	
1 	 2 	0.000000 	0.233326 	0.200000 	36.915300 	0.106667 	0.072379 	0.106667 	0.072379 	0.106667 	0.072379 	0.106667 	0.072379 	0.253086 	0.000000 	0.928151 	0.159520 	0.928151 	-0.159520 	0.864172 	0.000000 	
1 	 2 	0.000000 	0.234264 	0.200000 	36.797100 	0.106667 	0.072623 	0.106667 	0.072623 	0.106667 	0.072623 	0.106667 	0.072623 	0.253101 	0.000000 	0.928659 	0.160130 	0.928659 	-0.160130 	0.865227 	0.000000 	
1 	 2 	0.000000 	0.235204 	0.200000 	36.681300 	0.106667 	0.072866 	0.106667 	0.072866 	0.106667 	0.072866 	0.106667 	0.072866 	0.253117 	0.000000 	0.929164 	0.160732 	0.929164 	-0.160732 	0.866275 	0.000000 	
1 	 2 	0.000000 	0.236144 	0.200000 	36.568000 	0.106667 	0.073106 	0.106667 	0.073106 	0.106667 	0.073106 	0.106667 	0.073106 	0.253133 	0.000000 	0.929666 	0.161328 	0.929666 	-0.161328 	0.867318 	0.000000 	
1 	 2 	0.000000 	0.237085 	0.200000 	36.457000 	0.106667 	0.073345 	0.106667 	0.073345 	0.106667 	0.073345 	0.106667 	0.073345 	0.253148 	0.000000 	0.930165 	0.161916 	0.930165 	-0.161916 	0.868355 	0.000000 	
1 	 2 	0.000000 	0.238027 	0.200000 	36.348200 	0.106667 	0.073583 	0.106667 	0.073583 	0.106667 	0.073583 	0.106667 	0.073583 	0.253163 	0.000000 	0.930661 	0.162497 	0.930661 	-0.162497 	0.869385 	0.000000 	
1 	 2 	0.000000 	0.238970 	0.200000 	36.241600 	0.106667 	0.073819 	0.106667 	0.073819 	0.106667 	0.073819 	0.106667 	0.073819 	0.253178 	0.000000 	0.931154 	0.163071 	0.931154 	-0.163071 	0.870410 	0.000000 	
1 	 2 	0.000000 	0.239913 	0.200000 	36.137100 	0.106667 	0.074053 	0.106667 	0.074053 	0.106667 	0.074053 	0.106667 	0.074053 	0.253193 	0.000000 	0.931645 	0.163638 	0.931645 	-0.163638 	0.871429 	0.000000 	
1 	 2 	0.000000 	0.240858 	0.200000 	36.034700 	0.106667 	0.074285 	0.106667 	0.074285 	0.106667 	0.074285 	0.106667 	0.074285 	0.253208 	0.000000 	0.932132 	0.164199 	0.932132 	-0.164199 	0.872442 	0.000000 	
1 	 2 	0.000000 	0.241803 	0.200000 	35.934300 	0.106667 	0.074516 	0.106667 	0.074516 	0.106667 	0.074516 	0.106667 	0.074516 	0.253223 	0.000000 	0.932617 	0.164753 	0.932617 	-0.164753 	0.873449 	0.000000 	
1 	 2 	0.000000 	0.242749 	0.200000 	35.835800 	0.106667 	0.074745 	0.106667 	0.074745 	0.106667 	0.074745 	0.106667 	0.074745 	0.253237 	0.000000 	0.933099 	0.165300 	0.933099 	-0.165300 	0.874451 	0.000000 	
1 	 2 	0.000000 	0.243696 	0.200000 	35.739200 	0.106667 	0.074973 	0.106667 	0.074973 	0.106667 	0.074973 	0.106667 	0.074973 	0.253252 	0.000000 	0.933578 	0.165841 	0.933578 	-0.165841 	0.875446 	0.000000 	
1 	 2 	0.000000 	0.244643 	0.200000 	35.644500 	0.106667 	0.075199 	0.106667 	0.075199 	0.106667 	0.075199 	0.106667 	0.075199 	0.253266 	0.000000 	0.934055 	0.166376 	0.934055 	-0.166376 	0.876436 	0.000000 	
1 	 2 	0.000000 	0.245592 	0.200000 	35.551600 	0.106667 	0.075423 	0.106667 	0.075423 	0.106667 	0.075423 	0.106667 	0.075423 	0.253280 	0.000000 	0.934528 	0.166905 	0.934528 	-0.166905 	0.877421 	0.000000 	
1 	 2 	0.000000 	0.246541 	0.200000 	35.460400 	0.106667 	0.075646 	0.106667 	0.075646 	0.106667 	0.075646 	0.106667 	0.075646 	0.253294 	0.000000 	0.934999 	0.167427 	0.934999 	-0.167427 	0.878399 	0.000000 	
1 	 2 	0.000000 	0.247490 	0.200000 	35.370900 	0.106667 	0.075868 	0.106667 	0.075868 	0.106667 	0.075868 	0.106667 	0.075868 	0.253308 	0.000000 	0.935468 	0.167944 	0.935468 	-0.167944 	0.879373 	0.000000 	
1 	 2 	0.000000 	0.248441 	0.200000 	35.283100 	0.106667 	0.076087 	0.106667 	0.076087 	0.106667 	0.076087 	0.106667 	0.076087 	0.253322 	0.000000 	0.935933 	0.168455 	0.935933 	-0.168455 	0.880340 	0.000000 	
1 	 2 	0.000000 	0.249392 	0.200000 	35.196900 	0.106667 	0.076306 	0.106667 	0.076306 	0.106667 	0.076306 	0.106667 	0.076306 	0.253336 	0.000000 	0.936396 	0.168960 	0.936396 	-0.168960 	0.881302 	0.000000 	
1 	 2 	0.000000 	0.250344 	0.200000 	35.112200 	0.106667 	0.076523 	0.106667 	0.076523 	0.106667 	0.076523 	0.106667 	0.076523 	0.253349 	0.000000 	0.936856 	0.169459 	0.936856 	-0.169459 	0.882259 	0.000000 	
1 	 2 	0.000000 	0.251296 	0.200000 	35.029100 	0.106667 	0.076738 	0.106667 	0.076738 	0.106667 	0.076738 	0.106667 	0.076738 	0.253363 	0.000000 	0.937314 	0.169953 	0.937314 	-0.169953 	0.883210 	0.000000 	
1 	 2 	0.000000 	0.252250 	0.200000 	34.947500 	0.106667 	0.076952 	0.106667 	0.076952 	0.106667 	0.076952 	0.106667 	0.076952 	0.253376 	0.000000 	0.937769 	0.170441 	0.937769 	-0.170441 	0.884155 	0.000000 	
1 	 2 	0.000000 	0.253203 	0.200000 	34.867400 	0.106667 	0.077164 	0.106667 	0.077164 	0.106667 	0.077164 	0.106667 	0.077164 	0.253389 	0.000000 	0.938222 	0.170924 	0.938222 	-0.170924 	0.885095 	0.000000 	
1 	 2 	0.000000 	0.254158 	0.200000 	34.788600 	0.106667 	0.077375 	0.106667 	0.077375 	0.106667 	0.077375 	0.106667 	0.077375 	0.253402 	0.000000 	0.938671 	0.171402 	0.938671 	-0.171402 	0.886030 	0.000000 	
1 	 2 	0.000000 	0.255113 	0.200000 	34.711300 	0.106667 	0.077585 	0.106667 	0.077585 	0.106667 	0.077585 	0.106667 	0.077585 	0.253415 	0.000000 	0.939119 	0.171874 	0.939119 	-0.171874 	0.886960 	0.000000 	
1 	 2 	0.000000 	0.256069 	0.200000 	34.635300 	0.106667 	0.077793 	0.106667 	0.077793 	0.106667 	0.077793 	0.106667 	0.077793 	0.253428 	0.000000 	0.939563 	0.172341 	0.939563 	-0.172341 	0.887884 	0.000000 	
1 	 2 	0.000000 	0.257025 	0.200000 	34.560600 	0.106667 	0.077999 	0.106667 	0.077999 	0.106667 	0.077999 	0.106667 	0.077999 	0.253441 	0.000000 	0.940005 	0.172803 	0.940005 	-0.172803 	0.888803 	0.000000 	
1 	 2 	0.000000 	0.257982 	0.200000 	34.487200 	0.106667 	0.078205 	0.106667 	0.078205 	0.106667 	0.078205 	0.106667 	0.078205 	0.253454 	0.000000 	0.940445 	0.173260 	0.940445 	-0.173260 	0.889717 	0.000000 	
1 	 2 	0.000000 	0.258940 	0.200000 	34.415000 	0.106667 	0.078409 	0.106667 	0.078409 	0.106667 	0.078409 	0.106667 	0.078409 	0.253466 	0.000000 	0.940882 	0.173712 	0.940882 	-0.173712 	0.890625 	0.000000 	
1 	 2 	0.000000 	0.259898 	0.200000 	34.344100 	0.106667 	0.078611 	0.106667 	0.078611 	0.106667 	0.078611 	0.106667 	0.078611 	0.253479 	0.000000 	0.941317 	0.174159 	0.941317 	-0.174159 	0.891529 	0.000000 	
1 	 2 	0.000000 	0.260856 	0.200000 	34.274400 	0.106667 	0.078812 	0.106667 	0.078812 	0.106667 	0.078812 	0.106667 	0.078812 	0.253491 	0.000000 	0.941749 	0.174602 	0.941749 	-0.174602 	0.892427 	0.000000 	
1 	 2 	0.000000 	0.261816 	0.200000 	34.205900 	0.106667 	0.079012 	0.106667 	0.079012 	0.106667 	0.079012 	0.106667 	0.079012 	0.253504 	0.000000 	0.942179 	0.175039 	0.942179 	-0.175039 	0.893320 	0.000000 	
1 	 2 	0.000000 	0.262775 	0.200000 	34.138400 	0.106667 	0.079210 	0.106667 	0.079210 	0.106667 	0.079210 	0.106667 	0.079210 	0.253516 	0.000000 	0.942606 	0.175473 	0.942606 	-0.175473 	0.894208 	0.000000 	
1 	 2 	0.000000 	0.263736 	0.200000 	34.072100 	0.106667 	0.079407 	0.106667 	0.079407 	0.106667 	0.079407 	0.106667 	0.079407 	0.253528 	0.000000 	0.943031 	0.175901 	0.943031 	-0.175901 	0.895091 	0.000000 	
1 	 2 	0.000000 	0.264697 	0.200000 	34.006900 	0.106667 	0.079603 	0.106667 	0.079603 	0.106667 	0.079603 	0.106667 	0.079603 	0.253540 	0.000000 	0.943453 	0.176325 	0.943453 	-0.176325 	0.895969 	0.000000 	
1 	 2 	0.000000 	0.265658 	0.200000 	33.942800 	0.106667 	0.079797 	0.106667 	0.079797 	0.106667 	0.079797 	0.106667 	0.079797 	0.253552 	0.000000 	0.943873 	0.176745 	0.943873 	-0.176745 	0.896842 	0.000000 	
1 	 2 	0.000000 	0.266620 	0.200000 	33.879700 	0.106667 	0.079991 	0.106667 	0.079991 	0.106667 	0.079991 	0.106667 	0.079991 	0.253563 	0.000000 	0.944291 	0.177160 	0.944291 	-0.177160 	0.897711 	0.000000 	
1 	 2 	0.000000 	0.267583 	0.200000 	33.817600 	0.106667 	0.080183 	0.106667 	0.080183 	0.106667 	0.080183 	0.106667 	0.080183 	0.253575 	0.000000 	0.944706 	0.177571 	0.944706 	-0.177571 	0.898574 	0.000000 	
1 	 2 	0.000000 	0.268546 	0.200000 	33.756500 	0.106667 	0.080373 	0.106667 	0.080373 	0.106667 	0.080373 	0.106667 	0.080373 	0.253587 	0.000000 	0.945119 	0.177978 	0.945119 	-0.177978 	0.899433 	0.000000 	
1 	 2 	0.000000 	0.269509 	0.200000 	33.696400 	0.106667 	0.080562 	0.106667 	0.080562 	0.106667 	0.080562 	0.106667 	0.080562 	0.253598 	0.000000 	0.945530 	0.178380 	0.945530 	-0.178380 	0.900286 	0.000000 	
1 	 2 	0.000000 	0.270473 	0.200000 	33.637200 	0.106667 	0.080751 	0.106667 	0.080751 	0.106667 	0.080751 	0.106667 	0.080751 	0.253610 	0.000000 	0.945938 	0.178778 	0.945938 	-0.178778 	0.901135 	0.000000 	
1 	 2 	0.000000 	0.271438 	0.200000 	33.579000 	0.106667 	0.080937 	0.106667 	0.080937 	0.106667 	0.080937 	0.106667 	0.080937 	0.253621 	0.000000 	0.946344 	0.179173 	0.946344 	-0.179173 	0.901979 	0.000000 	
1 	 2 	0.000000 	0.272402 	0.200000 	33.521600 	0.106667 	0.081123 	0.106667 	0.081123 	0.106667 	0.081123 	0.106667 	0.081123 	0.253632 	0.000000 	0.946748 	0.179563 	0.946748 	-0.179563 	0.902819 	0.000000 	
1 	 2 	0.000000 	0.273368 	0.200000 	33.465200 	0.106667 	0.081307 	0.106667 	0.081307 	0.106667 	0.081307 	0.106667 	0.081307 	0.253643 	0.000000 	0.947150 	0.179949 	0.947150 	-0.179949 	0.903653 	0.000000 	
1 	 2 	0.000000 	0.274334 	0.200000 	33.409600 	0.106667 	0.081491 	0.106667 	0.081491 	0.106667 	0.081491 	0.106667 	0.081491 	0.253654 	0.000000 	0.947549 	0.180332 	0.947549 	-0.180332 	0.904483 	0.000000 	
1 	 2 	0.000000 	0.275300 	0.200000 	33.354900 	0.106667 	0.081672 	0.106667 	0.081672 	0.106667 	0.081672 	0.106667 	0.081672 	0.253665 	0.000000 	0.947946 	0.180710 	0.947946 	-0.180710 	0.905309 	0.000000 	
1 	 2 	0.000000 	0.276267 	0.200000 	33.301000 	0.106667 	0.081853 	0.106667 	0.081853 	0.106667 	0.081853 	0.106667 	0.081853 	0.253676 	0.000000 	0.948341 	0.181085 	0.948341 	-0.181085 	0.906130 	0.000000 	
1 	 2 	0.000000 	0.277234 	0.200000 	33.248000 	0.106667 	0.082033 	0.106667 	0.082033 	0.106667 	0.082033 	0.106667 	0.082033 	0.253687 	0.000000 	0.948733 	0.181456 	0.948733 	-0.181456 	0.906946 	0.000000 	
1 	 2 	0.000000 	0.278202 	0.200000 	33.195700 	0.106667 	0.082211 	0.106667 	0.082211 	0.106667 	0.082211 	0.106667 	0.082211 	0.253698 	0.000000 	0.949124 	0.181824 	0.949124 	-0.181824 	0.907758 	0.000000 	
1 	 2 	0.000000 	0.279170 	0.200000 	33.144200 	0.106667 	0.082389 	0.106667 	0.082389 	0.106667 	0.082389 	0.106667 	0.082389 	0.253708 	0.000000 	0.949512 	0.182188 	0.949512 	-0.182188 	0.908565 	0.000000 	
1 	 2 	0.000000 	0.280138 	0.200000 	33.093500 	0.106667 	0.082565 	0.106667 	0.082565 	0.106667 	0.082565 	0.106667 	0.082565 	0.253719 	0.000000 	0.949898 	0.182548 	0.949898 	-0.182548 	0.909368 	0.000000 	
1 	 2 	0.000000 	0.281107 	0.200000 	33.043500 	0.106667 	0.082740 	0.106667 	0.082740 	0.106667 	0.082740 	0.106667 	0.082740 	0.253729 	0.000000 	0.950282 	0.182905 	0.950282 	-0.182905 	0.910166 	0.000000 	
1 	 2 	0.000000 	0.282076 	0.200000 	32.994300 	0.106667 	0.082914 	0.106667 	0.082914 	0.106667 	0.082914 	0.106667 	0.082914 	0.253739 	0.000000 	0.950664 	0.183258 	0.950664 	-0.183258 	0.910960 	0.000000 	
1 	 2 	0.000000 	0.283046 	0.200000 	32.945800 	0.106667 	0.083086 	0.106667 	0.083086 	0.106667 	0.083086 	0.106667 	0.083086 	0.253750 	0.000000 	0.951044 	0.183608 	0.951044 	-0.183608 	0.911749 	0.000000 	
1 	 2 	0.000000 	0.284016 	0.200000 	32.898000 	0.106667 	0.083258 	0.106667 	0.083258 	0.106667 	0.083258 	0.106667 	0.083258 	0.253760 	0.000000 	0.951421 	0.183954 	0.951421 	-0.183954 	0.912535 	0.000000 	
1 	 2 	0.000000 	0.284987 	0.200000 	32.850900 	0.106667 	0.083429 	0.106667 	0.083429 	0.106667 	0.083429 	0.106667 	0.083429 	0.253770 	0.000000 	0.951797 	0.184297 	0.951797 	-0.184297 	0.913316 	0.000000 	
1 	 2 	0.000000 	0.285958 	0.200000 	32.804500 	0.106667 	0.083598 	0.106667 	0.083598 	0.106667 	0.083598 	0.106667 	0.083598 	0.253780 	0.000000 	0.952170 	0.184637 	0.952170 	-0.184637 	0.914092 	0.000000 	
1 	 2 	0.000000 	0.286929 	0.200000 	32.758700 	0.106667 	0.083766 	0.106667 	0.083766 	0.106667 	0.083766 	0.106667 	0.083766 	0.253790 	0.000000 	0.952542 	0.184973 	0.952542 	-0.184973 	0.914864 	0.000000 	
1 	 2 	0.000000 	0.287900 	0.200000 	32.713600 	0.106667 	0.083933 	0.106667 	0.083933 	0.106667 	0.083933 	0.106667 	0.083933 	0.253800 	0.000000 	0.952911 	0.185306 	0.952911 	-0.185306 	0.915633 	0.000000 	
1 	 2 	0.000000 	0.288872 	0.200000 	32.669100 	0.106667 	0.084100 	0.106667 	0.084100 	0.106667 	0.084100 	0.106667 	0.084100 	0.253810 	0.000000 	0.953278 	0.185637 	0.953278 	-0.185637 	0.916396 	0.000000 	
1 	 2 	0.000000 	0.289845 	0.200000 	32.625300 	0.106667 	0.084265 	0.106667 	0.084265 	0.106667 	0.084265 	0.106667 	0.084265 	0.253820 	0.000000 	0.953644 	0.185964 	0.953644 	-0.185964 	0.917156 	0.000000 	
1 	 2 	0.000000 	0.290817 	0.200000 	32.582100 	0.106667 	0.084429 	0.106667 	0.084429 	0.106667 	0.084429 	0.106667 	0.084429 	0.253829 	0.000000 	0.954007 	0.186288 	0.954007 	-0.186288 	0.917912 	0.000000 	
1 	 2 	0.000000 	0.291791 	0.200000 	32.539400 	0.106667 	0.084592 	0.106667 	0.084592 	0.106667 	0.084592 	0.106667 	0.084592 	0.253839 	0.000000 	0.954368 	0.186608 	0.954368 	-0.186608 	0.918663 	0.000000 	
1 	 2 	0.000000 	0.292764 	0.200000 	32.497400 	0.106667 	0.084754 	0.106667 	0.084754 	0.106667 	0.084754 	0.106667 	0.084754 	0.253848 	0.000000 	0.954728 	0.186926 	0.954728 	-0.186926 	0.919411 	0.000000 	
1 	 2 	0.000000 	0.293738 	0.200000 	32.455900 	0.106667 	0.084915 	0.106667 	0.084915 	0.106667 	0.084915 	0.106667 	0.084915 	0.253858 	0.000000 	0.955085 	0.187241 	0.955085 	-0.187241 	0.920154 	0.000000 	
1 	 2 	0.000000 	0.294712 	0.200000 	32.415100 	0.106667 	0.085075 	0.106667 	0.085075 	0.106667 	0.085075 	0.106667 	0.085075 	0.253867 	0.000000 	0.955441 	0.187553 	0.955441 	-0.187553 	0.920893 	0.000000 	
1 	 2 	0.000000 	0.295686 	0.200000 	32.374700 	0.106667 	0.085234 	0.106667 	0.085234 	0.106667 	0.085234 	0.106667 	0.085234 	0.253877 	0.000000 	0.955794 	0.187862 	0.955794 	-0.187862 	0.921629 	0.000000 	
1 	 2 	0.000000 	0.296661 	0.200000 	32.334900 	0.106667 	0.085392 	0.106667 	0.085392 	0.106667 	0.085392 	0.106667 	0.085392 	0.253886 	0.000000 	0.956146 	0.188168 	0.956146 	-0.188168 	0.922360 	0.000000 	
1 	 2 	0.000000 	0.297636 	0.200000 	32.295700 	0.106667 	0.085549 	0.106667 	0.085549 	0.106667 	0.085549 	0.106667 	0.085549 	0.253895 	0.000000 	0.956496 	0.188472 	0.956496 	-0.188472 	0.923088 	0.000000 	
1 	 2 	0.000000 	0.298611 	0.200000 	32.257000 	0.106667 	0.085705 	0.106667 	0.085705 	0.106667 	0.085705 	0.106667 	0.085705 	0.253904 	0.000000 	0.956844 	0.188773 	0.956844 	-0.188773 	0.923811 	0.000000 	
1 	 2 	0.000000 	0.299587 	0.200000 	32.218800 	0.106667 	0.085861 	0.106667 	0.085861 	0.106667 	0.085861 	0.106667 	0.085861 	0.253913 	0.000000 	0.957190 	0.189070 	0.957190 	-0.189070 	0.924531 	0.000000 	
1 	 2 	0.000000 	0.300563 	0.200000 	32.181100 	0.106667 	0.086015 	0.106667 	0.086015 	0.106667 	0.086015 	0.106667 	0.086015 	0.253922 	0.000000 	0.957534 	0.189366 	0.957534 	-0.189366 	0.925247 	0.000000 	
1 	 2 	0.000000 	0.301539 	0.200000 	32.143900 	0.106667 	0.086168 	0.106667 	0.086168 	0.106667 	0.086168 	0.106667 	0.086168 	0.253931 	0.000000 	0.957876 	0.189658 	0.957876 	-0.189658 	0.925959 	0.000000 	
1 	 2 	0.000000 	0.302516 	0.200000 	32.107200 	0.106667 	0.086320 	0.106667 	0.086320 	0.106667 	0.086320 	0.106667 	0.086320 	0.253940 	0.000000 	0.958217 	0.189948 	0.958217 	-0.189948 	0.926667 	0.000000 	
1 	 2 	0.000000 	0.303492 	0.200000 	32.071000 	0.106667 	0.086472 	0.106667 	0.086472 	0.106667 	0.086472 	0.106667 	0.086472 	0.253949 	0.000000 	0.958556 	0.190235 	0.958556 	-0.190235 	0.927371 	0.000000 	
1 	 2 	0.000000 	0.304469 	0.200000 	32.035300 	0.106667 	0.086622 	0.106667 	0.086622 	0.106667 	0.086622 	0.106667 	0.086622 	0.253957 	0.000000 	0.958892 	0.190520 	0.958892 	-0.190520 	0.928072 	0.000000 	
1 	 2 	0.000000 	0.305447 	0.200000 	32.000000 	0.106667 	0.086771 	0.106667 	0.086771 	0.106667 	0.086771 	0.106667 	0.086771 	0.253966 	0.000000 	0.959228 	0.190802 	0.959228 	-0.190802 	0.928769 	0.000000 	
1 	 2 	0.000000 	0.306425 	0.200000 	31.965200 	0.106667 	0.086920 	0.106667 	0.086920 	0.106667 	0.086920 	0.106667 	0.086920 	0.253975 	0.000000 	0.959561 	0.191082 	0.959561 	-0.191082 	0.929462 	0.000000 	
1 	 2 	0.000000 	0.307403 	0.200000 	31.930800 	0.106667 	0.087068 	0.106667 	0.087068 	0.106667 	0.087068 	0.106667 	0.087068 	0.253983 	0.000000 	0.959892 	0.191359 	0.959892 	-0.191359 	0.930152 	0.000000 	
1 	 2 	0.000000 	0.308381 	0.200000 	31.896900 	0.106667 	0.087214 	0.106667 	0.087214 	0.106667 	0.087214 	0.106667 	0.087214 	0.253992 	0.000000 	0.960222 	0.191634 	0.960222 	-0.191634 	0.930837 	0.000000 	
1 	 2 	0.000000 	0.309359 	0.200000 	31.863400 	0.106667 	0.087360 	0.106667 	0.087360 	0.106667 	0.087360 	0.106667 	0.087360 	0.254000 	0.000000 	0.960550 	0.191906 	0.960550 	-0.191906 	0.931520 	0.000000 	
1 	 2 	0.000000 	0.310338 	0.200000 	31.830300 	0.106667 	0.087505 	0.106667 	0.087505 	0.106667 	0.087505 	0.106667 	0.087505 	0.254008 	0.000000 	0.960876 	0.192176 	0.960876 	-0.192176 	0.932198 	0.000000 	
1 	 2 	0.000000 	0.311317 	0.200000 	31.797700 	0.106667 	0.087649 	0.106667 	0.087649 	0.106667 	0.087649 	0.106667 	0.087649 	0.254017 	0.000000 	0.961201 	0.192444 	0.961201 	-0.192444 	0.932874 	0.000000 	
1 	 2 	0.000000 	0.312296 	0.200000 	31.765400 	0.106667 	0.087792 	0.106667 	0.087792 	0.106667 	0.087792 	0.106667 	0.087792 	0.254025 	0.000000 	0.961524 	0.192709 	0.961524 	-0.192709 	0.933545 	0.000000 	
1 	 2 	0.000000 	0.313276 	0.200000 	31.733600 	0.106667 	0.087935 	0.106667 	0.087935 	0.106667 	0.087935 	0.106667 	0.087935 	0.254033 	0.000000 	0.961845 	0.192972 	0.961845 	-0.192972 	0.934213 	0.000000 	
1 	 2 	0.000000 	0.314256 	0.200000 	31.702100 	0.106667 	0.088077 	0.106667 	0.088077 	0.106667 	0.088077 	0.106667 	0.088077 	0.254041 	0.000000 	0.962165 	0.193232 	0.962165 	-0.193232 	0.934878 	0.000000 	
1 	 2 	0.000000 	0.315236 	0.200000 	31.671100 	0.106667 	0.088217 	0.106667 	0.088217 	0.106667 	0.088217 	0.106667 	0.088217 	0.254049 	0.000000 	0.962482 	0.193491 	0.962482 	-0.193491 	0.935539 	0.000000 	
1 	 2 	0.000000 	0.316216 	0.200000 	31.640400 	0.106667 	0.088357 	0.106667 	0.088357 	0.106667 	0.088357 	0.106667 	0.088357 	0.254057 	0.000000 	0.962799 	0.193747 	0.962799 	-0.193747 	0.936197 	0.000000 	
1 	 2 	0.000000 	0.317196 	0.200000 	31.610100 	0.106667 	0.088496 	0.106667 	0.088496 	0.106667 	0.088496 	0.106667 	0.088496 	0.254065 	0.000000 	0.963113 	0.194001 	0.963113 	-0.194001 	0.936851 	0.000000 	
1 	 2 	0.000000 	0.318177 	0.200000 	31.580200 	0.106667 	0.088634 	0.106667 	0.088634 	0.106667 	0.088634 	0.106667 	0.088634 	0.254073 	0.000000 	0.963426 	0.194253 	0.963426 	-0.194253 	0.937502 	0.000000 	
1 	 2 	0.000000 	0.319158 	0.200000 	31.550700 	0.106667 	0.088772 	0.106667 	0.088772 	0.106667 	0.088772 	0.106667 	0.088772 	0.254081 	0.000000 	0.963737 	0.194502 	0.963737 	-0.194502 	0.938149 	0.000000 	
1 	 2 	0.000000 	0.320139 	0.200000 	31.521500 	0.106667 	0.088908 	0.106667 	0.088908 	0.106667 	0.088908 	0.106667 	0.088908 	0.254089 	0.000000 	0.964047 	0.194750 	0.964047 	-0.194750 	0.938793 	0.000000 	
1 	 2 	0.000000 	0.321121 	0.200000 	31.492600 	0.106667 	0.089044 	0.106667 	0.089044 	0.106667 	0.089044 	0.106667 	0.089044 	0.254096 	0.000000 	0.964355 	0.194995 	0.964355 	-0.194995 	0.939434 	0.000000 	
1 	 2 	0.000000 	0.322102 	0.200000 	31.464100 	0.106667 	0.089179 	0.106667 	0.089179 	0.106667 	0.089179 	0.106667 	0.089179 	0.254104 	0.000000 	0.964662 	0.195239 	0.964662 	-0.195239 	0.940072 	0.000000 	
1 	 2 	0.000000 	0.323084 	0.200000 	31.436000 	0.106667 	0.089313 	0.106667 	0.089313 	0.106667 	0.089313 	0.106667 	0.089313 	0.254112 	0.000000 	0.964966 	0.195480 	0.964966 	-0.195480 	0.940706 	0.000000 	
1 	 2 	0.000000 	0.324066 	0.200000 	31.408200 	0.106667 	0.089446 	0.106667 	0.089446 	0.106667 	0.089446 	0.106667 	0.089446 	0.254119 	0.000000 	0.965270 	0.195720 	0.965270 	-0.195720 	0.941337 	0.000000 	
1 	 2 	0.000000 	0.325048 	0.200000 	31.380700 	0.106667 	0.089579 	0.106667 	0.089579 	0.106667 	0.089579 	0.106667 	0.089579 	0.254127 	0.000000 	0.965572 	0.195957 	0.965572 	-0.195957 	0.941965 	0.000000 	
1 	 2 	0.000000 	0.326031 	0.200000 	31.353500 	0.106667 	0.089711 	0.106667 	0.089711 	0.106667 	0.089711 	0.106667 	0.089711 	0.254134 	0.000000 	0.965872 	0.196192 	0.965872 	-0.196192 	0.942589 	0.000000 	
1 	 2 	0.000000 	0.327013 	0.200000 	31.326700 	0.106667 	0.089842 	0.106667 	0.089842 	0.106667 	0.089842 	0.106667 	0.089842 	0.254142 	0.000000 	0.966170 	0.196426 	0.966170 	-0.196426 	0.943211 	0.000000 	
1 	 2 	0.000000 	0.327996 	0.200000 	31.300100 	0.106667 	0.089972 	0.106667 	0.089972 	0.106667 	0.089972 	0.106667 	0.089972 	0.254149 	0.000000 	0.966468 	0.196657 	0.966468 	-0.196657 	0.943829 	0.000000 	
1 	 2 	0.000000 	0.328979 	0.200000 	31.273900 	0.106667 	0.090102 	0.106667 	0.090102 	0.106667 	0.090102 	0.106667 	0.090102 	0.254156 	0.000000 	0.966763 	0.196887 	0.966763 	-0.196887 	0.944444 	0.000000 	
1 	 2 	0.000000 	0.329963 	0.200000 	31.248000 	0.106667 	0.090231 	0.106667 	0.090231 	0.106667 	0.090231 	0.106667 	0.090231 	0.254164 	0.000000 	0.967057 	0.197115 	0.967057 	-0.197115 	0.945056 	0.000000 	
1 	 2 	0.000000 	0.330946 	0.200000 	31.222400 	0.106667 	0.090359 	0.106667 	0.090359 	0.106667 	0.090359 	0.106667 	0.090359 	0.254171 	0.000000 	0.967350 	0.197340 	0.967350 	-0.197340 	0.945665 	0.000000 	
1 	 2 	0.000000 	0.331930 	0.200000 	31.197100 	0.106667 	0.090486 	0.106667 	0.090486 	0.106667 	0.090486 	0.106667 	0.090486 	0.254178 	0.000000 	0.967641 	0.197565 	0.967641 	-0.197565 	0.946271 	0.000000 	
1 	 2 	0.000000 	0.332914 	0.200000 	31.172000 	0.106667 	0.090613 	0.106667 	0.090613 	0.106667 	0.090613 	0.106667 	0.090613 	0.254185 	0.000000 	0.967931 	0.197787 	0.967931 	-0.197787 	0.946873 	0.000000 	
1 	 2 	0.000000 	0.333898 	0.200000 	31.147300 	0.106667 	0.090739 	0.106667 	0.090739 	0.106667 	0.090739 	0.106667 	0.090739 	0.254192 	0.000000 	0.968219 	0.198007 	0.968219 	-0.198007 	0.947473 	0.000000 	
1 	 2 	0.000000 	0.334882 	0.200000 	31.122800 	0.106667 	0.090864 	0.106667 	0.090864 	0.106667 	0.090864 	0.106667 	0.090864 	0.254199 	0.000000 	0.968506 	0.198226 	0.968506 	-0.198226 	0.948070 	0.000000 	
1 	 2 	0.000000 	0.335866 	0.200000 	31.098600 	0.106667 	0.090988 	0.106667 	0.090988 	0.106667 	0.090988 	0.106667 	0.090988 	0.254206 	0.000000 	0.968791 	0.198443 	0.968791 	-0.198443 	0.948664 	0.000000 	
1 	 2 	0.000000 	0.336851 	0.200000 	31.074700 	0.106667 	0.091112 	0.106667 	0.091112 	0.106667 	0.091112 	0.106667 	0.091112 	0.254213 	0.000000 	0.969075 	0.198658 	0.969075 	-0.198658 	0.949254 	0.000000 	
1 	 2 	0.000000 	0.337835 	0.200000 	31.051100 	0.106667 	0.091235 	0.106667 	0.091235 	0.106667 	0.091235 	0.106667 	0.091235 	0.254220 	0.000000 	0.969358 	0.198871 	0.969358 	-0.198871 	0.949842 	0.000000 	
1 	 2 	0.000000 	0.338820 	0.200000 	31.027700 	0.106667 	0.091358 	0.106667 	0.091358 	0.106667 	0.091358 	0.106667 	0.091358 	0.254227 	0.000000 	0.969639 	0.199083 	0.969639 	-0.199083 	0.950427 	0.000000 	
1 	 2 	0.000000 	0.339805 	0.200000 	31.004600 	0.106667 	0.091479 	0.106667 	0.091479 	0.106667 	0.091479 	0.106667 	0.091479 	0.254234 	0.000000 	0.969919 	0.199293 	0.969919 	-0.199293 	0.951009 	0.000000 	
1 	 2 	0.000000 	0.340791 	0.200000 	30.981800 	0.106667 	0.091600 	0.106667 	0.091600 	0.106667 	0.091600 	0.106667 	0.091600 	0.254240 	0.000000 	0.970197 	0.199501 	0.970197 	-0.199501 	0.951588 	0.000000 	
1 	 2 	0.000000 	0.341776 	0.200000 	30.959200 	0.106667 	0.091721 	0.106667 	0.091721 	0.106667 	0.091721 	0.106667 	0.091721 	0.254247 	0.000000 	0.970474 	0.199708 	0.970474 	-0.199708 	0.952164 	0.000000 	
1 	 2 	0.000000 	0.342762 	0.200000 	30.936800 	0.106667 	0.091840 	0.106667 	0.091840 	0.106667 	0.091840 	0.106667 	0.091840 	0.254254 	0.000000 	0.970749 	0.199913 	0.970749 	-0.199913 	0.952737 	0.000000 	
1 	 2 	0.000000 	0.343747 	0.200000 	30.914700 	0.106667 	0.091959 	0.106667 	0.091959 	0.106667 	0.091959 	0.106667 	0.091959 	0.254260 	0.000000 	0.971024 	0.200117 	0.971024 	-0.200117 	0.953308 	0.000000 	
1 	 2 	0.000000 	0.344733 	0.200000 	30.892800 	0.106667 	0.092078 	0.106667 	0.092078 	0.106667 	0.092078 	0.106667 	0.092078 	0.254267 	0.000000 	0.971296 	0.200318 	0.971296 	-0.200318 	0.953876 	0.000000 	
1 	 2 	0.000000 	0.345719 	0.200000 	30.871200 	0.106667 	0.092195 	0.106667 	0.092195 	0.106667 	0.092195 	0.106667 	0.092195 	0.254274 	0.000000 	0.971568 	0.200519 	0.971568 	-0.200519 	0.954440 	0.000000 	
1 	 2 	0.000000 	0.346706 	0.200000 	30.849800 	0.106667 	0.092312 	0.106667 	0.092312 	0.106667 	0.092312 	0.106667 	0.092312 	0.254280 	0.000000 	0.971838 	0.200718 	0.971838 	-0.200718 	0.955003 	0.000000 	
1 	 2 	0.000000 	0.347692 	0.200000 	30.828600 	0.106667 	0.092429 	0.106667 	0.092429 	0.106667 	0.092429 	0.106667 	0.092429 	0.254286 	0.000000 	0.972107 	0.200915 	0.972107 	-0.200915 	0.955562 	0.000000 	
1 	 2 	0.000000 	0.348678 	0.200000 	30.807700 	0.106667 	0.092544 	0.106667 	0.092544 	0.106667 	0.092544 	0.106667 	0.092544 	0.254293 	0.000000 	0.972375 	0.201110 	0.972375 	-0.201110 	0.956119 	0.000000 	
1 	 2 	0.000000 	0.349665 	0.200000 	30.787000 	0.106667 	0.092660 	0.106667 	0.092660 	0.106667 	0.092660 	0.106667 	0.092660 	0.254299 	0.000000 	0.972641 	0.201305 	0.972641 	-0.201305 	0.956673 	0.000000 	
1 	 2 	0.000000 	0.350652 	0.200000 	30.766500 	0.106667 	0.092774 	0.106667 	0.092774 	0.106667 	0.092774 	0.106667 	0.092774 	0.254306 	0.000000 	0.972906 	0.201497 	0.972906 	-0.201497 	0.957224 	0.000000 	
1 	 2 	0.000000 	0.351639 	0.200000 	30.746200 	0.106667 	0.092888 	0.106667 	0.092888 	0.106667 	0.092888 	0.106667 	0.092888 	0.254312 	0.000000 	0.973169 	0.201689 	0.973169 	-0.201689 	0.957772 	0.000000 	
1 	 2 	0.000000 	0.352626 	0.200000 	30.726200 	0.106667 	0.093001 	0.106667 	0.093001 	0.106667 	0.093001 	0.106667 	0.093001 	0.254318 	0.000000 	0.973432 	0.201878 	0.973432 	-0.201878 	0.958318 	0.000000 	
1 	 2 	0.000000 	0.353613 	0.200000 	30.706400 	0.106667 	0.093114 	0.106667 	0.093114 	0.106667 	0.093114 	0.106667 	0.093114 	0.254324 	0.000000 	0.973693 	0.202067 	0.973693 	-0.202067 	0.958861 	0.000000 	
1 	 2 	0.000000 	0.354601 	0.200000 	30.686700 	0.106667 	0.093226 	0.106667 	0.093226 	0.106667 	0.093226 	0.106667 	0.093226 	0.254331 	0.000000 	0.973953 	0.202254 	0.973953 	-0.202254 	0.959402 	0.000000 	
1 	 2 	0.000000 	0.355588 	0.200000 	30.667300 	0.106667 	0.093337 	0.106667 	0.093337 	0.106667 	0.093337 	0.106667 	0.093337 	0.254337 	0.000000 	0.974211 	0.202439 	0.974211 	-0.202439 	0.959940 	0.000000 	
1 	 2 	0.000000 	0.356576 	0.200000 	30.648100 	0.106667 	0.093448 	0.106667 	0.093448 	0.106667 	0.093448 	0.106667 	0.093448 	0.254343 	0.000000 	0.974468 	0.202623 	0.974468 	-0.202623 	0.960475 	0.000000 	
1 	 2 	0.000000 	0.357564 	0.200000 	30.629100 	0.106667 	0.093558 	0.106667 	0.093558 	0.106667 	0.093558 	0.106667 	0.093558 	0.254349 	0.000000 	0.974725 	0.202806 	0.974725 	-0.202806 	0.961008 	0.000000 	
1 	 2 	0.000000 	0.358551 	0.200000 	30.610200 	0.106667 	0.093668 	0.106667 	0.093668 	0.106667 	0.093668 	0.106667 	0.093668 	0.254355 	0.000000 	0.974979 	0.202987 	0.974979 	-0.202987 	0.961539 	0.000000 	
1 	 2 	0.000000 	0.359540 	0.200000 	30.591600 	0.106667 	0.093777 	0.106667 	0.093777 	0.106667 	0.093777 	0.106667 	0.093777 	0.254361 	0.000000 	0.975233 	0.203167 	0.975233 	-0.203167 	0.962066 	0.000000 	
1 	 2 	0.000000 	0.360528 	0.200000 	30.573200 	0.106667 	0.093885 	0.106667 	0.093885 	0.106667 	0.093885 	0.106667 	0.093885 	0.254367 	0.000000 	0.975485 	0.203346 	0.975485 	-0.203346 	0.962592 	0.000000 	
1 	 2 	0.000000 	0.361516 	0.200000 	30.554900 	0.106667 	0.093993 	0.106667 	0.093993 	0.106667 	0.093993 	0.106667 	0.093993 	0.254373 	0.000000 	0.975737 	0.203523 	0.975737 	-0.203523 	0.963114 	0.000000 	
1 	 2 	0.000000 	0.362504 	0.200000 	30.536900 	0.106667 	0.094100 	0.106667 	0.094100 	0.106667 	0.094100 	0.106667 	0.094100 	0.254379 	0.000000 	0.975987 	0.203699 	0.975987 	-0.203699 	0.963635 	0.000000 	
1 	 2 	0.000000 	0.363493 	0.200000 	30.519000 	0.106667 	0.094207 	0.106667 	0.094207 	0.106667 	0.094207 	0.106667 	0.094207 	0.254384 	0.000000 	0.976235 	0.203874 	0.976235 	-0.203874 	0.964152 	0.000000 	
1 	 2 	0.000000 	0.364482 	0.200000 	30.501300 	0.106667 	0.094313 	0.106667 	0.094313 	0.106667 	0.094313 	0.106667 	0.094313 	0.254390 	0.000000 	0.976483 	0.204047 	0.976483 	-0.204047 	0.964668 	0.000000 	
1 	 2 	0.000000 	0.365470 	0.200000 	30.483800 	0.106667 	0.094419 	0.106667 	0.094419 	0.106667 	0.094419 	0.106667 	0.094419 	0.254396 	0.000000 	0.976730 	0.204220 	0.976730 	-0.204220 	0.965181 	0.000000 	
1 	 2 	0.000000 	0.366459 	0.200000 	30.466400 	0.106667 	0.094523 	0.106667 	0.094523 	0.106667 	0.094523 	0.106667 	0.094523 	0.254402 	0.000000 	0.976975 	0.204390 	0.976975 	-0.204390 	0.965691 	0.000000 	
1 	 2 	0.000000 	0.367448 	0.200000 	30.449300 	0.106667 	0.094628 	0.106667 	0.094628 	0.106667 	0.094628 	0.106667 	0.094628 	0.254407 	0.000000 	0.977219 	0.204560 	0.977219 	-0.204560 	0.966199 	0.000000 	
1 	 2 	0.000000 	0.368438 	0.200000 	30.432300 	0.106667 	0.094732 	0.106667 	0.094732 	0.106667 	0.094732 	0.106667 	0.094732 	0.254413 	0.000000 	0.977462 	0.204729 	0.977462 	-0.204729 	0.966705 	0.000000 	
1 	 2 	0.000000 	0.369427 	0.200000 	30.415500 	0.106667 	0.094835 	0.106667 	0.094835 	0.106667 	0.094835 	0.106667 	0.094835 	0.254419 	0.000000 	0.977704 	0.204896 	0.977704 	-0.204896 	0.967208 	0.000000 	
1 	 2 	0.000000 	0.370416 	0.200000 	30.398800 	0.106667 	0.094938 	0.106667 	0.094938 	0.106667 	0.094938 	0.106667 	0.094938 	0.254424 	0.000000 	0.977945 	0.205062 	0.977945 	-0.205062 	0.967709 	0.000000 	
1 	 2 	0.000000 	0.371406 	0.200000 	30.382300 	0.106667 	0.095040 	0.106667 	0.095040 	0.106667 	0.095040 	0.106667 	0.095040 	0.254430 	0.000000 	0.978184 	0.205227 	0.978184 	-0.205227 	0.968208 	0.000000 	
1 	 2 	0.000000 	0.372395 	0.200000 	30.366000 	0.106667 	0.095142 	0.106667 	0.095142 	0.106667 	0.095142 	0.106667 	0.095142 	0.254435 	0.000000 	0.978423 	0.205390 	0.978423 	-0.205390 	0.968704 	0.000000 	
