1 	 4 	0.000000 	0.626788 	0.200000 	112.318000 	0.393846 	0.102917 	-0.000000 	0.080046 	0.393846 	0.102917 	-0.000000 	0.080046 	0.237222 	0.000000 	0.908984 	0.050903 	0.908984 	-0.050903 	0.999710 	0.000000 	
1 	 4 	0.000000 	0.626977 	0.200000 	111.941000 	0.393846 	0.102969 	-0.000000 	0.080087 	0.393846 	0.102969 	-0.000000 	0.080087 	0.237223 	0.000000 	0.909047 	0.051078 	0.909047 	-0.051078 	0.999456 	0.000000 	
1 	 4 	0.000000 	0.627354 	0.200000 	111.201000 	0.393846 	0.103074 	0.000000 	0.080169 	0.393846 	0.103074 	0.000000 	0.080169 	0.237224 	0.000000 	0.909173 	0.051425 	0.909173 	-0.051425 	0.998947 	0.000000 	
1 	 4 	0.000000 	0.628109 	0.200000 	109.769000 	0.393846 	0.103283 	0.000000 	0.080331 	0.393846 	0.103283 	0.000000 	0.080331 	0.237226 	0.000000 	0.909424 	0.052112 	0.909424 	-0.052112 	0.997933 	0.000000 	
1 	 4 	0.000000 	0.629053 	0.200000 	108.063000 	0.393846 	0.103543 	-0.000000 	0.080534 	0.393846 	0.103543 	-0.000000 	0.080534 	0.237229 	0.000000 	0.909738 	0.052955 	0.909738 	-0.052955 	0.996670 	0.000000 	
1 	 4 	0.000000 	0.629997 	0.200000 	106.443000 	0.393846 	0.103803 	-0.000000 	0.080736 	0.393846 	0.103803 	-0.000000 	0.080736 	0.237231 	0.000000 	0.910051 	0.053781 	0.910051 	-0.053781 	0.995412 	0.000000 	
1 	 4 	0.000000 	0.630942 	0.200000 	104.903000 	0.393846 	0.104062 	0.000000 	0.080937 	0.393846 	0.104062 	0.000000 	0.080937 	0.237234 	0.000000 	0.910363 	0.054592 	0.910363 	-0.054592 	0.994158 	0.000000 	
1 	 4 	0.000000 	0.631887 	0.200000 	103.435000 	0.393846 	0.104321 	0.000000 	0.081138 	0.393846 	0.104321 	0.000000 	0.081138 	0.237236 	0.000000 	0.910676 	0.055387 	0.910676 	-0.055387 	0.992910 	0.000000 	
1 	 4 	0.000000 	0.632832 	0.200000 	102.036000 	0.393846 	0.104579 	-0.000000 	0.081339 	0.393846 	0.104579 	-0.000000 	0.081339 	0.237239 	0.000000 	0.910987 	0.056168 	0.910987 	-0.056168 	0.991667 	0.000000 	
1 	 4 	0.000000 	0.633778 	0.200000 	100.699000 	0.393846 	0.104836 	-0.000000 	0.081539 	0.393846 	0.104836 	-0.000000 	0.081539 	0.237241 	0.000000 	0.911298 	0.056935 	0.911298 	-0.056935 	0.990428 	0.000000 	
1 	 4 	0.000000 	0.634723 	0.200000 	99.420200 	0.393846 	0.105092 	0.000000 	0.081738 	0.393846 	0.105092 	0.000000 	0.081738 	0.237244 	0.000000 	0.911608 	0.057689 	0.911608 	-0.057689 	0.989194 	0.000000 	
1 	 4 	0.000000 	0.635669 	0.200000 	98.196000 	0.393846 	0.105348 	0.000000 	0.081937 	0.393846 	0.105348 	0.000000 	0.081937 	0.237246 	0.000000 	0.911918 	0.058430 	0.911918 	-0.058430 	0.987965 	0.000000 	
1 	 4 	0.000000 	0.636616 	0.200000 	97.022600 	0.393846 	0.105603 	-0.000000 	0.082136 	0.393846 	0.105603 	-0.000000 	0.082136 	0.237248 	0.000000 	0.912227 	0.059159 	0.912227 	-0.059159 	0.986741 	0.000000 	
1 	 4 	0.000000 	0.637562 	0.200000 	95.896500 	0.393846 	0.105857 	-0.000000 	0.082334 	0.393846 	0.105857 	-0.000000 	0.082334 	0.237251 	0.000000 	0.912535 	0.059875 	0.912535 	-0.059875 	0.985522 	0.000000 	
1 	 4 	0.000000 	0.638509 	0.200000 	94.814800 	0.393846 	0.106111 	0.000000 	0.082531 	0.393846 	0.106111 	0.000000 	0.082531 	0.912843 	0.060581 	0.912843 	-0.060581 	0.237253 	0.000000 	0.984307 	0.000000 	
1 	 4 	0.000000 	0.639457 	0.200000 	93.774700 	0.393846 	0.106364 	0.000000 	0.082728 	0.393846 	0.106364 	0.000000 	0.082728 	0.913151 	0.061275 	0.913151 	-0.061275 	0.237256 	0.000000 	0.983097 	0.000000 	
1 	 4 	0.000000 	0.640404 	0.200000 	92.773800 	0.393846 	0.106616 	-0.000000 	0.082924 	0.393846 	0.106616 	-0.000000 	0.082924 	0.913458 	0.061960 	0.913458 	-0.061960 	0.237258 	0.000000 	0.981892 	0.000000 	
1 	 4 	0.000000 	0.641352 	0.200000 	91.809600 	0.393846 	0.106868 	-0.000000 	0.083120 	0.393846 	0.106868 	-0.000000 	0.083120 	0.237261 	0.000000 	0.913764 	0.062633 	0.913764 	-0.062633 	0.980691 	0.000000 	
1 	 4 	0.000000 	0.642300 	0.200000 	90.880100 	0.393846 	0.107119 	-0.000000 	0.083315 	0.393846 	0.107119 	-0.000000 	0.083315 	0.914070 	0.063297 	0.914070 	-0.063297 	0.237263 	0.000000 	0.979495 	0.000000 	
1 	 4 	0.000000 	0.643248 	0.200000 	89.983300 	0.393846 	0.107369 	0.000000 	0.083510 	0.393846 	0.107369 	0.000000 	0.083510 	0.914375 	0.063951 	0.914375 	-0.063951 	0.237265 	0.000000 	0.978304 	0.000000 	
1 	 4 	0.000000 	0.644197 	0.200000 	89.117400 	0.393846 	0.107619 	0.000000 	0.083704 	0.393846 	0.107619 	0.000000 	0.083704 	0.237268 	0.000000 	0.914679 	0.064596 	0.914679 	-0.064596 	0.977117 	0.000000 	
1 	 4 	0.000000 	0.645146 	0.200000 	88.280800 	0.393846 	0.107868 	0.000000 	0.083897 	0.393846 	0.107868 	0.000000 	0.083897 	0.914983 	0.065232 	0.914983 	-0.065232 	0.237270 	0.000000 	0.975935 	0.000000 	
1 	 4 	0.000000 	0.646095 	0.200000 	87.471800 	0.393846 	0.108117 	0.000000 	0.084091 	0.393846 	0.108117 	0.000000 	0.084091 	0.237273 	0.000000 	0.915287 	0.065859 	0.915287 	-0.065859 	0.974758 	0.000000 	
1 	 4 	0.000000 	0.647045 	0.200000 	86.689000 	0.393846 	0.108364 	-0.000000 	0.084283 	0.393846 	0.108364 	-0.000000 	0.084283 	0.915589 	0.066478 	0.915589 	-0.066478 	0.237275 	0.000000 	0.973585 	0.000000 	
1 	 4 	0.000000 	0.647994 	0.200000 	85.931200 	0.393846 	0.108611 	0.000000 	0.084475 	0.393846 	0.108611 	0.000000 	0.084475 	0.237277 	0.000000 	0.915892 	0.067088 	0.915892 	-0.067088 	0.972416 	0.000000 	
1 	 4 	0.000000 	0.648944 	0.200000 	85.197000 	0.393846 	0.108858 	0.000000 	0.084667 	0.393846 	0.108858 	0.000000 	0.084667 	0.237280 	0.000000 	0.916193 	0.067691 	0.916193 	-0.067691 	0.971252 	0.000000 	
1 	 4 	0.000000 	0.649895 	0.200000 	84.485300 	0.393846 	0.109103 	0.000000 	0.084858 	0.393846 	0.109103 	0.000000 	0.084858 	0.916494 	0.068286 	0.916494 	-0.068286 	0.237282 	0.000000 	0.970092 	0.000000 	
1 	 4 	0.000000 	0.650845 	0.200000 	83.795100 	0.393846 	0.109349 	0.000000 	0.085049 	0.393846 	0.109349 	0.000000 	0.085049 	0.237284 	0.000000 	0.916795 	0.068873 	0.916795 	-0.068873 	0.968937 	0.000000 	
1 	 4 	0.000000 	0.651796 	0.200000 	83.125200 	0.393846 	0.109593 	-0.000000 	0.085239 	0.393846 	0.109593 	-0.000000 	0.085239 	0.917095 	0.069453 	0.917095 	-0.069453 	0.237287 	0.000000 	0.967787 	0.000000 	
1 	 4 	0.000000 	0.652747 	0.200000 	82.474900 	0.393846 	0.109837 	0.000000 	0.085429 	0.393846 	0.109837 	0.000000 	0.085429 	0.237289 	0.000000 	0.917394 	0.070025 	0.917394 	-0.070025 	0.966640 	0.000000 	
1 	 4 	0.000000 	0.653699 	0.200000 	81.843100 	0.393846 	0.110080 	0.000000 	0.085618 	0.393846 	0.110080 	0.000000 	0.085618 	0.237291 	0.000000 	0.917693 	0.070591 	0.917693 	-0.070591 	0.965498 	0.000000 	
1 	 4 	0.000000 	0.654650 	0.200000 	81.229100 	0.393846 	0.110323 	0.000000 	0.085806 	0.393846 	0.110323 	0.000000 	0.085806 	0.917992 	0.071150 	0.917992 	-0.071150 	0.237293 	0.000000 	0.964361 	0.000000 	
1 	 4 	0.000000 	0.655602 	0.200000 	80.632000 	0.393846 	0.110564 	-0.000000 	0.085995 	0.393846 	0.110564 	-0.000000 	0.085995 	0.918289 	0.071702 	0.918289 	-0.071702 	0.237296 	0.000000 	0.963227 	0.000000 	
1 	 4 	0.000000 	0.656554 	0.200000 	80.051200 	0.393846 	0.110806 	0.000000 	0.086182 	0.393846 	0.110806 	0.000000 	0.086182 	0.237298 	0.000000 	0.918587 	0.072248 	0.918587 	-0.072248 	0.962098 	0.000000 	
1 	 4 	0.000000 	0.657507 	0.200000 	79.486000 	0.393846 	0.111046 	0.000000 	0.086369 	0.393846 	0.111046 	0.000000 	0.086369 	0.918883 	0.072787 	0.918883 	-0.072787 	0.237300 	0.000000 	0.960974 	0.000000 	
1 	 4 	0.000000 	0.658459 	0.200000 	78.935700 	0.393846 	0.111286 	-0.000000 	0.086556 	0.393846 	0.111286 	-0.000000 	0.086556 	0.237303 	0.000000 	0.919179 	0.073320 	0.919179 	-0.073320 	0.959853 	0.000000 	
1 	 4 	0.000000 	0.659412 	0.200000 	78.399700 	0.393846 	0.111526 	-0.000000 	0.086742 	0.393846 	0.111526 	-0.000000 	0.086742 	0.919475 	0.073848 	0.919475 	-0.073848 	0.237305 	0.000000 	0.958737 	0.000000 	
1 	 4 	0.000000 	0.660365 	0.200000 	77.877300 	0.393846 	0.111764 	-0.000000 	0.086928 	0.393846 	0.111764 	-0.000000 	0.086928 	0.237307 	0.000000 	0.919770 	0.074369 	0.919770 	-0.074369 	0.957625 	0.000000 	
1 	 4 	0.000000 	0.661319 	0.200000 	77.368200 	0.393846 	0.112002 	0.000000 	0.087113 	0.393846 	0.112002 	0.000000 	0.087113 	0.920064 	0.074885 	0.920064 	-0.074885 	0.237309 	0.000000 	0.956517 	0.000000 	
1 	 4 	0.000000 	0.662272 	0.200000 	76.871700 	0.393846 	0.112240 	-0.000000 	0.087298 	0.393846 	0.112240 	-0.000000 	0.087298 	0.920358 	0.075394 	0.920358 	-0.075394 	0.237311 	0.000000 	0.955414 	0.000000 	
1 	 4 	0.000000 	0.663226 	0.200000 	76.387400 	0.393846 	0.112477 	-0.000000 	0.087482 	0.393846 	0.112477 	-0.000000 	0.087482 	0.237314 	0.000000 	0.920651 	0.075899 	0.920651 	-0.075899 	0.954314 	0.000000 	
1 	 4 	0.000000 	0.664181 	0.200000 	75.914800 	0.393846 	0.112713 	0.000000 	0.087666 	0.393846 	0.112713 	0.000000 	0.087666 	0.920944 	0.076398 	0.920944 	-0.076398 	0.237316 	0.000000 	0.953219 	0.000000 	
1 	 4 	0.000000 	0.665135 	0.200000 	75.453400 	0.393846 	0.112949 	-0.000000 	0.087849 	0.393846 	0.112949 	-0.000000 	0.087849 	0.237318 	0.000000 	0.921236 	0.076891 	0.921236 	-0.076891 	0.952128 	0.000000 	
1 	 4 	0.000000 	0.666090 	0.200000 	75.003000 	0.393846 	0.113184 	0.000000 	0.088032 	0.393846 	0.113184 	0.000000 	0.088032 	0.921528 	0.077380 	0.921528 	-0.077380 	0.237320 	0.000000 	0.951041 	0.000000 	
1 	 4 	0.000000 	0.667044 	0.200000 	74.562900 	0.393846 	0.113418 	0.000000 	0.088214 	0.393846 	0.113418 	0.000000 	0.088214 	0.921819 	0.077863 	0.921819 	-0.077863 	0.237322 	0.000000 	0.949958 	0.000000 	
1 	 4 	0.000000 	0.668000 	0.200000 	74.133000 	0.393846 	0.113652 	-0.000000 	0.088396 	0.393846 	0.113652 	-0.000000 	0.088396 	0.237325 	0.000000 	0.922110 	0.078342 	0.922110 	-0.078342 	0.948879 	0.000000 	
1 	 4 	0.000000 	0.668955 	0.200000 	73.712700 	0.393846 	0.113885 	0.000000 	0.088577 	0.393846 	0.113885 	0.000000 	0.088577 	0.922400 	0.078815 	0.922400 	-0.078815 	0.237327 	0.000000 	0.947804 	0.000000 	
1 	 4 	0.000000 	0.669911 	0.200000 	73.301900 	0.393846 	0.114118 	0.000000 	0.088758 	0.393846 	0.114118 	0.000000 	0.088758 	0.922689 	0.079284 	0.922689 	-0.079284 	0.237329 	0.000000 	0.946733 	0.000000 	
1 	 4 	0.000000 	0.670866 	0.200000 	72.900100 	0.393846 	0.114350 	0.000000 	0.088939 	0.393846 	0.114350 	0.000000 	0.088939 	0.922978 	0.079748 	0.922978 	-0.079748 	0.237331 	0.000000 	0.945666 	0.000000 	
1 	 4 	0.000000 	0.671823 	0.200000 	72.507100 	0.393846 	0.114581 	0.000000 	0.089119 	0.393846 	0.114581 	0.000000 	0.089119 	0.923267 	0.080208 	0.923267 	-0.080208 	0.237333 	0.000000 	0.944603 	0.000000 	
1 	 4 	0.000000 	0.672779 	0.200000 	72.122500 	0.393846 	0.114812 	0.000000 	0.089298 	0.393846 	0.114812 	0.000000 	0.089298 	0.237335 	0.000000 	0.923555 	0.080663 	0.923555 	-0.080663 	0.943544 	0.000000 	
1 	 4 	0.000000 	0.673735 	0.200000 	71.746100 	0.393846 	0.115042 	0.000000 	0.089477 	0.393846 	0.115042 	0.000000 	0.089477 	0.923842 	0.081113 	0.923842 	-0.081113 	0.237337 	0.000000 	0.942489 	0.000000 	
1 	 4 	0.000000 	0.674692 	0.200000 	71.377700 	0.393846 	0.115271 	0.000000 	0.089656 	0.393846 	0.115271 	0.000000 	0.089656 	0.237340 	0.000000 	0.924129 	0.081559 	0.924129 	-0.081559 	0.941437 	0.000000 	
1 	 4 	0.000000 	0.675649 	0.200000 	71.016800 	0.393846 	0.115500 	0.000000 	0.089834 	0.393846 	0.115500 	0.000000 	0.089834 	0.237342 	0.000000 	0.924415 	0.082001 	0.924415 	-0.082001 	0.940390 	0.000000 	
1 	 4 	0.000000 	0.676606 	0.200000 	70.663400 	0.393846 	0.115729 	-0.000000 	0.090011 	0.393846 	0.115729 	-0.000000 	0.090011 	0.237344 	0.000000 	0.924701 	0.082439 	0.924701 	-0.082439 	0.939347 	0.000000 	
1 	 4 	0.000000 	0.677564 	0.200000 	70.317200 	0.393846 	0.115957 	0.000000 	0.090188 	0.393846 	0.115957 	0.000000 	0.090188 	0.237346 	0.000000 	0.924986 	0.082873 	0.924986 	-0.082873 	0.938307 	0.000000 	
1 	 4 	0.000000 	0.678522 	0.200000 	69.977900 	0.393846 	0.116184 	0.000000 	0.090365 	0.393846 	0.116184 	0.000000 	0.090365 	0.237348 	0.000000 	0.925270 	0.083302 	0.925270 	-0.083302 	0.937272 	0.000000 	
1 	 4 	0.000000 	0.679479 	0.200000 	69.645400 	0.393846 	0.116410 	-0.000000 	0.090541 	0.393846 	0.116410 	-0.000000 	0.090541 	0.237350 	0.000000 	0.925554 	0.083728 	0.925554 	-0.083728 	0.936240 	0.000000 	
1 	 4 	0.000000 	0.680438 	0.200000 	69.319400 	0.393846 	0.116636 	-0.000000 	0.090717 	0.393846 	0.116636 	-0.000000 	0.090717 	0.925838 	0.084150 	0.925838 	-0.084150 	0.237352 	0.000000 	0.935212 	0.000000 	
1 	 4 	0.000000 	0.681396 	0.200000 	68.999800 	0.393846 	0.116862 	-0.000000 	0.090893 	0.393846 	0.116862 	-0.000000 	0.090893 	0.926121 	0.084567 	0.926121 	-0.084567 	0.237354 	0.000000 	0.934187 	0.000000 	
1 	 4 	0.000000 	0.682355 	0.200000 	68.686300 	0.393846 	0.117087 	-0.000000 	0.091067 	0.393846 	0.117087 	-0.000000 	0.091067 	0.926404 	0.084981 	0.926404 	-0.084981 	0.237356 	0.000000 	0.933167 	0.000000 	
1 	 4 	0.000000 	0.683313 	0.200000 	68.378800 	0.393846 	0.117311 	0.000000 	0.091242 	0.393846 	0.117311 	0.000000 	0.091242 	0.926685 	0.085392 	0.926685 	-0.085392 	0.237358 	0.000000 	0.932150 	0.000000 	
1 	 4 	0.000000 	0.684272 	0.200000 	68.077000 	0.393846 	0.117535 	0.000000 	0.091416 	0.393846 	0.117535 	0.000000 	0.091416 	0.926967 	0.085798 	0.926967 	-0.085798 	0.237360 	0.000000 	0.931137 	0.000000 	
1 	 4 	0.000000 	0.685232 	0.200000 	67.781000 	0.393846 	0.117758 	0.000000 	0.091589 	0.393846 	0.117758 	0.000000 	0.091589 	0.237362 	0.000000 	0.927248 	0.086201 	0.927248 	-0.086201 	0.930128 	0.000000 	
1 	 4 	0.000000 	0.686191 	0.200000 	67.490300 	0.393846 	0.117980 	-0.000000 	0.091762 	0.393846 	0.117980 	-0.000000 	0.091762 	0.927528 	0.086601 	0.927528 	-0.086601 	0.237364 	0.000000 	0.929122 	0.000000 	
1 	 4 	0.000000 	0.687151 	0.200000 	67.205000 	0.393846 	0.118202 	-0.000000 	0.091935 	0.393846 	0.118202 	-0.000000 	0.091935 	0.927808 	0.086997 	0.927808 	-0.086997 	0.237366 	0.000000 	0.928120 	0.000000 	
1 	 4 	0.000000 	0.688110 	0.200000 	66.924900 	0.393846 	0.118424 	-0.000000 	0.092107 	0.393846 	0.118424 	-0.000000 	0.092107 	0.237368 	0.000000 	0.928087 	0.087390 	0.928087 	-0.087390 	0.927121 	0.000000 	
1 	 4 	0.000000 	0.689071 	0.200000 	66.649800 	0.393846 	0.118645 	-0.000000 	0.092279 	0.393846 	0.118645 	-0.000000 	0.092279 	0.237370 	0.000000 	0.928366 	0.087779 	0.928366 	-0.087779 	0.926127 	0.000000 	
1 	 4 	0.000000 	0.690031 	0.200000 	66.379600 	0.393846 	0.118865 	0.000000 	0.092450 	0.393846 	0.118865 	0.000000 	0.092450 	0.237372 	0.000000 	0.928644 	0.088165 	0.928644 	-0.088165 	0.925136 	0.000000 	
1 	 4 	0.000000 	0.690991 	0.200000 	66.114200 	0.393846 	0.119084 	0.000000 	0.092621 	0.393846 	0.119084 	0.000000 	0.092621 	0.928922 	0.088547 	0.928922 	-0.088547 	0.237374 	0.000000 	0.924148 	0.000000 	
1 	 4 	0.000000 	0.691952 	0.200000 	65.853400 	0.393846 	0.119304 	0.000000 	0.092792 	0.393846 	0.119304 	0.000000 	0.092792 	0.237376 	0.000000 	0.929199 	0.088927 	0.929199 	-0.088927 	0.923164 	0.000000 	
1 	 4 	0.000000 	0.692913 	0.200000 	65.597100 	0.393846 	0.119522 	-0.000000 	0.092962 	0.393846 	0.119522 	-0.000000 	0.092962 	0.929476 	0.089303 	0.929476 	-0.089303 	0.237378 	0.000000 	0.922184 	0.000000 	
1 	 4 	0.000000 	0.693874 	0.200000 	65.345100 	0.393846 	0.119740 	-0.000000 	0.093131 	0.393846 	0.119740 	-0.000000 	0.093131 	0.237380 	0.000000 	0.929752 	0.089676 	0.929752 	-0.089676 	0.921207 	0.000000 	
1 	 4 	0.000000 	0.694835 	0.200000 	65.097500 	0.393846 	0.119958 	0.000000 	0.093300 	0.393846 	0.119958 	0.000000 	0.093300 	0.930028 	0.090046 	0.930028 	-0.090046 	0.237382 	0.000000 	0.920234 	0.000000 	
1 	 4 	0.000000 	0.695797 	0.200000 	64.854100 	0.393846 	0.120175 	-0.000000 	0.093469 	0.393846 	0.120175 	-0.000000 	0.093469 	0.930303 	0.090413 	0.930303 	-0.090413 	0.237384 	0.000000 	0.919264 	0.000000 	
1 	 4 	0.000000 	0.696759 	0.200000 	64.614700 	0.393846 	0.120391 	0.000000 	0.093637 	0.393846 	0.120391 	0.000000 	0.093637 	0.237386 	0.000000 	0.930578 	0.090776 	0.930578 	-0.090776 	0.918298 	0.000000 	
1 	 4 	0.000000 	0.697720 	0.200000 	64.379300 	0.393846 	0.120607 	-0.000000 	0.093805 	0.393846 	0.120607 	-0.000000 	0.093805 	0.237388 	0.000000 	0.930852 	0.091137 	0.930852 	-0.091137 	0.917335 	0.000000 	
1 	 4 	0.000000 	0.698683 	0.200000 	64.147700 	0.393846 	0.120822 	-0.000000 	0.093973 	0.393846 	0.120822 	-0.000000 	0.093973 	0.237390 	0.000000 	0.931126 	0.091495 	0.931126 	-0.091495 	0.916375 	0.000000 	
1 	 4 	0.000000 	0.699645 	0.200000 	63.919900 	0.393846 	0.121037 	0.000000 	0.094140 	0.393846 	0.121037 	0.000000 	0.094140 	0.237392 	0.000000 	0.931399 	0.091850 	0.931399 	-0.091850 	0.915419 	0.000000 	
1 	 4 	0.000000 	0.700607 	0.200000 	63.695800 	0.393846 	0.121251 	0.000000 	0.094306 	0.393846 	0.121251 	0.000000 	0.094306 	0.931671 	0.092203 	0.931671 	-0.092203 	0.237394 	0.000000 	0.914467 	0.000000 	
1 	 4 	0.000000 	0.701570 	0.200000 	63.475300 	0.393846 	0.121464 	0.000000 	0.094472 	0.393846 	0.121464 	0.000000 	0.094472 	0.931943 	0.092552 	0.931943 	-0.092552 	0.237396 	0.000000 	0.913518 	0.000000 	
1 	 4 	0.000000 	0.702533 	0.200000 	63.258200 	0.393846 	0.121678 	-0.000000 	0.094638 	0.393846 	0.121678 	-0.000000 	0.094638 	0.932215 	0.092899 	0.932215 	-0.092899 	0.237398 	0.000000 	0.912572 	0.000000 	
1 	 4 	0.000000 	0.703496 	0.200000 	63.044600 	0.393846 	0.121890 	-0.000000 	0.094803 	0.393846 	0.121890 	-0.000000 	0.094803 	0.932486 	0.093243 	0.932486 	-0.093243 	0.237400 	0.000000 	0.911630 	0.000000 	
1 	 4 	0.000000 	0.704459 	0.200000 	62.834400 	0.393846 	0.122102 	0.000000 	0.094968 	0.393846 	0.122102 	0.000000 	0.094968 	0.237401 	0.000000 	0.932756 	0.093584 	0.932756 	-0.093584 	0.910691 	0.000000 	
1 	 4 	0.000000 	0.705423 	0.200000 	62.627400 	0.393846 	0.122314 	0.000000 	0.095133 	0.393846 	0.122314 	0.000000 	0.095133 	0.933026 	0.093923 	0.933026 	-0.093923 	0.237403 	0.000000 	0.909755 	0.000000 	
1 	 4 	0.000000 	0.706386 	0.200000 	62.423600 	0.393846 	0.122524 	-0.000000 	0.095297 	0.393846 	0.122524 	-0.000000 	0.095297 	0.933296 	0.094259 	0.933296 	-0.094259 	0.237405 	0.000000 	0.908823 	0.000000 	
1 	 4 	0.000000 	0.707350 	0.200000 	62.222900 	0.393846 	0.122735 	-0.000000 	0.095460 	0.393846 	0.122735 	-0.000000 	0.095460 	0.933565 	0.094592 	0.933565 	-0.094592 	0.237407 	0.000000 	0.907894 	0.000000 	
1 	 4 	0.000000 	0.708314 	0.200000 	62.025200 	0.393846 	0.122945 	-0.000000 	0.095624 	0.393846 	0.122945 	-0.000000 	0.095624 	0.237409 	0.000000 	0.933834 	0.094923 	0.933834 	-0.094923 	0.906968 	0.000000 	
1 	 4 	0.000000 	0.709278 	0.200000 	61.830500 	0.393846 	0.123154 	0.000000 	0.095786 	0.393846 	0.123154 	0.000000 	0.095786 	0.934102 	0.095251 	0.934102 	-0.095251 	0.237411 	0.000000 	0.906046 	0.000000 	
1 	 4 	0.000000 	0.710243 	0.200000 	61.638700 	0.393846 	0.123363 	-0.000000 	0.095949 	0.393846 	0.123363 	-0.000000 	0.095949 	0.237413 	0.000000 	0.934369 	0.095577 	0.934369 	-0.095577 	0.905127 	0.000000 	
1 	 4 	0.000000 	0.711207 	0.200000 	61.449800 	0.393846 	0.123571 	-0.000000 	0.096111 	0.393846 	0.123571 	-0.000000 	0.096111 	0.237414 	0.000000 	0.934636 	0.095900 	0.934636 	-0.095900 	0.904211 	0.000000 	
1 	 4 	0.000000 	0.712172 	0.200000 	61.263600 	0.393846 	0.123779 	-0.000000 	0.096272 	0.393846 	0.123779 	-0.000000 	0.096272 	0.934903 	0.096221 	0.934903 	-0.096221 	0.237416 	0.000000 	0.903298 	0.000000 	
1 	 4 	0.000000 	0.713137 	0.200000 	61.080200 	0.393846 	0.123986 	0.000000 	0.096434 	0.393846 	0.123986 	0.000000 	0.096434 	0.935169 	0.096540 	0.935169 	-0.096540 	0.237418 	0.000000 	0.902389 	0.000000 	
1 	 4 	0.000000 	0.714102 	0.200000 	60.899400 	0.393846 	0.124193 	-0.000000 	0.096594 	0.393846 	0.124193 	-0.000000 	0.096594 	0.935434 	0.096856 	0.935434 	-0.096856 	0.237420 	0.000000 	0.901483 	0.000000 	
1 	 4 	0.000000 	0.715067 	0.200000 	60.721300 	0.393846 	0.124399 	-0.000000 	0.096755 	0.393846 	0.124399 	-0.000000 	0.096755 	0.935699 	0.097169 	0.935699 	-0.097169 	0.237422 	0.000000 	0.900580 	0.000000 	
1 	 4 	0.000000 	0.716033 	0.200000 	60.545700 	0.393846 	0.124605 	-0.000000 	0.096915 	0.393846 	0.124605 	-0.000000 	0.096915 	0.935964 	0.097481 	0.935964 	-0.097481 	0.237424 	0.000000 	0.899680 	0.000000 	
1 	 4 	0.000000 	0.716998 	0.200000 	60.372500 	0.393846 	0.124810 	-0.000000 	0.097074 	0.393846 	0.124810 	-0.000000 	0.097074 	0.936228 	0.097790 	0.936228 	-0.097790 	0.237425 	0.000000 	0.898783 	0.000000 	
1 	 4 	0.000000 	0.717964 	0.200000 	60.201800 	0.393846 	0.125014 	-0.000000 	0.097233 	0.393846 	0.125014 	-0.000000 	0.097233 	0.936491 	0.098097 	0.936491 	-0.098097 	0.237427 	0.000000 	0.897889 	0.000000 	
1 	 4 	0.000000 	0.718930 	0.200000 	60.033600 	0.393846 	0.125218 	0.000000 	0.097392 	0.393846 	0.125218 	0.000000 	0.097392 	0.936754 	0.098401 	0.936754 	-0.098401 	0.237429 	0.000000 	0.896999 	0.000000 	
1 	 4 	0.000000 	0.719896 	0.200000 	59.867600 	0.393846 	0.125422 	-0.000000 	0.097550 	0.393846 	0.125422 	-0.000000 	0.097550 	0.937017 	0.098704 	0.937017 	-0.098704 	0.237431 	0.000000 	0.896112 	0.000000 	
1 	 4 	0.000000 	0.720863 	0.200000 	59.704000 	0.393846 	0.125625 	-0.000000 	0.097708 	0.393846 	0.125625 	-0.000000 	0.097708 	0.937279 	0.099004 	0.937279 	-0.099004 	0.237433 	0.000000 	0.895227 	0.000000 	
1 	 4 	0.000000 	0.721829 	0.200000 	59.542600 	0.393846 	0.125828 	-0.000000 	0.097866 	0.393846 	0.125828 	-0.000000 	0.097866 	0.937540 	0.099302 	0.937540 	-0.099302 	0.237434 	0.000000 	0.894346 	0.000000 	
1 	 4 	0.000000 	0.722796 	0.200000 	59.383400 	0.393846 	0.126030 	-0.000000 	0.098023 	0.393846 	0.126030 	-0.000000 	0.098023 	0.937801 	0.099598 	0.937801 	-0.099598 	0.237436 	0.000000 	0.893468 	0.000000 	
1 	 4 	0.000000 	0.723763 	0.200000 	59.226300 	0.393846 	0.126231 	-0.000000 	0.098180 	0.393846 	0.126231 	-0.000000 	0.098180 	0.237438 	0.000000 	0.938062 	0.099892 	0.938062 	-0.099892 	0.892593 	0.000000 	
1 	 4 	0.000000 	0.724730 	0.200000 	59.071400 	0.393846 	0.126432 	-0.000000 	0.098336 	0.393846 	0.126432 	-0.000000 	0.098336 	0.938322 	0.100184 	0.938322 	-0.100184 	0.237440 	0.000000 	0.891721 	0.000000 	
1 	 4 	0.000000 	0.725697 	0.200000 	58.918600 	0.393846 	0.126633 	0.000000 	0.098492 	0.393846 	0.126633 	0.000000 	0.098492 	0.938582 	0.100473 	0.938582 	-0.100473 	0.237441 	0.000000 	0.890852 	0.000000 	
1 	 4 	0.000000 	0.726664 	0.200000 	58.767800 	0.393846 	0.126833 	0.000000 	0.098648 	0.393846 	0.126833 	0.000000 	0.098648 	0.938841 	0.100761 	0.938841 	-0.100761 	0.237443 	0.000000 	0.889986 	0.000000 	
1 	 4 	0.000000 	0.727632 	0.200000 	58.619000 	0.393846 	0.127033 	0.000000 	0.098803 	0.393846 	0.127033 	0.000000 	0.098803 	0.939100 	0.101046 	0.939100 	-0.101046 	0.237445 	0.000000 	0.889123 	0.000000 	
1 	 4 	0.000000 	0.728600 	0.200000 	58.472100 	0.393846 	0.127232 	0.000000 	0.098958 	0.393846 	0.127232 	0.000000 	0.098958 	0.939358 	0.101330 	0.939358 	-0.101330 	0.237447 	0.000000 	0.888263 	0.000000 	
1 	 4 	0.000000 	0.729567 	0.200000 	58.327200 	0.393846 	0.127430 	0.000000 	0.099112 	0.393846 	0.127430 	0.000000 	0.099112 	0.939615 	0.101612 	0.939615 	-0.101612 	0.237448 	0.000000 	0.887406 	0.000000 	
1 	 4 	0.000000 	0.730535 	0.200000 	58.184100 	0.393846 	0.127628 	0.000000 	0.099266 	0.393846 	0.127628 	0.000000 	0.099266 	0.939873 	0.101891 	0.939873 	-0.101891 	0.237450 	0.000000 	0.886552 	0.000000 	
1 	 4 	0.000000 	0.731504 	0.200000 	58.042900 	0.393846 	0.127826 	0.000000 	0.099420 	0.393846 	0.127826 	0.000000 	0.099420 	0.237452 	0.000000 	0.940129 	0.102169 	0.940129 	-0.102169 	0.885701 	0.000000 	
1 	 4 	0.000000 	0.732472 	0.200000 	57.903600 	0.393846 	0.128023 	0.000000 	0.099573 	0.393846 	0.128023 	0.000000 	0.099573 	0.940386 	0.102445 	0.940386 	-0.102445 	0.237453 	0.000000 	0.884853 	0.000000 	
1 	 4 	0.000000 	0.733440 	0.200000 	57.765900 	0.393846 	0.128220 	-0.000000 	0.099726 	0.393846 	0.128220 	-0.000000 	0.099726 	0.940641 	0.102719 	0.940641 	-0.102719 	0.237455 	0.000000 	0.884007 	0.000000 	
1 	 4 	0.000000 	0.734409 	0.200000 	57.630100 	0.393846 	0.128416 	-0.000000 	0.099879 	0.393846 	0.128416 	-0.000000 	0.099879 	0.940897 	0.102991 	0.940897 	-0.102991 	0.237457 	0.000000 	0.883165 	0.000000 	
1 	 4 	0.000000 	0.735378 	0.200000 	57.495900 	0.393846 	0.128611 	0.000000 	0.100031 	0.393846 	0.128611 	0.000000 	0.100031 	0.941151 	0.103261 	0.941151 	-0.103261 	0.237459 	0.000000 	0.882325 	0.000000 	
1 	 4 	0.000000 	0.736347 	0.200000 	57.363500 	0.393846 	0.128807 	0.000000 	0.100183 	0.393846 	0.128807 	0.000000 	0.100183 	0.941406 	0.103529 	0.941406 	-0.103529 	0.237460 	0.000000 	0.881489 	0.000000 	
1 	 4 	0.000000 	0.737316 	0.200000 	57.232700 	0.393846 	0.129001 	-0.000000 	0.100334 	0.393846 	0.129001 	-0.000000 	0.100334 	0.941660 	0.103796 	0.941660 	-0.103796 	0.237462 	0.000000 	0.880655 	0.000000 	
1 	 4 	0.000000 	0.738285 	0.200000 	57.103500 	0.393846 	0.129195 	0.000000 	0.100485 	0.393846 	0.129195 	0.000000 	0.100485 	0.237464 	0.000000 	0.941913 	0.104060 	0.941913 	-0.104060 	0.879824 	0.000000 	
1 	 4 	0.000000 	0.739255 	0.200000 	56.975900 	0.393846 	0.129389 	0.000000 	0.100636 	0.393846 	0.129389 	0.000000 	0.100636 	0.942166 	0.104323 	0.942166 	-0.104323 	0.237465 	0.000000 	0.878996 	0.000000 	
1 	 4 	0.000000 	0.740224 	0.200000 	56.849900 	0.393846 	0.129582 	0.000000 	0.100786 	0.393846 	0.129582 	0.000000 	0.100786 	0.942418 	0.104585 	0.942418 	-0.104585 	0.237467 	0.000000 	0.878170 	0.000000 	
1 	 4 	0.000000 	0.741194 	0.200000 	56.725400 	0.393846 	0.129775 	0.000000 	0.100936 	0.393846 	0.129775 	0.000000 	0.100936 	0.237469 	0.000000 	0.942670 	0.104844 	0.942670 	-0.104844 	0.877348 	0.000000 	
1 	 4 	0.000000 	0.742164 	0.200000 	56.602400 	0.393846 	0.129968 	0.000000 	0.101086 	0.393846 	0.129968 	0.000000 	0.101086 	0.237470 	0.000000 	0.942922 	0.105102 	0.942922 	-0.105102 	0.876528 	0.000000 	
1 	 4 	0.000000 	0.743134 	0.200000 	56.480900 	0.393846 	0.130159 	0.000000 	0.101235 	0.393846 	0.130159 	0.000000 	0.101235 	0.943173 	0.105358 	0.943173 	-0.105358 	0.237472 	0.000000 	0.875711 	0.000000 	
1 	 4 	0.000000 	0.744104 	0.200000 	56.360900 	0.393846 	0.130351 	-0.000000 	0.101384 	0.393846 	0.130351 	-0.000000 	0.101384 	0.237473 	0.000000 	0.943424 	0.105612 	0.943424 	-0.105612 	0.874897 	0.000000 	
1 	 4 	0.000000 	0.745074 	0.200000 	56.242300 	0.393846 	0.130542 	0.000000 	0.101532 	0.393846 	0.130542 	0.000000 	0.101532 	0.943674 	0.105865 	0.943674 	-0.105865 	0.237475 	0.000000 	0.874086 	0.000000 	
1 	 4 	0.000000 	0.746045 	0.200000 	56.125200 	0.393846 	0.130732 	-0.000000 	0.101680 	0.393846 	0.130732 	-0.000000 	0.101680 	0.943923 	0.106115 	0.943923 	-0.106115 	0.237477 	0.000000 	0.873277 	0.000000 	
1 	 4 	0.000000 	0.747015 	0.200000 	56.009400 	0.393846 	0.130922 	-0.000000 	0.101828 	0.393846 	0.130922 	-0.000000 	0.101828 	0.944173 	0.106365 	0.944173 	-0.106365 	0.237478 	0.000000 	0.872471 	0.000000 	
1 	 4 	0.000000 	0.747986 	0.200000 	55.894900 	0.393846 	0.131111 	-0.000000 	0.101976 	0.393846 	0.131111 	-0.000000 	0.101976 	0.944421 	0.106612 	0.944421 	-0.106612 	0.237480 	0.000000 	0.871668 	0.000000 	
1 	 4 	0.000000 	0.748957 	0.200000 	55.781900 	0.393846 	0.131300 	-0.000000 	0.102123 	0.393846 	0.131300 	-0.000000 	0.102123 	0.944670 	0.106858 	0.944670 	-0.106858 	0.237482 	0.000000 	0.870867 	0.000000 	
1 	 4 	0.000000 	0.749928 	0.200000 	55.670100 	0.393846 	0.131489 	-0.000000 	0.102269 	0.393846 	0.131489 	-0.000000 	0.102269 	0.944917 	0.107103 	0.944917 	-0.107103 	0.237483 	0.000000 	0.870069 	0.000000 	
1 	 4 	0.000000 	0.750899 	0.200000 	55.559600 	0.393846 	0.131677 	0.000000 	0.102416 	0.393846 	0.131677 	0.000000 	0.102416 	0.945165 	0.107346 	0.945165 	-0.107346 	0.237485 	0.000000 	0.869274 	0.000000 	
1 	 4 	0.000000 	0.751871 	0.200000 	55.450400 	0.393846 	0.131865 	-0.000000 	0.102561 	0.393846 	0.131865 	-0.000000 	0.102561 	0.945412 	0.107587 	0.945412 	-0.107587 	0.237486 	0.000000 	0.868481 	0.000000 	
1 	 4 	0.000000 	0.752842 	0.200000 	55.342500 	0.393846 	0.132052 	-0.000000 	0.102707 	0.393846 	0.132052 	-0.000000 	0.102707 	0.237488 	0.000000 	0.945658 	0.107827 	0.945658 	-0.107827 	0.867691 	0.000000 	
1 	 4 	0.000000 	0.753814 	0.200000 	55.235800 	0.393846 	0.132239 	-0.000000 	0.102852 	0.393846 	0.132239 	-0.000000 	0.102852 	0.945904 	0.108065 	0.945904 	-0.108065 	0.237490 	0.000000 	0.866904 	0.000000 	
1 	 4 	0.000000 	0.754785 	0.200000 	55.130300 	0.393846 	0.132425 	-0.000000 	0.102997 	0.393846 	0.132425 	-0.000000 	0.102997 	0.946150 	0.108302 	0.946150 	-0.108302 	0.237491 	0.000000 	0.866120 	0.000000 	
1 	 4 	0.000000 	0.755757 	0.200000 	55.026000 	0.393846 	0.132611 	0.000000 	0.103142 	0.393846 	0.132611 	0.000000 	0.103142 	0.946395 	0.108537 	0.946395 	-0.108537 	0.237493 	0.000000 	0.865338 	0.000000 	
1 	 4 	0.000000 	0.756729 	0.200000 	54.922900 	0.393846 	0.132796 	-0.000000 	0.103286 	0.393846 	0.132796 	-0.000000 	0.103286 	0.946639 	0.108771 	0.946639 	-0.108771 	0.237494 	0.000000 	0.864558 	0.000000 	
1 	 4 	0.000000 	0.757701 	0.200000 	54.820900 	0.393846 	0.132981 	-0.000000 	0.103430 	0.393846 	0.132981 	-0.000000 	0.103430 	0.946883 	0.109003 	0.946883 	-0.109003 	0.237496 	0.000000 	0.863781 	0.000000 	
1 	 4 	0.000000 	0.758674 	0.200000 	54.720100 	0.393846 	0.133166 	0.000000 	0.103573 	0.393846 	0.133166 	0.000000 	0.103573 	0.237497 	0.000000 	0.947127 	0.109233 	0.947127 	-0.109233 	0.863007 	0.000000 	
1 	 4 	0.000000 	0.759646 	0.200000 	54.620400 	0.393846 	0.133350 	-0.000000 	0.103716 	0.393846 	0.133350 	-0.000000 	0.103716 	0.237499 	0.000000 	0.947370 	0.109463 	0.947370 	-0.109463 	0.862235 	0.000000 	
1 	 4 	0.000000 	0.760619 	0.200000 	54.521800 	0.393846 	0.133533 	-0.000000 	0.103859 	0.393846 	0.133533 	-0.000000 	0.103859 	0.237501 	0.000000 	0.947613 	0.109690 	0.947613 	-0.109690 	0.861466 	0.000000 	
1 	 4 	0.000000 	0.761592 	0.200000 	54.424300 	0.393846 	0.133716 	0.000000 	0.104002 	0.393846 	0.133716 	0.000000 	0.104002 	0.947855 	0.109917 	0.947855 	-0.109917 	0.237502 	0.000000 	0.860700 	0.000000 	
1 	 4 	0.000000 	0.762564 	0.200000 	54.327900 	0.393846 	0.133899 	0.000000 	0.104144 	0.393846 	0.133899 	0.000000 	0.104144 	0.237504 	0.000000 	0.948097 	0.110142 	0.948097 	-0.110142 	0.859936 	0.000000 	
1 	 4 	0.000000 	0.763537 	0.200000 	54.232500 	0.393846 	0.134081 	0.000000 	0.104285 	0.393846 	0.134081 	0.000000 	0.104285 	0.948339 	0.110365 	0.948339 	-0.110365 	0.237505 	0.000000 	0.859174 	0.000000 	
1 	 4 	0.000000 	0.764510 	0.200000 	54.138200 	0.393846 	0.134263 	-0.000000 	0.104427 	0.393846 	0.134263 	-0.000000 	0.104427 	0.948580 	0.110588 	0.948580 	-0.110588 	0.237507 	0.000000 	0.858415 	0.000000 	
1 	 4 	0.000000 	0.765484 	0.200000 	54.044900 	0.393846 	0.134444 	0.000000 	0.104568 	0.393846 	0.134444 	0.000000 	0.104568 	0.948820 	0.110808 	0.948820 	-0.110808 	0.237508 	0.000000 	0.857659 	0.000000 	
1 	 4 	0.000000 	0.766457 	0.200000 	53.952500 	0.393846 	0.134625 	0.000000 	0.104709 	0.393846 	0.134625 	0.000000 	0.104709 	0.949061 	0.111028 	0.949061 	-0.111028 	0.237510 	0.000000 	0.856904 	0.000000 	
1 	 4 	0.000000 	0.767431 	0.200000 	53.861200 	0.393846 	0.134806 	0.000000 	0.104849 	0.393846 	0.134806 	0.000000 	0.104849 	0.949300 	0.111246 	0.949300 	-0.111246 	0.237511 	0.000000 	0.856153 	0.000000 	
1 	 4 	0.000000 	0.768404 	0.200000 	53.770900 	0.393846 	0.134986 	0.000000 	0.104989 	0.393846 	0.134986 	0.000000 	0.104989 	0.949540 	0.111462 	0.949540 	-0.111462 	0.237513 	0.000000 	0.855404 	0.000000 	
1 	 4 	0.000000 	0.769378 	0.200000 	53.681500 	0.393846 	0.135166 	-0.000000 	0.105129 	0.393846 	0.135166 	-0.000000 	0.105129 	0.949778 	0.111678 	0.949778 	-0.111678 	0.237514 	0.000000 	0.854657 	0.000000 	
1 	 4 	0.000000 	0.770352 	0.200000 	53.593100 	0.393846 	0.135345 	0.000000 	0.105268 	0.393846 	0.135345 	0.000000 	0.105268 	0.950017 	0.111892 	0.950017 	-0.111892 	0.237516 	0.000000 	0.853913 	0.000000 	
1 	 4 	0.000000 	0.771326 	0.200000 	53.505600 	0.393846 	0.135524 	-0.000000 	0.105407 	0.393846 	0.135524 	-0.000000 	0.105407 	0.950255 	0.112105 	0.950255 	-0.112105 	0.237517 	0.000000 	0.853171 	0.000000 	
1 	 4 	0.000000 	0.772300 	0.200000 	53.419000 	0.393846 	0.135702 	0.000000 	0.105546 	0.393846 	0.135702 	0.000000 	0.105546 	0.950492 	0.112316 	0.950492 	-0.112316 	0.237519 	0.000000 	0.852432 	0.000000 	
1 	 4 	0.000000 	0.773274 	0.200000 	53.333300 	0.393846 	0.135880 	0.000000 	0.105684 	0.393846 	0.135880 	0.000000 	0.105684 	0.950729 	0.112526 	0.950729 	-0.112526 	0.237520 	0.000000 	0.851695 	0.000000 	
1 	 4 	0.000000 	0.774249 	0.200000 	53.248600 	0.393846 	0.136057 	0.000000 	0.105822 	0.393846 	0.136057 	0.000000 	0.105822 	0.950966 	0.112735 	0.950966 	-0.112735 	0.237522 	0.000000 	0.850960 	0.000000 	
1 	 4 	0.000000 	0.775223 	0.200000 	53.164700 	0.393846 	0.136234 	0.000000 	0.105960 	0.393846 	0.136234 	0.000000 	0.105960 	0.951202 	0.112943 	0.951202 	-0.112943 	0.237523 	0.000000 	0.850228 	0.000000 	
1 	 4 	0.000000 	0.776198 	0.200000 	53.081600 	0.393846 	0.136411 	0.000000 	0.106098 	0.393846 	0.136411 	0.000000 	0.106098 	0.951438 	0.113149 	0.951438 	-0.113149 	0.237525 	0.000000 	0.849498 	0.000000 	
1 	 4 	0.000000 	0.777173 	0.200000 	52.999500 	0.393846 	0.136587 	-0.000000 	0.106235 	0.393846 	0.136587 	-0.000000 	0.106235 	0.951673 	0.113354 	0.951673 	-0.113354 	0.237526 	0.000000 	0.848771 	0.000000 	
1 	 4 	0.000000 	0.778147 	0.200000 	52.918200 	0.393846 	0.136763 	-0.000000 	0.106371 	0.393846 	0.136763 	-0.000000 	0.106371 	0.237528 	0.000000 	0.951908 	0.113558 	0.951908 	-0.113558 	0.848046 	0.000000 	
1 	 4 	0.000000 	0.779122 	0.200000 	52.837700 	0.393846 	0.136939 	-0.000000 	0.106508 	0.393846 	0.136939 	-0.000000 	0.106508 	0.237529 	0.000000 	0.952143 	0.113761 	0.952143 	-0.113761 	0.847323 	0.000000 	
1 	 4 	0.000000 	0.780098 	0.200000 	52.758000 	0.393846 	0.137114 	-0.000000 	0.106644 	0.393846 	0.137114 	-0.000000 	0.106644 	0.237531 	0.000000 	0.952377 	0.113962 	0.952377 	-0.113962 	0.846602 	0.000000 	
1 	 4 	0.000000 	0.781073 	0.200000 	52.679100 	0.393846 	0.137288 	-0.000000 	0.106780 	0.393846 	0.137288 	-0.000000 	0.106780 	0.237532 	0.000000 	0.952610 	0.114162 	0.952610 	-0.114162 	0.845884 	0.000000 	
1 	 4 	0.000000 	0.782048 	0.200000 	52.601100 	0.393846 	0.137462 	0.000000 	0.106915 	0.393846 	0.137462 	0.000000 	0.106915 	0.237533 	0.000000 	0.952843 	0.114361 	0.952843 	-0.114361 	0.845169 	0.000000 	
1 	 4 	0.000000 	0.783024 	0.200000 	52.523800 	0.393846 	0.137636 	-0.000000 	0.107050 	0.393846 	0.137636 	-0.000000 	0.107050 	0.953076 	0.114559 	0.953076 	-0.114559 	0.237535 	0.000000 	0.844455 	0.000000 	
1 	 4 	0.000000 	0.783999 	0.200000 	52.447300 	0.393846 	0.137809 	0.000000 	0.107185 	0.393846 	0.137809 	0.000000 	0.107185 	0.953308 	0.114756 	0.953308 	-0.114756 	0.237536 	0.000000 	0.843744 	0.000000 	
1 	 4 	0.000000 	0.784975 	0.200000 	52.371600 	0.393846 	0.137982 	0.000000 	0.107320 	0.393846 	0.137982 	0.000000 	0.107320 	0.953540 	0.114951 	0.953540 	-0.114951 	0.237538 	0.000000 	0.843035 	0.000000 	
1 	 4 	0.000000 	0.785951 	0.200000 	52.296600 	0.393846 	0.138155 	-0.000000 	0.107454 	0.393846 	0.138155 	-0.000000 	0.107454 	0.237539 	0.000000 	0.953772 	0.115146 	0.953772 	-0.115146 	0.842328 	0.000000 	
1 	 4 	0.000000 	0.786927 	0.200000 	52.222400 	0.393846 	0.138327 	-0.000000 	0.107588 	0.393846 	0.138327 	-0.000000 	0.107588 	0.954003 	0.115339 	0.954003 	-0.115339 	0.237541 	0.000000 	0.841624 	0.000000 	
1 	 4 	0.000000 	0.787903 	0.200000 	52.148900 	0.393846 	0.138499 	0.000000 	0.107721 	0.393846 	0.138499 	0.000000 	0.107721 	0.237542 	0.000000 	0.954233 	0.115531 	0.954233 	-0.115531 	0.840922 	0.000000 	
1 	 4 	0.000000 	0.788879 	0.200000 	52.076200 	0.393846 	0.138670 	0.000000 	0.107854 	0.393846 	0.138670 	0.000000 	0.107854 	0.954464 	0.115722 	0.954464 	-0.115722 	0.237543 	0.000000 	0.840222 	0.000000 	
1 	 4 	0.000000 	0.789855 	0.200000 	52.004100 	0.393846 	0.138841 	0.000000 	0.107987 	0.393846 	0.138841 	0.000000 	0.107987 	0.954694 	0.115911 	0.954694 	-0.115911 	0.237545 	0.000000 	0.839524 	0.000000 	
1 	 4 	0.000000 	0.790832 	0.200000 	51.932800 	0.393846 	0.139011 	0.000000 	0.108120 	0.393846 	0.139011 	0.000000 	0.108120 	0.954923 	0.116100 	0.954923 	-0.116100 	0.237546 	0.000000 	0.838829 	0.000000 	
1 	 4 	0.000000 	0.791808 	0.200000 	51.862100 	0.393846 	0.139181 	-0.000000 	0.108252 	0.393846 	0.139181 	-0.000000 	0.108252 	0.237548 	0.000000 	0.955152 	0.116288 	0.955152 	-0.116288 	0.838135 	0.000000 	
1 	 4 	0.000000 	0.792785 	0.200000 	51.792200 	0.393846 	0.139351 	0.000000 	0.108384 	0.393846 	0.139351 	0.000000 	0.108384 	0.955380 	0.116474 	0.955380 	-0.116474 	0.237549 	0.000000 	0.837444 	0.000000 	
1 	 4 	0.000000 	0.793761 	0.200000 	51.722900 	0.393846 	0.139520 	-0.000000 	0.108516 	0.393846 	0.139520 	-0.000000 	0.108516 	0.237550 	0.000000 	0.955609 	0.116660 	0.955609 	-0.116660 	0.836756 	0.000000 	
1 	 4 	0.000000 	0.794738 	0.200000 	51.654300 	0.393846 	0.139689 	0.000000 	0.108647 	0.393846 	0.139689 	0.000000 	0.108647 	0.955836 	0.116844 	0.955836 	-0.116844 	0.237552 	0.000000 	0.836069 	0.000000 	
1 	 4 	0.000000 	0.795715 	0.200000 	51.586400 	0.393846 	0.139858 	-0.000000 	0.108778 	0.393846 	0.139858 	-0.000000 	0.108778 	0.956064 	0.117027 	0.956064 	-0.117027 	0.237553 	0.000000 	0.835384 	0.000000 	
1 	 4 	0.000000 	0.796692 	0.200000 	51.519100 	0.393846 	0.140026 	-0.000000 	0.108909 	0.393846 	0.140026 	-0.000000 	0.108909 	0.956290 	0.117209 	0.956290 	-0.117209 	0.237555 	0.000000 	0.834702 	0.000000 	
1 	 4 	0.000000 	0.797670 	0.200000 	51.452500 	0.393846 	0.140193 	0.000000 	0.109039 	0.393846 	0.140193 	0.000000 	0.109039 	0.956517 	0.117390 	0.956517 	-0.117390 	0.237556 	0.000000 	0.834022 	0.000000 	
1 	 4 	0.000000 	0.798647 	0.200000 	51.386500 	0.393846 	0.140361 	0.000000 	0.109169 	0.393846 	0.140361 	0.000000 	0.109169 	0.956743 	0.117570 	0.956743 	-0.117570 	0.237557 	0.000000 	0.833344 	0.000000 	
1 	 4 	0.000000 	0.799624 	0.200000 	51.321100 	0.393846 	0.140528 	0.000000 	0.109299 	0.393846 	0.140528 	0.000000 	0.109299 	0.956969 	0.117750 	0.956969 	-0.117750 	0.237559 	0.000000 	0.832668 	0.000000 	
1 	 4 	0.000000 	0.800602 	0.200000 	51.256300 	0.393846 	0.140694 	-0.000000 	0.109429 	0.393846 	0.140694 	-0.000000 	0.109429 	0.957194 	0.117928 	0.957194 	-0.117928 	0.237560 	0.000000 	0.831994 	0.000000 	
1 	 4 	0.000000 	0.801579 	0.200000 	51.192200 	0.393846 	0.140860 	0.000000 	0.109558 	0.393846 	0.140860 	0.000000 	0.109558 	0.237561 	0.000000 	0.957419 	0.118105 	0.957419 	-0.118105 	0.831322 	0.000000 	
1 	 4 	0.000000 	0.802557 	0.200000 	51.128700 	0.393846 	0.141026 	0.000000 	0.109687 	0.393846 	0.141026 	0.000000 	0.109687 	0.957643 	0.118280 	0.957643 	-0.118280 	0.237563 	0.000000 	0.830653 	0.000000 	
1 	 4 	0.000000 	0.803535 	0.200000 	51.065700 	0.393846 	0.141191 	0.000000 	0.109816 	0.393846 	0.141191 	0.000000 	0.109816 	0.957867 	0.118455 	0.957867 	-0.118455 	0.237564 	0.000000 	0.829985 	0.000000 	
1 	 4 	0.000000 	0.804513 	0.200000 	51.003400 	0.393846 	0.141356 	0.000000 	0.109944 	0.393846 	0.141356 	0.000000 	0.109944 	0.958091 	0.118629 	0.958091 	-0.118629 	0.237565 	0.000000 	0.829320 	0.000000 	
1 	 4 	0.000000 	0.805491 	0.200000 	50.941600 	0.393846 	0.141521 	0.000000 	0.110072 	0.393846 	0.141521 	0.000000 	0.110072 	0.958314 	0.118802 	0.958314 	-0.118802 	0.237567 	0.000000 	0.828657 	0.000000 	
1 	 4 	0.000000 	0.806469 	0.200000 	50.880400 	0.393846 	0.141685 	-0.000000 	0.110200 	0.393846 	0.141685 	-0.000000 	0.110200 	0.958537 	0.118974 	0.958537 	-0.118974 	0.237568 	0.000000 	0.827995 	0.000000 	
1 	 4 	0.000000 	0.807447 	0.200000 	50.819800 	0.393846 	0.141849 	-0.000000 	0.110327 	0.393846 	0.141849 	-0.000000 	0.110327 	0.958759 	0.119145 	0.958759 	-0.119145 	0.237570 	0.000000 	0.827336 	0.000000 	
1 	 4 	0.000000 	0.808425 	0.200000 	50.759800 	0.393846 	0.142013 	0.000000 	0.110454 	0.393846 	0.142013 	0.000000 	0.110454 	0.958981 	0.119315 	0.958981 	-0.119315 	0.237571 	0.000000 	0.826679 	0.000000 	
1 	 4 	0.000000 	0.809404 	0.200000 	50.700300 	0.393846 	0.142176 	-0.000000 	0.110581 	0.393846 	0.142176 	-0.000000 	0.110581 	0.959203 	0.119484 	0.959203 	-0.119484 	0.237572 	0.000000 	0.826024 	0.000000 	
1 	 4 	0.000000 	0.810382 	0.200000 	50.641300 	0.393846 	0.142338 	0.000000 	0.110708 	0.393846 	0.142338 	0.000000 	0.110708 	0.959424 	0.119653 	0.959424 	-0.119653 	0.237573 	0.000000 	0.825371 	0.000000 	
1 	 4 	0.000000 	0.811361 	0.200000 	50.582900 	0.393846 	0.142501 	0.000000 	0.110834 	0.393846 	0.142501 	0.000000 	0.110834 	0.959645 	0.119820 	0.959645 	-0.119820 	0.237575 	0.000000 	0.824720 	0.000000 	
1 	 4 	0.000000 	0.812340 	0.200000 	50.525000 	0.393846 	0.142663 	0.000000 	0.110960 	0.393846 	0.142663 	0.000000 	0.110960 	0.959865 	0.119986 	0.959865 	-0.119986 	0.237576 	0.000000 	0.824071 	0.000000 	
1 	 4 	0.000000 	0.813319 	0.200000 	50.467700 	0.393846 	0.142824 	0.000000 	0.111085 	0.393846 	0.142824 	0.000000 	0.111085 	0.960085 	0.120151 	0.960085 	-0.120151 	0.237577 	0.000000 	0.823424 	0.000000 	
1 	 4 	0.000000 	0.814297 	0.200000 	50.410900 	0.393846 	0.142985 	-0.000000 	0.111211 	0.393846 	0.142985 	-0.000000 	0.111211 	0.960305 	0.120316 	0.960305 	-0.120316 	0.237579 	0.000000 	0.822779 	0.000000 	
1 	 4 	0.000000 	0.815276 	0.200000 	50.354600 	0.393846 	0.143146 	-0.000000 	0.111336 	0.393846 	0.143146 	-0.000000 	0.111336 	0.960524 	0.120479 	0.960524 	-0.120479 	0.237580 	0.000000 	0.822136 	0.000000 	
1 	 4 	0.000000 	0.816256 	0.200000 	50.298800 	0.393846 	0.143307 	0.000000 	0.111461 	0.393846 	0.143307 	0.000000 	0.111461 	0.960743 	0.120642 	0.960743 	-0.120642 	0.237581 	0.000000 	0.821495 	0.000000 	
1 	 4 	0.000000 	0.817235 	0.200000 	50.243500 	0.393846 	0.143467 	0.000000 	0.111585 	0.393846 	0.143467 	0.000000 	0.111585 	0.960961 	0.120803 	0.960961 	-0.120803 	0.237583 	0.000000 	0.820855 	0.000000 	
1 	 4 	0.000000 	0.818214 	0.200000 	50.188700 	0.393846 	0.143627 	0.000000 	0.111710 	0.393846 	0.143627 	0.000000 	0.111710 	0.961179 	0.120964 	0.961179 	-0.120964 	0.237584 	0.000000 	0.820218 	0.000000 	
1 	 4 	0.000000 	0.819194 	0.200000 	50.134400 	0.393846 	0.143786 	0.000000 	0.111833 	0.393846 	0.143786 	0.000000 	0.111833 	0.961397 	0.121124 	0.961397 	-0.121124 	0.237585 	0.000000 	0.819583 	0.000000 	
1 	 4 	0.000000 	0.820173 	0.200000 	50.080600 	0.393846 	0.143945 	0.000000 	0.111957 	0.393846 	0.143945 	0.000000 	0.111957 	0.961614 	0.121283 	0.961614 	-0.121283 	0.237586 	0.000000 	0.818950 	0.000000 	
1 	 4 	0.000000 	0.821153 	0.200000 	50.027300 	0.393846 	0.144104 	-0.000000 	0.112081 	0.393846 	0.144104 	-0.000000 	0.112081 	0.961831 	0.121441 	0.961831 	-0.121441 	0.237588 	0.000000 	0.818319 	0.000000 	
1 	 4 	0.000000 	0.822132 	0.200000 	49.974400 	0.393846 	0.144262 	0.000000 	0.112204 	0.393846 	0.144262 	0.000000 	0.112204 	0.962047 	0.121598 	0.962047 	-0.121598 	0.237589 	0.000000 	0.817689 	0.000000 	
1 	 4 	0.000000 	0.823112 	0.200000 	49.922000 	0.393846 	0.144420 	-0.000000 	0.112326 	0.393846 	0.144420 	-0.000000 	0.112326 	0.962263 	0.121754 	0.962263 	-0.121754 	0.237590 	0.000000 	0.817062 	0.000000 	
1 	 4 	0.000000 	0.824092 	0.200000 	49.870100 	0.393846 	0.144577 	0.000000 	0.112449 	0.393846 	0.144577 	0.000000 	0.112449 	0.962479 	0.121909 	0.962479 	-0.121909 	0.237592 	0.000000 	0.816436 	0.000000 	
1 	 4 	0.000000 	0.825072 	0.200000 	49.818700 	0.393846 	0.144734 	0.000000 	0.112571 	0.393846 	0.144734 	0.000000 	0.112571 	0.962695 	0.122064 	0.962695 	-0.122064 	0.237593 	0.000000 	0.815813 	0.000000 	
1 	 4 	0.000000 	0.826052 	0.200000 	49.767700 	0.393846 	0.144891 	0.000000 	0.112693 	0.393846 	0.144891 	0.000000 	0.112693 	0.962909 	0.122218 	0.962909 	-0.122218 	0.237594 	0.000000 	0.815191 	0.000000 	
1 	 4 	0.000000 	0.827032 	0.200000 	49.717100 	0.393846 	0.145048 	0.000000 	0.112815 	0.393846 	0.145048 	0.000000 	0.112815 	0.963124 	0.122371 	0.963124 	-0.122371 	0.237595 	0.000000 	0.814571 	0.000000 	
1 	 4 	0.000000 	0.828012 	0.200000 	49.667000 	0.393846 	0.145204 	0.000000 	0.112936 	0.393846 	0.145204 	0.000000 	0.112936 	0.963338 	0.122523 	0.963338 	-0.122523 	0.237597 	0.000000 	0.813953 	0.000000 	
1 	 4 	0.000000 	0.828993 	0.200000 	49.617300 	0.393846 	0.145360 	0.000000 	0.113058 	0.393846 	0.145360 	0.000000 	0.113058 	0.963552 	0.122674 	0.963552 	-0.122674 	0.237598 	0.000000 	0.813337 	0.000000 	
1 	 4 	0.000000 	0.829973 	0.200000 	49.568100 	0.393846 	0.145515 	-0.000000 	0.113178 	0.393846 	0.145515 	-0.000000 	0.113178 	0.963765 	0.122824 	0.963765 	-0.122824 	0.237599 	0.000000 	0.812723 	0.000000 	
1 	 4 	0.000000 	0.830954 	0.200000 	49.519300 	0.393846 	0.145670 	0.000000 	0.113299 	0.393846 	0.145670 	0.000000 	0.113299 	0.963978 	0.122974 	0.963978 	-0.122974 	0.237600 	0.000000 	0.812111 	0.000000 	
1 	 4 	0.000000 	0.831934 	0.200000 	49.470900 	0.393846 	0.145825 	0.000000 	0.113419 	0.393846 	0.145825 	0.000000 	0.113419 	0.964191 	0.123122 	0.964191 	-0.123122 	0.237602 	0.000000 	0.811500 	0.000000 	
1 	 4 	0.000000 	0.832915 	0.200000 	49.423000 	0.393846 	0.145979 	0.000000 	0.113539 	0.393846 	0.145979 	0.000000 	0.113539 	0.964403 	0.123270 	0.964403 	-0.123270 	0.237603 	0.000000 	0.810891 	0.000000 	
1 	 4 	0.000000 	0.833896 	0.200000 	49.375400 	0.393846 	0.146133 	-0.000000 	0.113659 	0.393846 	0.146133 	-0.000000 	0.113659 	0.964615 	0.123417 	0.964615 	-0.123417 	0.237604 	0.000000 	0.810284 	0.000000 	
1 	 4 	0.000000 	0.834877 	0.200000 	49.328300 	0.393846 	0.146287 	-0.000000 	0.113779 	0.393846 	0.146287 	-0.000000 	0.113779 	0.964827 	0.123564 	0.964827 	-0.123564 	0.237605 	0.000000 	0.809679 	0.000000 	
1 	 4 	0.000000 	0.835858 	0.200000 	49.281600 	0.393846 	0.146440 	-0.000000 	0.113898 	0.393846 	0.146440 	-0.000000 	0.113898 	0.965038 	0.123709 	0.965038 	-0.123709 	0.237606 	0.000000 	0.809076 	0.000000 	
1 	 4 	0.000000 	0.836839 	0.200000 	49.235300 	0.393846 	0.146593 	-0.000000 	0.114017 	0.393846 	0.146593 	-0.000000 	0.114017 	0.965248 	0.123854 	0.965248 	-0.123854 	0.237608 	0.000000 	0.808475 	0.000000 	
1 	 4 	0.000000 	0.837820 	0.200000 	49.189400 	0.393846 	0.146746 	-0.000000 	0.114136 	0.393846 	0.146746 	-0.000000 	0.114136 	0.965459 	0.123998 	0.965459 	-0.123998 	0.237609 	0.000000 	0.807875 	0.000000 	
1 	 4 	0.000000 	0.838801 	0.200000 	49.143800 	0.393846 	0.146898 	0.000000 	0.114254 	0.393846 	0.146898 	0.000000 	0.114254 	0.965669 	0.124141 	0.965669 	-0.124141 	0.237610 	0.000000 	0.807277 	0.000000 	
1 	 4 	0.000000 	0.839782 	0.200000 	49.098700 	0.393846 	0.147050 	0.000000 	0.114372 	0.393846 	0.147050 	0.000000 	0.114372 	0.965878 	0.124283 	0.965878 	-0.124283 	0.237611 	0.000000 	0.806681 	0.000000 	
1 	 4 	0.000000 	0.840764 	0.200000 	49.053900 	0.393846 	0.147202 	-0.000000 	0.114490 	0.393846 	0.147202 	-0.000000 	0.114490 	0.966088 	0.124425 	0.966088 	-0.124425 	0.237613 	0.000000 	0.806087 	0.000000 	
1 	 4 	0.000000 	0.841745 	0.200000 	49.009600 	0.393846 	0.147353 	0.000000 	0.114608 	0.393846 	0.147353 	0.000000 	0.114608 	0.966296 	0.124566 	0.966296 	-0.124566 	0.237614 	0.000000 	0.805495 	0.000000 	
1 	 4 	0.000000 	0.842727 	0.200000 	48.965600 	0.393846 	0.147504 	0.000000 	0.114725 	0.393846 	0.147504 	0.000000 	0.114725 	0.966505 	0.124706 	0.966505 	-0.124706 	0.237615 	0.000000 	0.804904 	0.000000 	
1 	 4 	0.000000 	0.843708 	0.200000 	48.922000 	0.393846 	0.147654 	-0.000000 	0.114842 	0.393846 	0.147654 	-0.000000 	0.114842 	0.966713 	0.124845 	0.966713 	-0.124845 	0.237616 	0.000000 	0.804315 	0.000000 	
1 	 4 	0.000000 	0.844690 	0.200000 	48.878700 	0.393846 	0.147805 	0.000000 	0.114959 	0.393846 	0.147805 	0.000000 	0.114959 	0.966921 	0.124983 	0.966921 	-0.124983 	0.237617 	0.000000 	0.803728 	0.000000 	
1 	 4 	0.000000 	0.845672 	0.200000 	48.835800 	0.393846 	0.147955 	-0.000000 	0.115076 	0.393846 	0.147955 	-0.000000 	0.115076 	0.967128 	0.125121 	0.967128 	-0.125121 	0.237618 	0.000000 	0.803142 	0.000000 	
1 	 4 	0.000000 	0.846654 	0.200000 	48.793300 	0.393846 	0.148104 	0.000000 	0.115192 	0.393846 	0.148104 	0.000000 	0.115192 	0.967335 	0.125258 	0.967335 	-0.125258 	0.237620 	0.000000 	0.802559 	0.000000 	
1 	 4 	0.000000 	0.847636 	0.200000 	48.751100 	0.393846 	0.148253 	0.000000 	0.115308 	0.393846 	0.148253 	0.000000 	0.115308 	0.967542 	0.125395 	0.967542 	-0.125395 	0.237621 	0.000000 	0.801977 	0.000000 	
1 	 4 	0.000000 	0.848618 	0.200000 	48.709300 	0.393846 	0.148402 	0.000000 	0.115424 	0.393846 	0.148402 	0.000000 	0.115424 	0.967748 	0.125530 	0.967748 	-0.125530 	0.237622 	0.000000 	0.801396 	0.000000 	
1 	 4 	0.000000 	0.849600 	0.200000 	48.667900 	0.393846 	0.148551 	0.000000 	0.115539 	0.393846 	0.148551 	0.000000 	0.115539 	0.967954 	0.125665 	0.967954 	-0.125665 	0.237623 	0.000000 	0.800818 	0.000000 	
1 	 4 	0.000000 	0.850582 	0.200000 	48.626800 	0.393846 	0.148699 	0.000000 	0.115655 	0.393846 	0.148699 	0.000000 	0.115655 	0.968160 	0.125799 	0.968160 	-0.125799 	0.237624 	0.000000 	0.800241 	0.000000 	
1 	 4 	0.000000 	0.851564 	0.200000 	48.586000 	0.393846 	0.148847 	-0.000000 	0.115770 	0.393846 	0.148847 	-0.000000 	0.115770 	0.968365 	0.125933 	0.968365 	-0.125933 	0.237626 	0.000000 	0.799666 	0.000000 	
1 	 4 	0.000000 	0.852547 	0.200000 	48.545600 	0.393846 	0.148995 	-0.000000 	0.115885 	0.393846 	0.148995 	-0.000000 	0.115885 	0.968570 	0.126065 	0.968570 	-0.126065 	0.237627 	0.000000 	0.799092 	0.000000 	
1 	 4 	0.000000 	0.853529 	0.200000 	48.505500 	0.393846 	0.149142 	-0.000000 	0.115999 	0.393846 	0.149142 	-0.000000 	0.115999 	0.968774 	0.126197 	0.968774 	-0.126197 	0.237628 	0.000000 	0.798521 	0.000000 	
1 	 4 	0.000000 	0.854512 	0.200000 	48.465700 	0.393846 	0.149289 	0.000000 	0.116113 	0.393846 	0.149289 	0.000000 	0.116113 	0.968978 	0.126329 	0.968978 	-0.126329 	0.237629 	0.000000 	0.797950 	0.000000 	
1 	 4 	0.000000 	0.855494 	0.200000 	48.426300 	0.393846 	0.149435 	-0.000000 	0.116227 	0.393846 	0.149435 	-0.000000 	0.116227 	0.969182 	0.126459 	0.969182 	-0.126459 	0.237630 	0.000000 	0.797382 	0.000000 	
1 	 4 	0.000000 	0.856477 	0.200000 	48.387200 	0.393846 	0.149582 	-0.000000 	0.116341 	0.393846 	0.149582 	-0.000000 	0.116341 	0.969386 	0.126589 	0.969386 	-0.126589 	0.237631 	0.000000 	0.796815 	0.000000 	
1 	 4 	0.000000 	0.857460 	0.200000 	48.348400 	0.393846 	0.149727 	-0.000000 	0.116455 	0.393846 	0.149727 	-0.000000 	0.116455 	0.969589 	0.126718 	0.969589 	-0.126718 	0.237632 	0.000000 	0.796250 	0.000000 	
1 	 4 	0.000000 	0.858443 	0.200000 	48.309900 	0.393846 	0.149873 	-0.000000 	0.116568 	0.393846 	0.149873 	-0.000000 	0.116568 	0.969791 	0.126847 	0.969791 	-0.126847 	0.237634 	0.000000 	0.795687 	0.000000 	
1 	 4 	0.000000 	0.859425 	0.200000 	48.271800 	0.393846 	0.150018 	-0.000000 	0.116681 	0.393846 	0.150018 	-0.000000 	0.116681 	0.969994 	0.126975 	0.969994 	-0.126975 	0.237635 	0.000000 	0.795125 	0.000000 	
1 	 4 	0.000000 	0.860408 	0.200000 	48.234000 	0.393846 	0.150163 	0.000000 	0.116794 	0.393846 	0.150163 	0.000000 	0.116794 	0.970196 	0.127102 	0.970196 	-0.127102 	0.237636 	0.000000 	0.794565 	0.000000 	
1 	 4 	0.000000 	0.861392 	0.200000 	48.196500 	0.393846 	0.150308 	-0.000000 	0.116906 	0.393846 	0.150308 	-0.000000 	0.116906 	0.970397 	0.127229 	0.970397 	-0.127229 	0.237637 	0.000000 	0.794006 	0.000000 	
1 	 4 	0.000000 	0.862375 	0.200000 	48.159200 	0.393846 	0.150452 	0.000000 	0.117019 	0.393846 	0.150452 	0.000000 	0.117019 	0.970599 	0.127354 	0.970599 	-0.127354 	0.237638 	0.000000 	0.793449 	0.000000 	
1 	 4 	0.000000 	0.863358 	0.200000 	48.122300 	0.393846 	0.150596 	0.000000 	0.117131 	0.393846 	0.150596 	0.000000 	0.117131 	0.970799 	0.127480 	0.970799 	-0.127480 	0.237639 	0.000000 	0.792894 	0.000000 	
1 	 4 	0.000000 	0.864341 	0.200000 	48.085700 	0.393846 	0.150740 	0.000000 	0.117242 	0.393846 	0.150740 	0.000000 	0.117242 	0.971000 	0.127604 	0.971000 	-0.127604 	0.237640 	0.000000 	0.792340 	0.000000 	
1 	 4 	0.000000 	0.865325 	0.200000 	48.049400 	0.393846 	0.150884 	-0.000000 	0.117354 	0.393846 	0.150884 	-0.000000 	0.117354 	0.971200 	0.127728 	0.971200 	-0.127728 	0.237642 	0.000000 	0.791788 	0.000000 	
1 	 4 	0.000000 	0.866308 	0.200000 	48.013400 	0.393846 	0.151027 	-0.000000 	0.117465 	0.393846 	0.151027 	-0.000000 	0.117465 	0.971400 	0.127851 	0.971400 	-0.127851 	0.237643 	0.000000 	0.791237 	0.000000 	
1 	 4 	0.000000 	0.867291 	0.200000 	47.977700 	0.393846 	0.151169 	-0.000000 	0.117576 	0.393846 	0.151169 	-0.000000 	0.117576 	0.971600 	0.127974 	0.971600 	-0.127974 	0.237644 	0.000000 	0.790688 	0.000000 	
1 	 4 	0.000000 	0.868275 	0.200000 	47.942300 	0.393846 	0.151312 	-0.000000 	0.117687 	0.393846 	0.151312 	-0.000000 	0.117687 	0.971799 	0.128096 	0.971799 	-0.128096 	0.237645 	0.000000 	0.790141 	0.000000 	
1 	 4 	0.000000 	0.869259 	0.200000 	47.907100 	0.393846 	0.151454 	-0.000000 	0.117798 	0.393846 	0.151454 	-0.000000 	0.117798 	0.971998 	0.128217 	0.971998 	-0.128217 	0.237646 	0.000000 	0.789595 	0.000000 	
1 	 4 	0.000000 	0.870242 	0.200000 	47.872300 	0.393846 	0.151596 	-0.000000 	0.117908 	0.393846 	0.151596 	-0.000000 	0.117908 	0.972196 	0.128338 	0.972196 	-0.128338 	0.237647 	0.000000 	0.789051 	0.000000 	
1 	 4 	0.000000 	0.871226 	0.200000 	47.837700 	0.393846 	0.151737 	-0.000000 	0.118018 	0.393846 	0.151737 	-0.000000 	0.118018 	0.972394 	0.128458 	0.972394 	-0.128458 	0.237648 	0.000000 	0.788508 	0.000000 	
1 	 4 	0.000000 	0.872210 	0.200000 	47.803400 	0.393846 	0.151879 	-0.000000 	0.118128 	0.393846 	0.151879 	-0.000000 	0.118128 	0.972592 	0.128577 	0.972592 	-0.128577 	0.237649 	0.000000 	0.787967 	0.000000 	
1 	 4 	0.000000 	0.873194 	0.200000 	47.769400 	0.393846 	0.152019 	-0.000000 	0.118237 	0.393846 	0.152019 	-0.000000 	0.118237 	0.972789 	0.128696 	0.972789 	-0.128696 	0.237650 	0.000000 	0.787428 	0.000000 	
1 	 4 	0.000000 	0.874178 	0.200000 	47.735600 	0.393846 	0.152160 	0.000000 	0.118347 	0.393846 	0.152160 	0.000000 	0.118347 	0.972986 	0.128814 	0.972986 	-0.128814 	0.237651 	0.000000 	0.786890 	0.000000 	
1 	 4 	0.000000 	0.875162 	0.200000 	47.702200 	0.393846 	0.152300 	0.000000 	0.118456 	0.393846 	0.152300 	0.000000 	0.118456 	0.973183 	0.128931 	0.973183 	-0.128931 	0.237653 	0.000000 	0.786353 	0.000000 	
1 	 4 	0.000000 	0.876146 	0.200000 	47.668900 	0.393846 	0.152440 	-0.000000 	0.118565 	0.393846 	0.152440 	-0.000000 	0.118565 	0.973380 	0.129048 	0.973380 	-0.129048 	0.237654 	0.000000 	0.785819 	0.000000 	
1 	 4 	0.000000 	0.877131 	0.200000 	47.636000 	0.393846 	0.152580 	0.000000 	0.118673 	0.393846 	0.152580 	0.000000 	0.118673 	0.973576 	0.129164 	0.973576 	-0.129164 	0.237655 	0.000000 	0.785285 	0.000000 	
1 	 4 	0.000000 	0.878115 	0.200000 	47.603300 	0.393846 	0.152719 	-0.000000 	0.118782 	0.393846 	0.152719 	-0.000000 	0.118782 	0.973771 	0.129280 	0.973771 	-0.129280 	0.237656 	0.000000 	0.784753 	0.000000 	
1 	 4 	0.000000 	0.879099 	0.200000 	47.570900 	0.393846 	0.152858 	0.000000 	0.118890 	0.393846 	0.152858 	0.000000 	0.118890 	0.973967 	0.129395 	0.973967 	-0.129395 	0.237657 	0.000000 	0.784223 	0.000000 	
1 	 4 	0.000000 	0.880084 	0.200000 	47.538800 	0.393846 	0.152997 	0.000000 	0.118998 	0.393846 	0.152997 	0.000000 	0.118998 	0.974162 	0.129510 	0.974162 	-0.129510 	0.237658 	0.000000 	0.783694 	0.000000 	
1 	 4 	0.000000 	0.881068 	0.200000 	47.506800 	0.393846 	0.153136 	-0.000000 	0.119106 	0.393846 	0.153136 	-0.000000 	0.119106 	0.974357 	0.129624 	0.974357 	-0.129624 	0.237659 	0.000000 	0.783167 	0.000000 	
1 	 4 	0.000000 	0.882053 	0.200000 	47.475200 	0.393846 	0.153274 	0.000000 	0.119213 	0.393846 	0.153274 	0.000000 	0.119213 	0.974551 	0.129737 	0.974551 	-0.129737 	0.237660 	0.000000 	0.782641 	0.000000 	
1 	 4 	0.000000 	0.883037 	0.200000 	47.443800 	0.393846 	0.153412 	0.000000 	0.119320 	0.393846 	0.153412 	0.000000 	0.119320 	0.974745 	0.129850 	0.974745 	-0.129850 	0.237661 	0.000000 	0.782116 	0.000000 	
1 	 4 	0.000000 	0.884022 	0.200000 	47.412700 	0.393846 	0.153549 	0.000000 	0.119427 	0.393846 	0.153549 	0.000000 	0.119427 	0.974939 	0.129962 	0.974939 	-0.129962 	0.237662 	0.000000 	0.781594 	0.000000 	
1 	 4 	0.000000 	0.885007 	0.200000 	47.381800 	0.393846 	0.153687 	-0.000000 	0.119534 	0.393846 	0.153687 	-0.000000 	0.119534 	0.975132 	0.130073 	0.975132 	-0.130073 	0.237663 	0.000000 	0.781072 	0.000000 	
1 	 4 	0.000000 	0.885992 	0.200000 	47.351100 	0.393846 	0.153824 	-0.000000 	0.119641 	0.393846 	0.153824 	-0.000000 	0.119641 	0.975325 	0.130184 	0.975325 	-0.130184 	0.237664 	0.000000 	0.780552 	0.000000 	
1 	 4 	0.000000 	0.886976 	0.200000 	47.320700 	0.393846 	0.153960 	-0.000000 	0.119747 	0.393846 	0.153960 	-0.000000 	0.119747 	0.975518 	0.130295 	0.975518 	-0.130295 	0.237665 	0.000000 	0.780034 	0.000000 	
1 	 4 	0.000000 	0.887961 	0.200000 	47.290500 	0.393846 	0.154097 	-0.000000 	0.119853 	0.393846 	0.154097 	-0.000000 	0.119853 	0.975710 	0.130405 	0.975710 	-0.130405 	0.237666 	0.000000 	0.779517 	0.000000 	
1 	 4 	0.000000 	0.888946 	0.200000 	47.260600 	0.393846 	0.154233 	0.000000 	0.119959 	0.393846 	0.154233 	0.000000 	0.119959 	0.975902 	0.130514 	0.975902 	-0.130514 	0.237667 	0.000000 	0.779001 	0.000000 	
1 	 4 	0.000000 	0.889931 	0.200000 	47.230900 	0.393846 	0.154369 	0.000000 	0.120064 	0.393846 	0.154369 	0.000000 	0.120064 	0.976094 	0.130622 	0.976094 	-0.130622 	0.237669 	0.000000 	0.778487 	0.000000 	
1 	 4 	0.000000 	0.890917 	0.200000 	47.201400 	0.393846 	0.154504 	-0.000000 	0.120170 	0.393846 	0.154504 	-0.000000 	0.120170 	0.976285 	0.130731 	0.976285 	-0.130731 	0.237670 	0.000000 	0.777974 	0.000000 	
1 	 4 	0.000000 	0.891902 	0.200000 	47.172200 	0.393846 	0.154639 	-0.000000 	0.120275 	0.393846 	0.154639 	-0.000000 	0.120275 	0.976476 	0.130838 	0.976476 	-0.130838 	0.237671 	0.000000 	0.777463 	0.000000 	
1 	 4 	0.000000 	0.892887 	0.200000 	47.143200 	0.393846 	0.154774 	0.000000 	0.120380 	0.393846 	0.154774 	0.000000 	0.120380 	0.976667 	0.130945 	0.976667 	-0.130945 	0.237672 	0.000000 	0.776953 	0.000000 	
1 	 4 	0.000000 	0.893872 	0.200000 	47.114400 	0.393846 	0.154909 	-0.000000 	0.120485 	0.393846 	0.154909 	-0.000000 	0.120485 	0.976857 	0.131052 	0.976857 	-0.131052 	0.237673 	0.000000 	0.776445 	0.000000 	
1 	 4 	0.000000 	0.894858 	0.200000 	47.085900 	0.393846 	0.155043 	-0.000000 	0.120589 	0.393846 	0.155043 	-0.000000 	0.120589 	0.977047 	0.131158 	0.977047 	-0.131158 	0.237674 	0.000000 	0.775938 	0.000000 	
1 	 4 	0.000000 	0.895843 	0.200000 	47.057500 	0.393846 	0.155177 	-0.000000 	0.120694 	0.393846 	0.155177 	-0.000000 	0.120694 	0.977237 	0.131263 	0.977237 	-0.131263 	0.237675 	0.000000 	0.775432 	0.000000 	
1 	 4 	0.000000 	0.896829 	0.200000 	47.029400 	0.393846 	0.155311 	0.000000 	0.120798 	0.393846 	0.155311 	0.000000 	0.120798 	0.977426 	0.131368 	0.977426 	-0.131368 	0.237676 	0.000000 	0.774928 	0.000000 	
1 	 4 	0.000000 	0.897814 	0.200000 	47.001500 	0.393846 	0.155445 	-0.000000 	0.120901 	0.393846 	0.155445 	-0.000000 	0.120901 	0.977616 	0.131472 	0.977616 	-0.131472 	0.237677 	0.000000 	0.774426 	0.000000 	
1 	 4 	0.000000 	0.898800 	0.200000 	46.973900 	0.393846 	0.155578 	0.000000 	0.121005 	0.393846 	0.155578 	0.000000 	0.121005 	0.977804 	0.131576 	0.977804 	-0.131576 	0.237678 	0.000000 	0.773924 	0.000000 	
1 	 4 	0.000000 	0.899786 	0.200000 	46.946400 	0.393846 	0.155711 	-0.000000 	0.121108 	0.393846 	0.155711 	-0.000000 	0.121108 	0.977993 	0.131679 	0.977993 	-0.131679 	0.237679 	0.000000 	0.773424 	0.000000 	
1 	 4 	0.000000 	0.900772 	0.200000 	46.919200 	0.393846 	0.155843 	0.000000 	0.121212 	0.393846 	0.155843 	0.000000 	0.121212 	0.978181 	0.131782 	0.978181 	-0.131782 	0.237680 	0.000000 	0.772926 	0.000000 	
1 	 4 	0.000000 	0.901757 	0.200000 	46.892100 	0.393846 	0.155976 	0.000000 	0.121315 	0.393846 	0.155976 	0.000000 	0.121315 	0.978369 	0.131884 	0.978369 	-0.131884 	0.237681 	0.000000 	0.772429 	0.000000 	
1 	 4 	0.000000 	0.902743 	0.200000 	46.865300 	0.393846 	0.156108 	0.000000 	0.121417 	0.393846 	0.156108 	0.000000 	0.121417 	0.978556 	0.131986 	0.978556 	-0.131986 	0.237682 	0.000000 	0.771933 	0.000000 	
1 	 4 	0.000000 	0.903729 	0.200000 	46.838700 	0.393846 	0.156240 	-0.000000 	0.121520 	0.393846 	0.156240 	-0.000000 	0.121520 	0.978743 	0.132087 	0.978743 	-0.132087 	0.237683 	0.000000 	0.771438 	0.000000 	
1 	 4 	0.000000 	0.904715 	0.200000 	46.812300 	0.393846 	0.156371 	-0.000000 	0.121622 	0.393846 	0.156371 	-0.000000 	0.121622 	0.978930 	0.132187 	0.978930 	-0.132187 	0.237684 	0.000000 	0.770945 	0.000000 	
1 	 4 	0.000000 	0.905701 	0.200000 	46.786100 	0.393846 	0.156503 	0.000000 	0.121724 	0.393846 	0.156503 	0.000000 	0.121724 	0.979116 	0.132288 	0.979116 	-0.132288 	0.237685 	0.000000 	0.770453 	0.000000 	
1 	 4 	0.000000 	0.906688 	0.200000 	46.760100 	0.393846 	0.156633 	-0.000000 	0.121826 	0.393846 	0.156633 	-0.000000 	0.121826 	0.979303 	0.132387 	0.979303 	-0.132387 	0.237686 	0.000000 	0.769963 	0.000000 	
1 	 4 	0.000000 	0.907674 	0.200000 	46.734300 	0.393846 	0.156764 	0.000000 	0.121928 	0.393846 	0.156764 	0.000000 	0.121928 	0.979489 	0.132486 	0.979489 	-0.132486 	0.237687 	0.000000 	0.769474 	0.000000 	
1 	 4 	0.000000 	0.908660 	0.200000 	46.708700 	0.393846 	0.156895 	0.000000 	0.122029 	0.393846 	0.156895 	0.000000 	0.122029 	0.979674 	0.132585 	0.979674 	-0.132585 	0.237688 	0.000000 	0.768986 	0.000000 	
1 	 4 	0.000000 	0.909646 	0.200000 	46.683300 	0.393846 	0.157025 	-0.000000 	0.122130 	0.393846 	0.157025 	-0.000000 	0.122130 	0.979859 	0.132683 	0.979859 	-0.132683 	0.237689 	0.000000 	0.768500 	0.000000 	
1 	 4 	0.000000 	0.910633 	0.200000 	46.658100 	0.393846 	0.157155 	-0.000000 	0.122231 	0.393846 	0.157155 	-0.000000 	0.122231 	0.980044 	0.132781 	0.980044 	-0.132781 	0.237690 	0.000000 	0.768015 	0.000000 	
1 	 4 	0.000000 	0.911619 	0.200000 	46.633100 	0.393846 	0.157284 	-0.000000 	0.122332 	0.393846 	0.157284 	-0.000000 	0.122332 	0.980229 	0.132878 	0.980229 	-0.132878 	0.237691 	0.000000 	0.767531 	0.000000 	
1 	 4 	0.000000 	0.912606 	0.200000 	46.608300 	0.393846 	0.157414 	-0.000000 	0.122433 	0.393846 	0.157414 	-0.000000 	0.122433 	0.980413 	0.132974 	0.980413 	-0.132974 	0.237692 	0.000000 	0.767049 	0.000000 	
1 	 4 	0.000000 	0.913592 	0.200000 	46.583700 	0.393846 	0.157543 	-0.000000 	0.122533 	0.393846 	0.157543 	-0.000000 	0.122533 	0.980597 	0.133070 	0.980597 	-0.133070 	0.237693 	0.000000 	0.766568 	0.000000 	
1 	 4 	0.000000 	0.914579 	0.200000 	46.559300 	0.393846 	0.157671 	-0.000000 	0.122633 	0.393846 	0.157671 	-0.000000 	0.122633 	0.980781 	0.133166 	0.980781 	-0.133166 	0.237694 	0.000000 	0.766088 	0.000000 	
1 	 4 	0.000000 	0.915565 	0.200000 	46.535000 	0.393846 	0.157800 	-0.000000 	0.122733 	0.393846 	0.157800 	-0.000000 	0.122733 	0.980964 	0.133261 	0.980964 	-0.133261 	0.237695 	0.000000 	0.765610 	0.000000 	
1 	 4 	0.000000 	0.916552 	0.200000 	46.511000 	0.393846 	0.157928 	0.000000 	0.122833 	0.393846 	0.157928 	0.000000 	0.122833 	0.981147 	0.133356 	0.981147 	-0.133356 	0.237696 	0.000000 	0.765133 	0.000000 	
1 	 4 	0.000000 	0.917539 	0.200000 	46.487100 	0.393846 	0.158056 	-0.000000 	0.122933 	0.393846 	0.158056 	-0.000000 	0.122933 	0.981330 	0.133450 	0.981330 	-0.133450 	0.237697 	0.000000 	0.764657 	0.000000 	
1 	 4 	0.000000 	0.918526 	0.200000 	46.463400 	0.393846 	0.158184 	-0.000000 	0.123032 	0.393846 	0.158184 	-0.000000 	0.123032 	0.981512 	0.133544 	0.981512 	-0.133544 	0.237698 	0.000000 	0.764182 	0.000000 	
1 	 4 	0.000000 	0.919513 	0.200000 	46.439900 	0.393846 	0.158311 	-0.000000 	0.123131 	0.393846 	0.158311 	-0.000000 	0.123131 	0.981694 	0.133637 	0.981694 	-0.133637 	0.237699 	0.000000 	0.763709 	0.000000 	
1 	 4 	0.000000 	0.920500 	0.200000 	46.416600 	0.393846 	0.158438 	-0.000000 	0.123230 	0.393846 	0.158438 	-0.000000 	0.123230 	0.981876 	0.133730 	0.981876 	-0.133730 	0.237700 	0.000000 	0.763237 	0.000000 	
1 	 4 	0.000000 	0.921487 	0.200000 	46.393400 	0.393846 	0.158565 	-0.000000 	0.123329 	0.393846 	0.158565 	-0.000000 	0.123329 	0.982058 	0.133822 	0.982058 	-0.133822 	0.237701 	0.000000 	0.762766 	0.000000 	
1 	 4 	0.000000 	0.922474 	0.200000 	46.370500 	0.393846 	0.158692 	0.000000 	0.123427 	0.393846 	0.158692 	0.000000 	0.123427 	0.982239 	0.133914 	0.982239 	-0.133914 	0.237701 	0.000000 	0.762297 	0.000000 	
1 	 4 	0.000000 	0.923461 	0.200000 	46.347700 	0.393846 	0.158818 	0.000000 	0.123525 	0.393846 	0.158818 	0.000000 	0.123525 	0.982420 	0.134005 	0.982420 	-0.134005 	0.237702 	0.000000 	0.761829 	0.000000 	
1 	 4 	0.000000 	0.924448 	0.200000 	46.325100 	0.393846 	0.158944 	-0.000000 	0.123623 	0.393846 	0.158944 	-0.000000 	0.123623 	0.982600 	0.134096 	0.982600 	-0.134096 	0.237703 	0.000000 	0.761362 	0.000000 	
1 	 4 	0.000000 	0.925435 	0.200000 	46.302600 	0.393846 	0.159070 	-0.000000 	0.123721 	0.393846 	0.159070 	-0.000000 	0.123721 	0.982781 	0.134186 	0.982781 	-0.134186 	0.237704 	0.000000 	0.760896 	0.000000 	
1 	 4 	0.000000 	0.926422 	0.200000 	46.280300 	0.393846 	0.159196 	0.000000 	0.123819 	0.393846 	0.159196 	0.000000 	0.123819 	0.982960 	0.134276 	0.982960 	-0.134276 	0.237705 	0.000000 	0.760432 	0.000000 	
1 	 4 	0.000000 	0.927410 	0.200000 	46.258200 	0.393846 	0.159321 	-0.000000 	0.123917 	0.393846 	0.159321 	-0.000000 	0.123917 	0.983140 	0.134366 	0.983140 	-0.134366 	0.237706 	0.000000 	0.759969 	0.000000 	
1 	 4 	0.000000 	0.928397 	0.200000 	46.236300 	0.393846 	0.159446 	0.000000 	0.124014 	0.393846 	0.159446 	0.000000 	0.124014 	0.983320 	0.134455 	0.983320 	-0.134455 	0.237707 	0.000000 	0.759507 	0.000000 	
1 	 4 	0.000000 	0.929384 	0.200000 	46.214500 	0.393846 	0.159571 	-0.000000 	0.124111 	0.393846 	0.159571 	-0.000000 	0.124111 	0.983499 	0.134543 	0.983499 	-0.134543 	0.237708 	0.000000 	0.759046 	0.000000 	
1 	 4 	0.000000 	0.930372 	0.200000 	46.192900 	0.393846 	0.159696 	-0.000000 	0.124208 	0.393846 	0.159696 	-0.000000 	0.124208 	0.983677 	0.134632 	0.983677 	-0.134632 	0.237709 	0.000000 	0.758587 	0.000000 	
1 	 4 	0.000000 	0.931359 	0.200000 	46.171500 	0.393846 	0.159820 	-0.000000 	0.124304 	0.393846 	0.159820 	-0.000000 	0.124304 	0.983856 	0.134719 	0.983856 	-0.134719 	0.237710 	0.000000 	0.758128 	0.000000 	
1 	 4 	0.000000 	0.932347 	0.200000 	46.150200 	0.393846 	0.159944 	0.000000 	0.124401 	0.393846 	0.159944 	0.000000 	0.124401 	0.984034 	0.134807 	0.984034 	-0.134807 	0.237711 	0.000000 	0.757671 	0.000000 	
1 	 4 	0.000000 	0.933335 	0.200000 	46.129100 	0.393846 	0.160068 	0.000000 	0.124497 	0.393846 	0.160068 	0.000000 	0.124497 	0.984212 	0.134893 	0.984212 	-0.134893 	0.237712 	0.000000 	0.757216 	0.000000 	
1 	 4 	0.000000 	0.934322 	0.200000 	46.108200 	0.393846 	0.160191 	-0.000000 	0.124593 	0.393846 	0.160191 	-0.000000 	0.124593 	0.984389 	0.134980 	0.984389 	-0.134980 	0.237713 	0.000000 	0.756761 	0.000000 	
1 	 4 	0.000000 	0.935310 	0.200000 	46.087400 	0.393846 	0.160315 	-0.000000 	0.124689 	0.393846 	0.160315 	-0.000000 	0.124689 	0.984567 	0.135066 	0.984567 	-0.135066 	0.237714 	0.000000 	0.756308 	0.000000 	
1 	 4 	0.000000 	0.936298 	0.200000 	46.066700 	0.393846 	0.160438 	-0.000000 	0.124785 	0.393846 	0.160438 	-0.000000 	0.124785 	0.984744 	0.135151 	0.984744 	-0.135151 	0.237715 	0.000000 	0.755856 	0.000000 	
1 	 4 	0.000000 	0.937286 	0.200000 	46.046300 	0.393846 	0.160560 	0.000000 	0.124880 	0.393846 	0.160560 	0.000000 	0.124880 	0.984920 	0.135236 	0.984920 	-0.135236 	0.237716 	0.000000 	0.755405 	0.000000 	
1 	 4 	0.000000 	0.938274 	0.200000 	46.026000 	0.393846 	0.160683 	-0.000000 	0.124976 	0.393846 	0.160683 	-0.000000 	0.124976 	0.985097 	0.135321 	0.985097 	-0.135321 	0.237716 	0.000000 	0.754955 	0.000000 	
1 	 4 	0.000000 	0.939261 	0.200000 	46.005800 	0.393846 	0.160805 	0.000000 	0.125071 	0.393846 	0.160805 	0.000000 	0.125071 	0.985273 	0.135405 	0.985273 	-0.135405 	0.237717 	0.000000 	0.754506 	0.000000 	
1 	 4 	0.000000 	0.940249 	0.200000 	45.985800 	0.393846 	0.160927 	-0.000000 	0.125166 	0.393846 	0.160927 	-0.000000 	0.125166 	0.985448 	0.135489 	0.985448 	-0.135489 	0.237718 	0.000000 	0.754059 	0.000000 	
1 	 4 	0.000000 	0.941237 	0.200000 	45.965900 	0.393846 	0.161049 	-0.000000 	0.125260 	0.393846 	0.161049 	-0.000000 	0.125260 	0.985624 	0.135573 	0.985624 	-0.135573 	0.237719 	0.000000 	0.753613 	0.000000 	
1 	 4 	0.000000 	0.942226 	0.200000 	45.946200 	0.393846 	0.161170 	0.000000 	0.125355 	0.393846 	0.161170 	0.000000 	0.125355 	0.985799 	0.135656 	0.985799 	-0.135656 	0.237720 	0.000000 	0.753168 	0.000000 	
1 	 4 	0.000000 	0.943214 	0.200000 	45.926700 	0.393846 	0.161292 	-0.000000 	0.125449 	0.393846 	0.161292 	-0.000000 	0.125449 	0.985974 	0.135738 	0.985974 	-0.135738 	0.237721 	0.000000 	0.752724 	0.000000 	
1 	 4 	0.000000 	0.944202 	0.200000 	45.907300 	0.393846 	0.161413 	0.000000 	0.125543 	0.393846 	0.161413 	0.000000 	0.125543 	0.986149 	0.135820 	0.986149 	-0.135820 	0.237722 	0.000000 	0.752281 	0.000000 	
1 	 4 	0.000000 	0.945190 	0.200000 	45.888000 	0.393846 	0.161533 	-0.000000 	0.125637 	0.393846 	0.161533 	-0.000000 	0.125637 	0.986323 	0.135902 	0.986323 	-0.135902 	0.237723 	0.000000 	0.751840 	0.000000 	
1 	 4 	0.000000 	0.946178 	0.200000 	45.868900 	0.393846 	0.161654 	0.000000 	0.125731 	0.393846 	0.161654 	0.000000 	0.125731 	0.986497 	0.135983 	0.986497 	-0.135983 	0.237724 	0.000000 	0.751399 	0.000000 	
1 	 4 	0.000000 	0.947167 	0.200000 	45.849900 	0.393846 	0.161774 	0.000000 	0.125824 	0.393846 	0.161774 	0.000000 	0.125824 	0.986671 	0.136064 	0.986671 	-0.136064 	0.237725 	0.000000 	0.750960 	0.000000 	
1 	 4 	0.000000 	0.948155 	0.200000 	45.831100 	0.393846 	0.161894 	0.000000 	0.125918 	0.393846 	0.161894 	0.000000 	0.125918 	0.986844 	0.136145 	0.986844 	-0.136145 	0.237725 	0.000000 	0.750522 	0.000000 	
1 	 4 	0.000000 	0.949143 	0.200000 	45.812400 	0.393846 	0.162014 	0.000000 	0.126011 	0.393846 	0.162014 	0.000000 	0.126011 	0.987017 	0.136225 	0.987017 	-0.136225 	0.237726 	0.000000 	0.750085 	0.000000 	
1 	 4 	0.000000 	0.950132 	0.200000 	45.793900 	0.393846 	0.162134 	-0.000000 	0.126104 	0.393846 	0.162134 	-0.000000 	0.126104 	0.987190 	0.136305 	0.987190 	-0.136305 	0.237727 	0.000000 	0.749649 	0.000000 	
1 	 4 	0.000000 	0.951120 	0.200000 	45.775500 	0.393846 	0.162253 	-0.000000 	0.126197 	0.393846 	0.162253 	-0.000000 	0.126197 	0.987363 	0.136384 	0.987363 	-0.136384 	0.237728 	0.000000 	0.749215 	0.000000 	
1 	 4 	0.000000 	0.952109 	0.200000 	45.757200 	0.393846 	0.162372 	0.000000 	0.126289 	0.393846 	0.162372 	0.000000 	0.126289 	0.987535 	0.136463 	0.987535 	-0.136463 	0.237729 	0.000000 	0.748781 	0.000000 	
1 	 4 	0.000000 	0.953098 	0.200000 	45.739100 	0.393846 	0.162491 	0.000000 	0.126382 	0.393846 	0.162491 	0.000000 	0.126382 	0.987707 	0.136541 	0.987707 	-0.136541 	0.237730 	0.000000 	0.748349 	0.000000 	
1 	 4 	0.000000 	0.954086 	0.200000 	45.721100 	0.393846 	0.162609 	0.000000 	0.126474 	0.393846 	0.162609 	0.000000 	0.126474 	0.987879 	0.136620 	0.987879 	-0.136620 	0.237731 	0.000000 	0.747918 	0.000000 	
1 	 4 	0.000000 	0.955075 	0.200000 	45.703300 	0.393846 	0.162728 	-0.000000 	0.126566 	0.393846 	0.162728 	-0.000000 	0.126566 	0.988050 	0.136697 	0.988050 	-0.136697 	0.237732 	0.000000 	0.747487 	0.000000 	
1 	 4 	0.000000 	0.956064 	0.200000 	45.685600 	0.393846 	0.162846 	0.000000 	0.126658 	0.393846 	0.162846 	0.000000 	0.126658 	0.988221 	0.136775 	0.988221 	-0.136775 	0.237733 	0.000000 	0.747058 	0.000000 	
1 	 4 	0.000000 	0.957053 	0.200000 	45.668000 	0.393846 	0.162964 	0.000000 	0.126750 	0.393846 	0.162964 	0.000000 	0.126750 	0.988392 	0.136852 	0.988392 	-0.136852 	0.237733 	0.000000 	0.746631 	0.000000 	
1 	 4 	0.000000 	0.958041 	0.200000 	45.650500 	0.393846 	0.163081 	0.000000 	0.126841 	0.393846 	0.163081 	0.000000 	0.126841 	0.988563 	0.136928 	0.988563 	-0.136928 	0.237734 	0.000000 	0.746204 	0.000000 	
1 	 4 	0.000000 	0.959030 	0.200000 	45.633200 	0.393846 	0.163199 	0.000000 	0.126932 	0.393846 	0.163199 	0.000000 	0.126932 	0.988733 	0.137004 	0.988733 	-0.137004 	0.237735 	0.000000 	0.745778 	0.000000 	
1 	 4 	0.000000 	0.960019 	0.200000 	45.616100 	0.393846 	0.163316 	-0.000000 	0.127023 	0.393846 	0.163316 	-0.000000 	0.127023 	0.988903 	0.137080 	0.988903 	-0.137080 	0.237736 	0.000000 	0.745354 	0.000000 	
1 	 4 	0.000000 	0.961008 	0.200000 	45.599000 	0.393846 	0.163433 	0.000000 	0.127114 	0.393846 	0.163433 	0.000000 	0.127114 	0.989073 	0.137156 	0.989073 	-0.137156 	0.237737 	0.000000 	0.744930 	0.000000 	
1 	 4 	0.000000 	0.961997 	0.200000 	45.582100 	0.393846 	0.163549 	-0.000000 	0.127205 	0.393846 	0.163549 	-0.000000 	0.127205 	0.989242 	0.137231 	0.989242 	-0.137231 	0.237738 	0.000000 	0.744508 	0.000000 	
1 	 4 	0.000000 	0.962986 	0.200000 	45.565300 	0.393846 	0.163666 	-0.000000 	0.127296 	0.393846 	0.163666 	-0.000000 	0.127296 	0.989412 	0.137305 	0.989412 	-0.137305 	0.237739 	0.000000 	0.744086 	0.000000 	
1 	 4 	0.000000 	0.963975 	0.200000 	45.548700 	0.393846 	0.163782 	-0.000000 	0.127386 	0.393846 	0.163782 	-0.000000 	0.127386 	0.989581 	0.137380 	0.989581 	-0.137380 	0.237739 	0.000000 	0.743666 	0.000000 	
1 	 4 	0.000000 	0.964964 	0.200000 	45.532100 	0.393846 	0.163898 	0.000000 	0.127476 	0.393846 	0.163898 	0.000000 	0.127476 	0.989749 	0.137454 	0.989749 	-0.137454 	0.237740 	0.000000 	0.743247 	0.000000 	
1 	 4 	0.000000 	0.965954 	0.200000 	45.515700 	0.393846 	0.164014 	0.000000 	0.127566 	0.393846 	0.164014 	0.000000 	0.127566 	0.989918 	0.137527 	0.989918 	-0.137527 	0.237741 	0.000000 	0.742829 	0.000000 	
1 	 4 	0.000000 	0.966943 	0.200000 	45.499400 	0.393846 	0.164129 	0.000000 	0.127656 	0.393846 	0.164129 	0.000000 	0.127656 	0.990086 	0.137600 	0.990086 	-0.137600 	0.237742 	0.000000 	0.742412 	0.000000 	
1 	 4 	0.000000 	0.967932 	0.200000 	45.483300 	0.393846 	0.164245 	0.000000 	0.127746 	0.393846 	0.164245 	0.000000 	0.127746 	0.990254 	0.137673 	0.990254 	-0.137673 	0.237743 	0.000000 	0.741996 	0.000000 	
1 	 4 	0.000000 	0.968921 	0.200000 	45.467200 	0.393846 	0.164360 	-0.000000 	0.127835 	0.393846 	0.164360 	-0.000000 	0.127835 	0.990421 	0.137746 	0.990421 	-0.137746 	0.237744 	0.000000 	0.741581 	0.000000 	
