2 	 1 	0.000000 	1.000000 	0.200000 	0.000000 	0.265095 	0.099857 	0.027846 	0.088692 	0.265095 	0.099857 	0.027846 	0.088692 	0.000000 	0.000000 	0.000000 	0.000000 	0.000000 	0.000000 	0.000000 	0.000000 	
2 	 1 	0.000000 	0.596854 	0.200000 	33.927500 	0.208678 	0.107404 	0.041807 	0.092467 	0.208678 	0.107404 	0.041807 	0.092467 	0.308484 	0.000000 	0.982900 	0.184138 	0.982900 	-0.184138 	0.978531 	0.000000 	
2 	 1 	0.000000 	0.595906 	0.200000 	33.898000 	0.208380 	0.107427 	0.041915 	0.092494 	0.208380 	0.107427 	0.041915 	0.092494 	0.309107 	0.000000 	0.982979 	0.184317 	0.982979 	-0.184317 	0.978649 	0.000000 	
2 	 1 	0.000000 	0.594959 	0.200000 	33.868500 	0.208080 	0.107450 	0.042025 	0.092522 	0.208080 	0.107450 	0.042025 	0.092522 	0.309732 	0.000000 	0.983059 	0.184496 	0.983059 	-0.184496 	0.978768 	0.000000 	
2 	 1 	0.000000 	0.594013 	0.200000 	33.838900 	0.207778 	0.107473 	0.042135 	0.092550 	0.207778 	0.107473 	0.042135 	0.092550 	0.310357 	0.000000 	0.983139 	0.184676 	0.983139 	-0.184676 	0.978887 	0.000000 	
2 	 1 	0.000000 	0.593067 	0.200000 	33.809200 	0.207474 	0.107496 	0.042246 	0.092579 	0.207474 	0.107496 	0.042246 	0.092579 	0.310984 	0.000000 	0.983220 	0.184857 	0.983220 	-0.184857 	0.979006 	0.000000 	
2 	 1 	0.000000 	0.592122 	0.200000 	33.779600 	0.207169 	0.107518 	0.042358 	0.092608 	0.207169 	0.107518 	0.042358 	0.092608 	0.311612 	0.000000 	0.983301 	0.185038 	0.983301 	-0.185038 	0.979126 	0.000000 	
2 	 1 	0.000000 	0.591178 	0.200000 	33.749900 	0.206862 	0.107541 	0.042472 	0.092636 	0.206862 	0.107541 	0.042472 	0.092636 	0.312241 	0.000000 	0.983382 	0.185220 	0.983382 	-0.185220 	0.979245 	0.000000 	
2 	 1 	0.000000 	0.590235 	0.200000 	33.720100 	0.206553 	0.107564 	0.042586 	0.092666 	0.206553 	0.107564 	0.042586 	0.092666 	0.312871 	0.000000 	0.983464 	0.185403 	0.983464 	-0.185403 	0.979365 	0.000000 	
2 	 1 	0.000000 	0.589292 	0.200000 	33.690300 	0.206243 	0.107586 	0.042701 	0.092695 	0.206243 	0.107586 	0.042701 	0.092695 	0.313502 	0.000000 	0.983547 	0.185586 	0.983547 	-0.185586 	0.979485 	0.000000 	
2 	 1 	0.000000 	0.588350 	0.200000 	33.660500 	0.205931 	0.107609 	0.042818 	0.092725 	0.205931 	0.107609 	0.042818 	0.092725 	0.314134 	0.000000 	0.983630 	0.185771 	0.983630 	-0.185771 	0.979606 	0.000000 	
2 	 1 	0.000000 	0.587408 	0.200000 	33.630600 	0.205617 	0.107631 	0.042936 	0.092755 	0.205617 	0.107631 	0.042936 	0.092755 	0.314768 	0.000000 	0.983714 	0.185955 	0.983714 	-0.185955 	0.979726 	0.000000 	
2 	 1 	0.000000 	0.586468 	0.200000 	33.600700 	0.205301 	0.107654 	0.043054 	0.092785 	0.205301 	0.107654 	0.043054 	0.092785 	0.315402 	0.000000 	0.983798 	0.186141 	0.983798 	-0.186141 	0.979847 	0.000000 	
2 	 1 	0.000000 	0.585528 	0.200000 	33.570700 	0.204983 	0.107676 	0.043174 	0.092815 	0.204983 	0.107676 	0.043174 	0.092815 	0.316038 	0.000000 	0.983883 	0.186327 	0.983883 	-0.186327 	0.979969 	0.000000 	
2 	 1 	0.000000 	0.584589 	0.200000 	33.540700 	0.204664 	0.107698 	0.043295 	0.092846 	0.204664 	0.107698 	0.043295 	0.092846 	0.316674 	0.000000 	0.983968 	0.186514 	0.983968 	-0.186514 	0.980090 	0.000000 	
2 	 1 	0.000000 	0.583650 	0.200000 	33.510600 	0.204343 	0.107721 	0.043417 	0.092877 	0.204343 	0.107721 	0.043417 	0.092877 	0.317312 	0.000000 	0.984054 	0.186701 	0.984054 	-0.186701 	0.980212 	0.000000 	
2 	 1 	0.000000 	0.582713 	0.200000 	33.480500 	0.204019 	0.107743 	0.043541 	0.092908 	0.204019 	0.107743 	0.043541 	0.092908 	0.317951 	0.000000 	0.984140 	0.186890 	0.984140 	-0.186890 	0.980333 	0.000000 	
2 	 1 	0.000000 	0.581776 	0.200000 	33.450400 	0.203694 	0.107765 	0.043665 	0.092939 	0.203694 	0.107765 	0.043665 	0.092939 	0.318591 	0.000000 	0.984227 	0.187079 	0.984227 	-0.187079 	0.980456 	0.000000 	
2 	 1 	0.000000 	0.580840 	0.200000 	33.420200 	0.203368 	0.107787 	0.043791 	0.092971 	0.203368 	0.107787 	0.043791 	0.092971 	0.319232 	0.000000 	0.984315 	0.187268 	0.984315 	-0.187268 	0.980578 	0.000000 	
2 	 1 	0.000000 	0.579905 	0.200000 	33.390000 	0.203039 	0.107808 	0.043918 	0.093003 	0.203039 	0.107808 	0.043918 	0.093003 	0.319874 	0.000000 	0.984403 	0.187459 	0.984403 	-0.187459 	0.980701 	0.000000 	
2 	 1 	0.000000 	0.578971 	0.200000 	33.359700 	0.202708 	0.107830 	0.044046 	0.093035 	0.202708 	0.107830 	0.044046 	0.093035 	0.320517 	0.000000 	0.984491 	0.187650 	0.984491 	-0.187650 	0.980823 	0.000000 	
2 	 1 	0.000000 	0.578038 	0.200000 	33.329400 	0.202375 	0.107852 	0.044175 	0.093068 	0.202375 	0.107852 	0.044175 	0.093068 	0.321162 	0.000000 	0.984580 	0.187841 	0.984580 	-0.187841 	0.980947 	0.000000 	
2 	 1 	0.000000 	0.577105 	0.200000 	33.299100 	0.202041 	0.107873 	0.044306 	0.093101 	0.202041 	0.107873 	0.044306 	0.093101 	0.321807 	0.000000 	0.984670 	0.188034 	0.984670 	-0.188034 	0.981070 	0.000000 	
2 	 1 	0.000000 	0.576174 	0.200000 	33.268700 	0.201704 	0.107895 	0.044437 	0.093134 	0.201704 	0.107895 	0.044437 	0.093134 	0.322453 	0.000000 	0.984760 	0.188227 	0.984760 	-0.188227 	0.981193 	0.000000 	
2 	 1 	0.000000 	0.575243 	0.200000 	33.238300 	0.201366 	0.107916 	0.044571 	0.093168 	0.201366 	0.107916 	0.044571 	0.093168 	0.323101 	0.000000 	0.984851 	0.188420 	0.984851 	-0.188420 	0.981317 	0.000000 	
2 	 1 	0.000000 	0.574314 	0.200000 	33.207900 	0.201025 	0.107937 	0.044705 	0.093201 	0.201025 	0.107937 	0.044705 	0.093201 	0.323749 	0.000000 	0.984942 	0.188615 	0.984942 	-0.188615 	0.981441 	0.000000 	
2 	 1 	0.000000 	0.573385 	0.200000 	33.177400 	0.200682 	0.107959 	0.044841 	0.093235 	0.200682 	0.107959 	0.044841 	0.093235 	0.324398 	0.000000 	0.985034 	0.188810 	0.985034 	-0.188810 	0.981566 	0.000000 	
2 	 1 	0.000000 	0.572457 	0.200000 	33.146900 	0.200338 	0.107980 	0.044978 	0.093270 	0.200338 	0.107980 	0.044978 	0.093270 	0.325049 	0.000000 	0.985127 	0.189006 	0.985127 	-0.189006 	0.981690 	0.000000 	
2 	 1 	0.000000 	0.571530 	0.200000 	33.116300 	0.199991 	0.108001 	0.045116 	0.093304 	0.199991 	0.108001 	0.045116 	0.093304 	0.325700 	0.000000 	0.985220 	0.189202 	0.985220 	-0.189202 	0.981815 	0.000000 	
2 	 1 	0.000000 	0.570604 	0.200000 	33.085700 	0.199642 	0.108021 	0.045256 	0.093339 	0.199642 	0.108021 	0.045256 	0.093339 	0.326353 	0.000000 	0.985313 	0.189399 	0.985313 	-0.189399 	0.981940 	0.000000 	
2 	 1 	0.000000 	0.569679 	0.200000 	33.055100 	0.199292 	0.108042 	0.045398 	0.093374 	0.199292 	0.108042 	0.045398 	0.093374 	0.327006 	0.000000 	0.985407 	0.189597 	0.985407 	-0.189597 	0.982066 	0.000000 	
2 	 1 	0.000000 	0.568756 	0.200000 	33.024500 	0.198939 	0.108063 	0.045540 	0.093410 	0.198939 	0.108063 	0.045540 	0.093410 	0.327661 	0.000000 	0.985502 	0.189796 	0.985502 	-0.189796 	0.982191 	0.000000 	
2 	 1 	0.000000 	0.567833 	0.200000 	32.993800 	0.198584 	0.108083 	0.045684 	0.093446 	0.198584 	0.108083 	0.045684 	0.093446 	0.328316 	0.000000 	0.985597 	0.189995 	0.985597 	-0.189995 	0.982317 	0.000000 	
2 	 1 	0.000000 	0.566911 	0.200000 	32.963000 	0.198227 	0.108103 	0.045830 	0.093482 	0.198227 	0.108103 	0.045830 	0.093482 	0.328973 	0.000000 	0.985693 	0.190195 	0.985693 	-0.190195 	0.982443 	0.000000 	
2 	 1 	0.000000 	0.565990 	0.200000 	32.932300 	0.197867 	0.108123 	0.045977 	0.093518 	0.197867 	0.108123 	0.045977 	0.093518 	0.329630 	0.000000 	0.985789 	0.190396 	0.985789 	-0.190396 	0.982569 	0.000000 	
2 	 1 	0.000000 	0.565071 	0.200000 	32.901500 	0.197506 	0.108143 	0.046125 	0.093555 	0.197506 	0.108143 	0.046125 	0.093555 	0.330288 	0.000000 	0.985886 	0.190597 	0.985886 	-0.190597 	0.982696 	0.000000 	
2 	 1 	0.000000 	0.564152 	0.200000 	32.870700 	0.197142 	0.108163 	0.046275 	0.093592 	0.197142 	0.108163 	0.046275 	0.093592 	0.330948 	0.000000 	0.985984 	0.190799 	0.985984 	-0.190799 	0.982823 	0.000000 	
2 	 1 	0.000000 	0.563235 	0.200000 	32.839800 	0.196776 	0.108183 	0.046426 	0.093630 	0.196776 	0.108183 	0.046426 	0.093630 	0.331608 	0.000000 	0.986082 	0.191002 	0.986082 	-0.191002 	0.982950 	0.000000 	
2 	 1 	0.000000 	0.562319 	0.200000 	32.808900 	0.196408 	0.108203 	0.046579 	0.093667 	0.196408 	0.108203 	0.046579 	0.093667 	0.332269 	0.000000 	0.986180 	0.191205 	0.986180 	-0.191205 	0.983077 	0.000000 	
2 	 1 	0.000000 	0.561404 	0.200000 	32.778000 	0.196038 	0.108222 	0.046734 	0.093705 	0.196038 	0.108222 	0.046734 	0.093705 	0.332931 	0.000000 	0.986280 	0.191409 	0.986280 	-0.191409 	0.983205 	0.000000 	
2 	 1 	0.000000 	0.560490 	0.200000 	32.747100 	0.195666 	0.108241 	0.046890 	0.093744 	0.195666 	0.108241 	0.046890 	0.093744 	0.333594 	0.000000 	0.986379 	0.191614 	0.986379 	-0.191614 	0.983333 	0.000000 	
2 	 1 	0.000000 	0.559578 	0.200000 	32.716100 	0.195291 	0.108260 	0.047048 	0.093783 	0.195291 	0.108260 	0.047048 	0.093783 	0.334258 	0.000000 	0.986480 	0.191819 	0.986480 	-0.191819 	0.983461 	0.000000 	
2 	 1 	0.000000 	0.558666 	0.200000 	32.685100 	0.194914 	0.108279 	0.047207 	0.093822 	0.194914 	0.108279 	0.047207 	0.093822 	0.334922 	0.000000 	0.986580 	0.192025 	0.986580 	-0.192025 	0.983589 	0.000000 	
2 	 1 	0.000000 	0.557756 	0.200000 	32.654100 	0.194534 	0.108298 	0.047368 	0.093861 	0.194534 	0.108298 	0.047368 	0.093861 	0.335588 	0.000000 	0.986682 	0.192232 	0.986682 	-0.192232 	0.983718 	0.000000 	
2 	 1 	0.000000 	0.556847 	0.200000 	32.623100 	0.194153 	0.108317 	0.047530 	0.093901 	0.194153 	0.108317 	0.047530 	0.093901 	0.336254 	0.000000 	0.986784 	0.192439 	0.986784 	-0.192439 	0.983847 	0.000000 	
2 	 1 	0.000000 	0.555940 	0.200000 	32.592000 	0.193769 	0.108335 	0.047695 	0.093941 	0.193769 	0.108335 	0.047695 	0.093941 	0.336921 	0.000000 	0.986887 	0.192647 	0.986887 	-0.192647 	0.983976 	0.000000 	
2 	 1 	0.000000 	0.555034 	0.200000 	32.560900 	0.193382 	0.108353 	0.047861 	0.093982 	0.193382 	0.108353 	0.047861 	0.093982 	0.337589 	0.000000 	0.986990 	0.192856 	0.986990 	-0.192856 	0.984105 	0.000000 	
2 	 1 	0.000000 	0.554129 	0.200000 	32.529800 	0.192993 	0.108371 	0.048028 	0.094023 	0.192993 	0.108371 	0.048028 	0.094023 	0.338258 	0.000000 	0.987093 	0.193066 	0.987093 	-0.193066 	0.984234 	0.000000 	
2 	 1 	0.000000 	0.553225 	0.200000 	32.498700 	0.192602 	0.108389 	0.048198 	0.094064 	0.192602 	0.108389 	0.048198 	0.094064 	0.338928 	0.000000 	0.987198 	0.193276 	0.987198 	-0.193276 	0.984364 	0.000000 	
2 	 1 	0.000000 	0.552323 	0.200000 	32.467500 	0.192209 	0.108407 	0.048369 	0.094106 	0.192209 	0.108407 	0.048369 	0.094106 	0.339598 	0.000000 	0.987303 	0.193486 	0.987303 	-0.193486 	0.984494 	0.000000 	
2 	 1 	0.000000 	0.551423 	0.200000 	32.436400 	0.191812 	0.108424 	0.048542 	0.094148 	0.191812 	0.108424 	0.048542 	0.094148 	0.340269 	0.000000 	0.987408 	0.193698 	0.987408 	-0.193698 	0.984625 	0.000000 	
2 	 1 	0.000000 	0.550523 	0.200000 	32.405200 	0.191414 	0.108441 	0.048717 	0.094190 	0.191414 	0.108441 	0.048717 	0.094190 	0.340941 	0.000000 	0.987514 	0.193910 	0.987514 	-0.193910 	0.984755 	0.000000 	
2 	 1 	0.000000 	0.549626 	0.200000 	32.374000 	0.191013 	0.108458 	0.048893 	0.094233 	0.191013 	0.108458 	0.048893 	0.094233 	0.341614 	0.000000 	0.987621 	0.194122 	0.987621 	-0.194122 	0.984886 	0.000000 	
2 	 1 	0.000000 	0.548730 	0.200000 	32.342700 	0.190609 	0.108475 	0.049072 	0.094276 	0.190609 	0.108475 	0.049072 	0.094276 	0.342287 	0.000000 	0.987728 	0.194336 	0.987728 	-0.194336 	0.985017 	0.000000 	
2 	 1 	0.000000 	0.547835 	0.200000 	32.311500 	0.190204 	0.108492 	0.049252 	0.094320 	0.190204 	0.108492 	0.049252 	0.094320 	0.342961 	0.000000 	0.987836 	0.194550 	0.987836 	-0.194550 	0.985148 	0.000000 	
2 	 1 	0.000000 	0.546942 	0.200000 	32.280200 	0.189795 	0.108508 	0.049434 	0.094364 	0.189795 	0.108508 	0.049434 	0.094364 	0.343635 	0.000000 	0.987944 	0.194764 	0.987944 	-0.194764 	0.985279 	0.000000 	
2 	 1 	0.000000 	0.546050 	0.200000 	32.249000 	0.189384 	0.108524 	0.049619 	0.094408 	0.189384 	0.108524 	0.049619 	0.094408 	0.344311 	0.000000 	0.988053 	0.194979 	0.988053 	-0.194979 	0.985411 	0.000000 	
2 	 1 	0.000000 	0.545160 	0.200000 	32.217700 	0.188970 	0.108540 	0.049805 	0.094453 	0.188970 	0.108540 	0.049805 	0.094453 	0.344986 	0.000000 	0.988162 	0.195195 	0.988162 	-0.195195 	0.985543 	0.000000 	
2 	 1 	0.000000 	0.544272 	0.200000 	32.186400 	0.188554 	0.108556 	0.049993 	0.094498 	0.188554 	0.108556 	0.049993 	0.094498 	0.345663 	0.000000 	0.988272 	0.195412 	0.988272 	-0.195412 	0.985675 	0.000000 	
2 	 1 	0.000000 	0.543385 	0.200000 	32.155100 	0.188135 	0.108571 	0.050183 	0.094544 	0.188135 	0.108571 	0.050183 	0.094544 	0.346340 	0.000000 	0.988382 	0.195629 	0.988382 	-0.195629 	0.985807 	0.000000 	
2 	 1 	0.000000 	0.542500 	0.200000 	32.123800 	0.187714 	0.108586 	0.050375 	0.094590 	0.187714 	0.108586 	0.050375 	0.094590 	0.347017 	0.000000 	0.988493 	0.195846 	0.988493 	-0.195846 	0.985940 	0.000000 	
2 	 1 	0.000000 	0.541617 	0.200000 	32.092400 	0.187290 	0.108601 	0.050570 	0.094636 	0.187290 	0.108601 	0.050570 	0.094636 	0.347695 	0.000000 	0.988605 	0.196065 	0.988605 	-0.196065 	0.986073 	0.000000 	
2 	 1 	0.000000 	0.540736 	0.200000 	32.061100 	0.186863 	0.108616 	0.050766 	0.094683 	0.186863 	0.108616 	0.050766 	0.094683 	0.348374 	0.000000 	0.988717 	0.196283 	0.988717 	-0.196283 	0.986206 	0.000000 	
2 	 1 	0.000000 	0.539856 	0.200000 	32.029800 	0.186433 	0.108630 	0.050965 	0.094731 	0.186433 	0.108630 	0.050965 	0.094731 	0.349053 	0.000000 	0.988830 	0.196503 	0.988830 	-0.196503 	0.986339 	0.000000 	
2 	 1 	0.000000 	0.538978 	0.200000 	31.998500 	0.186001 	0.108644 	0.051165 	0.094778 	0.186001 	0.108644 	0.051165 	0.094778 	0.349733 	0.000000 	0.988943 	0.196723 	0.988943 	-0.196723 	0.986472 	0.000000 	
2 	 1 	0.000000 	0.538102 	0.200000 	31.967100 	0.185566 	0.108658 	0.051368 	0.094826 	0.185566 	0.108658 	0.051368 	0.094826 	0.350412 	0.000000 	0.989057 	0.196943 	0.989057 	-0.196943 	0.986606 	0.000000 	
2 	 1 	0.000000 	0.537228 	0.200000 	31.935800 	0.185129 	0.108671 	0.051573 	0.094875 	0.185129 	0.108671 	0.051573 	0.094875 	0.351093 	0.000000 	0.989171 	0.197164 	0.989171 	-0.197164 	0.986740 	0.000000 	
2 	 1 	0.000000 	0.536356 	0.200000 	31.904500 	0.184688 	0.108684 	0.051780 	0.094924 	0.184688 	0.108684 	0.051780 	0.094924 	0.351773 	0.000000 	0.989286 	0.197386 	0.989286 	-0.197386 	0.986874 	0.000000 	
2 	 1 	0.000000 	0.535486 	0.200000 	31.873100 	0.184245 	0.108697 	0.051990 	0.094974 	0.184245 	0.108697 	0.051990 	0.094974 	0.352454 	0.000000 	0.989401 	0.197608 	0.989401 	-0.197608 	0.987008 	0.000000 	
2 	 1 	0.000000 	0.534618 	0.200000 	31.841800 	0.183799 	0.108710 	0.052202 	0.095024 	0.183799 	0.108710 	0.052202 	0.095024 	0.353136 	0.000000 	0.989517 	0.197831 	0.989517 	-0.197831 	0.987143 	0.000000 	
2 	 1 	0.000000 	0.533752 	0.200000 	31.810500 	0.183350 	0.108722 	0.052416 	0.095074 	0.183350 	0.108722 	0.052416 	0.095074 	0.353817 	0.000000 	0.989633 	0.198054 	0.989633 	-0.198054 	0.987277 	0.000000 	
2 	 1 	0.000000 	0.532888 	0.200000 	31.779200 	0.182899 	0.108734 	0.052632 	0.095125 	0.182899 	0.108734 	0.052632 	0.095125 	0.354499 	0.000000 	0.989750 	0.198278 	0.989750 	-0.198278 	0.987412 	0.000000 	
2 	 1 	0.000000 	0.532026 	0.200000 	31.747900 	0.182444 	0.108745 	0.052851 	0.095176 	0.182444 	0.108745 	0.052851 	0.095176 	0.355181 	0.000000 	0.989868 	0.198502 	0.989868 	-0.198502 	0.987547 	0.000000 	
2 	 1 	0.000000 	0.531167 	0.200000 	31.716600 	0.181987 	0.108756 	0.053072 	0.095228 	0.181987 	0.108756 	0.053072 	0.095228 	0.355863 	0.000000 	0.989986 	0.198727 	0.989986 	-0.198727 	0.987682 	0.000000 	
2 	 1 	0.000000 	0.530309 	0.200000 	31.685300 	0.181526 	0.108767 	0.053296 	0.095280 	0.181526 	0.108767 	0.053296 	0.095280 	0.356546 	0.000000 	0.990104 	0.198952 	0.990104 	-0.198952 	0.987817 	0.000000 	
2 	 1 	0.000000 	0.529454 	0.200000 	31.654000 	0.181063 	0.108778 	0.053522 	0.095333 	0.181063 	0.108778 	0.053522 	0.095333 	0.357228 	0.000000 	0.990223 	0.199178 	0.990223 	-0.199178 	0.987953 	0.000000 	
2 	 1 	0.000000 	0.528601 	0.200000 	31.622800 	0.180597 	0.108788 	0.053751 	0.095386 	0.180597 	0.108788 	0.053751 	0.095386 	0.357911 	0.000000 	0.990342 	0.199404 	0.990342 	-0.199404 	0.988088 	0.000000 	
2 	 1 	0.000000 	0.527751 	0.200000 	31.591500 	0.180128 	0.108797 	0.053982 	0.095440 	0.180128 	0.108797 	0.053982 	0.095440 	0.358593 	0.000000 	0.990462 	0.199630 	0.990462 	-0.199630 	0.988224 	0.000000 	
2 	 1 	0.000000 	0.526902 	0.200000 	31.560300 	0.179656 	0.108807 	0.054216 	0.095494 	0.179656 	0.108807 	0.054216 	0.095494 	0.359276 	0.000000 	0.990583 	0.199857 	0.990583 	-0.199857 	0.988360 	0.000000 	
2 	 1 	0.000000 	0.526057 	0.200000 	31.529100 	0.179180 	0.108816 	0.054453 	0.095549 	0.179180 	0.108816 	0.054453 	0.095549 	0.359958 	0.000000 	0.990703 	0.200085 	0.990703 	-0.200085 	0.988496 	0.000000 	
2 	 1 	0.000000 	0.525213 	0.200000 	31.498000 	0.178702 	0.108824 	0.054692 	0.095604 	0.178702 	0.108824 	0.054692 	0.095604 	0.360640 	0.000000 	0.990825 	0.200313 	0.990825 	-0.200313 	0.988632 	0.000000 	
2 	 1 	0.000000 	0.524373 	0.200000 	31.466900 	0.178221 	0.108832 	0.054934 	0.095660 	0.178221 	0.108832 	0.054934 	0.095660 	0.361323 	0.000000 	0.990946 	0.200541 	0.990946 	-0.200541 	0.988769 	0.000000 	
2 	 1 	0.000000 	0.523534 	0.200000 	31.435700 	0.177737 	0.108840 	0.055178 	0.095716 	0.177737 	0.108840 	0.055178 	0.095716 	0.362005 	0.000000 	0.991068 	0.200769 	0.991068 	-0.200769 	0.988905 	0.000000 	
2 	 1 	0.000000 	0.522699 	0.200000 	31.404700 	0.177250 	0.108847 	0.055425 	0.095773 	0.177250 	0.108847 	0.055425 	0.095773 	0.362686 	0.000000 	0.991191 	0.200998 	0.991191 	-0.200998 	0.989042 	0.000000 	
2 	 1 	0.000000 	0.521866 	0.200000 	31.373600 	0.176759 	0.108854 	0.055675 	0.095830 	0.176759 	0.108854 	0.055675 	0.095830 	0.363368 	0.000000 	0.991314 	0.201228 	0.991314 	-0.201228 	0.989178 	0.000000 	
2 	 1 	0.000000 	0.521036 	0.200000 	31.342600 	0.176266 	0.108861 	0.055928 	0.095888 	0.176266 	0.108861 	0.055928 	0.095888 	0.364049 	0.000000 	0.991437 	0.201457 	0.991437 	-0.201457 	0.989315 	0.000000 	
2 	 1 	0.000000 	0.520208 	0.200000 	31.311700 	0.175769 	0.108867 	0.056184 	0.095946 	0.175769 	0.108867 	0.056184 	0.095946 	0.364730 	0.000000 	0.991561 	0.201687 	0.991561 	-0.201687 	0.989452 	0.000000 	
2 	 1 	0.000000 	0.519384 	0.200000 	31.280700 	0.175269 	0.108872 	0.056442 	0.096005 	0.175269 	0.108872 	0.056442 	0.096005 	0.365410 	0.000000 	0.991685 	0.201917 	0.991685 	-0.201917 	0.989589 	0.000000 	
2 	 1 	0.000000 	0.518562 	0.200000 	31.249800 	0.174766 	0.108877 	0.056704 	0.096064 	0.174766 	0.108877 	0.056704 	0.096064 	0.366090 	0.000000 	0.991810 	0.202148 	0.991810 	-0.202148 	0.989726 	0.000000 	
2 	 1 	0.000000 	0.517744 	0.200000 	31.219000 	0.174260 	0.108882 	0.056968 	0.096124 	0.174260 	0.108882 	0.056968 	0.096124 	0.366769 	0.000000 	0.991935 	0.202378 	0.991935 	-0.202378 	0.989863 	0.000000 	
2 	 1 	0.000000 	0.516928 	0.200000 	31.188200 	0.173751 	0.108886 	0.057236 	0.096184 	0.173751 	0.108886 	0.057236 	0.096184 	0.367448 	0.000000 	0.992060 	0.202609 	0.992060 	-0.202609 	0.990000 	0.000000 	
2 	 1 	0.000000 	0.516115 	0.200000 	31.157500 	0.173238 	0.108890 	0.057507 	0.096245 	0.173238 	0.108890 	0.057507 	0.096245 	0.368126 	0.000000 	0.992186 	0.202840 	0.992186 	-0.202840 	0.990137 	0.000000 	
2 	 1 	0.000000 	0.515306 	0.200000 	31.126800 	0.172722 	0.108893 	0.057780 	0.096307 	0.172722 	0.108893 	0.057780 	0.096307 	0.368803 	0.000000 	0.992312 	0.203072 	0.992312 	-0.203072 	0.990274 	0.000000 	
2 	 1 	0.000000 	0.514499 	0.200000 	31.096200 	0.172203 	0.108895 	0.058057 	0.096369 	0.172203 	0.108895 	0.058057 	0.096369 	0.369480 	0.000000 	0.992438 	0.203303 	0.992438 	-0.203303 	0.990411 	0.000000 	
2 	 1 	0.000000 	0.513696 	0.200000 	31.065600 	0.171681 	0.108897 	0.058337 	0.096431 	0.171681 	0.108897 	0.058337 	0.096431 	0.370156 	0.000000 	0.992565 	0.203535 	0.992565 	-0.203535 	0.990548 	0.000000 	
2 	 1 	0.000000 	0.512896 	0.200000 	31.035100 	0.171156 	0.108899 	0.058620 	0.096494 	0.171156 	0.108899 	0.058620 	0.096494 	0.370831 	0.000000 	0.992692 	0.203766 	0.992692 	-0.203766 	0.990686 	0.000000 	
2 	 1 	0.000000 	0.512100 	0.200000 	31.004600 	0.170627 	0.108900 	0.058906 	0.096558 	0.170627 	0.108900 	0.058906 	0.096558 	0.371505 	0.000000 	0.992819 	0.203998 	0.992819 	-0.203998 	0.990823 	0.000000 	
2 	 1 	0.000000 	0.511307 	0.200000 	30.974300 	0.170095 	0.108900 	0.059196 	0.096623 	0.170095 	0.108900 	0.059196 	0.096623 	0.372177 	0.000000 	0.992947 	0.204230 	0.992947 	-0.204230 	0.990960 	0.000000 	
2 	 1 	0.000000 	0.510517 	0.200000 	30.944000 	0.169559 	0.108900 	0.059489 	0.096687 	0.169559 	0.108900 	0.059489 	0.096687 	0.372849 	0.000000 	0.993074 	0.204462 	0.993074 	-0.204462 	0.991097 	0.000000 	
2 	 1 	0.000000 	0.509731 	0.200000 	30.913800 	0.169021 	0.108899 	0.059785 	0.096753 	0.169021 	0.108899 	0.059785 	0.096753 	0.373520 	0.000000 	0.993202 	0.204694 	0.993202 	-0.204694 	0.991234 	0.000000 	
2 	 1 	0.000000 	0.508949 	0.200000 	30.883600 	0.168479 	0.108898 	0.060085 	0.096819 	0.168479 	0.108898 	0.060085 	0.096819 	0.374189 	0.000000 	0.993331 	0.204926 	0.993331 	-0.204926 	0.991371 	0.000000 	
2 	 1 	0.000000 	0.508170 	0.200000 	30.853500 	0.167933 	0.108896 	0.060388 	0.096885 	0.167933 	0.108896 	0.060388 	0.096885 	0.374857 	0.000000 	0.993459 	0.205157 	0.993459 	-0.205157 	0.991508 	0.000000 	
2 	 1 	0.000000 	0.507396 	0.200000 	30.823600 	0.167384 	0.108893 	0.060695 	0.096952 	0.167384 	0.108893 	0.060695 	0.096952 	0.375524 	0.000000 	0.993588 	0.205389 	0.993588 	-0.205389 	0.991644 	0.000000 	
2 	 1 	0.000000 	0.506625 	0.200000 	30.793700 	0.166832 	0.108890 	0.061005 	0.097020 	0.166832 	0.108890 	0.061005 	0.097020 	0.376189 	0.000000 	0.993716 	0.205621 	0.993716 	-0.205621 	0.991781 	0.000000 	
2 	 1 	0.000000 	0.505858 	0.200000 	30.763900 	0.166277 	0.108886 	0.061319 	0.097088 	0.166277 	0.108886 	0.061319 	0.097088 	0.376852 	0.000000 	0.993845 	0.205852 	0.993845 	-0.205852 	0.991917 	0.000000 	
2 	 1 	0.000000 	0.505095 	0.200000 	30.734200 	0.165718 	0.108882 	0.061636 	0.097157 	0.165718 	0.108882 	0.061636 	0.097157 	0.377514 	0.000000 	0.993974 	0.206084 	0.993974 	-0.206084 	0.992054 	0.000000 	
2 	 1 	0.000000 	0.504336 	0.200000 	30.704600 	0.165156 	0.108877 	0.061957 	0.097227 	0.165156 	0.108877 	0.061957 	0.097227 	0.378174 	0.000000 	0.994103 	0.206315 	0.994103 	-0.206315 	0.992190 	0.000000 	
2 	 1 	0.000000 	0.503581 	0.200000 	30.675100 	0.164590 	0.108871 	0.062282 	0.097297 	0.164590 	0.108871 	0.062282 	0.097297 	0.378833 	0.000000 	0.994233 	0.206546 	0.994233 	-0.206546 	0.992326 	0.000000 	
2 	 1 	0.000000 	0.502830 	0.200000 	30.645700 	0.164021 	0.108864 	0.062610 	0.097367 	0.164021 	0.108864 	0.062610 	0.097367 	0.379489 	0.000000 	0.994362 	0.206776 	0.994362 	-0.206776 	0.992462 	0.000000 	
2 	 1 	0.000000 	0.502084 	0.200000 	30.616400 	0.163448 	0.108857 	0.062943 	0.097439 	0.163448 	0.108857 	0.062943 	0.097439 	0.380144 	0.000000 	0.994491 	0.207007 	0.994491 	-0.207007 	0.992597 	0.000000 	
2 	 1 	0.000000 	0.501342 	0.200000 	30.587300 	0.162872 	0.108849 	0.063279 	0.097510 	0.162872 	0.108849 	0.063279 	0.097510 	0.380796 	0.000000 	0.994621 	0.207237 	0.994621 	-0.207237 	0.992733 	0.000000 	
2 	 1 	0.000000 	0.500605 	0.200000 	30.558200 	0.162293 	0.108841 	0.063618 	0.097583 	0.162293 	0.108841 	0.063618 	0.097583 	0.381446 	0.000000 	0.994750 	0.207466 	0.994750 	-0.207466 	0.992868 	0.000000 	
2 	 1 	0.000000 	0.499873 	0.200000 	30.529300 	0.161710 	0.108831 	0.063962 	0.097656 	0.161710 	0.108831 	0.063962 	0.097656 	0.382094 	0.000000 	0.994880 	0.207695 	0.994880 	-0.207695 	0.993002 	0.000000 	
2 	 1 	0.000000 	0.499145 	0.200000 	30.500500 	0.161124 	0.108821 	0.064310 	0.097730 	0.161124 	0.108821 	0.064310 	0.097730 	0.382740 	0.000000 	0.995009 	0.207924 	0.995009 	-0.207924 	0.993137 	0.000000 	
2 	 1 	0.000000 	0.498421 	0.200000 	30.471900 	0.160535 	0.108810 	0.064662 	0.097804 	0.160535 	0.108810 	0.064662 	0.097804 	0.383383 	0.000000 	0.995138 	0.208152 	0.995138 	-0.208152 	0.993271 	0.000000 	
2 	 1 	0.000000 	0.497703 	0.200000 	30.443400 	0.159942 	0.108799 	0.065018 	0.097879 	0.159942 	0.108799 	0.065018 	0.097879 	0.384023 	0.000000 	0.995267 	0.208380 	0.995267 	-0.208380 	0.993405 	0.000000 	
2 	 1 	0.000000 	0.496989 	0.200000 	30.415000 	0.159345 	0.108786 	0.065378 	0.097954 	0.159345 	0.108786 	0.065378 	0.097954 	0.384661 	0.000000 	0.995396 	0.208607 	0.995396 	-0.208607 	0.993538 	0.000000 	
2 	 1 	0.000000 	0.496281 	0.200000 	30.386800 	0.158745 	0.108773 	0.065741 	0.098030 	0.158745 	0.108773 	0.065741 	0.098030 	0.385296 	0.000000 	0.995525 	0.208833 	0.995525 	-0.208833 	0.993671 	0.000000 	
2 	 1 	0.000000 	0.495578 	0.200000 	30.358700 	0.158142 	0.108759 	0.066110 	0.098107 	0.158142 	0.108759 	0.066110 	0.098107 	0.385928 	0.000000 	0.995654 	0.209059 	0.995654 	-0.209059 	0.993804 	0.000000 	
2 	 1 	0.000000 	0.494880 	0.200000 	30.330800 	0.157536 	0.108745 	0.066482 	0.098184 	0.157536 	0.108745 	0.066482 	0.098184 	0.386557 	0.000000 	0.995782 	0.209284 	0.995782 	-0.209284 	0.993936 	0.000000 	
2 	 1 	0.000000 	0.494187 	0.200000 	30.303000 	0.156926 	0.108729 	0.066859 	0.098262 	0.156926 	0.108729 	0.066859 	0.098262 	0.387183 	0.000000 	0.995910 	0.209508 	0.995910 	-0.209508 	0.994068 	0.000000 	
2 	 1 	0.000000 	0.493500 	0.200000 	30.275400 	0.156312 	0.108713 	0.067239 	0.098340 	0.156312 	0.108713 	0.067239 	0.098340 	0.387806 	0.000000 	0.996038 	0.209732 	0.996038 	-0.209732 	0.994199 	0.000000 	
2 	 1 	0.000000 	0.492818 	0.200000 	30.248000 	0.155695 	0.108695 	0.067625 	0.098419 	0.155695 	0.108695 	0.067625 	0.098419 	0.388425 	0.000000 	0.996166 	0.209954 	0.996166 	-0.209954 	0.994329 	0.000000 	
2 	 1 	0.000000 	0.492142 	0.200000 	30.220800 	0.155075 	0.108677 	0.068014 	0.098499 	0.155075 	0.108677 	0.068014 	0.098499 	0.389041 	0.000000 	0.996293 	0.210176 	0.996293 	-0.210176 	0.994460 	0.000000 	
2 	 1 	0.000000 	0.491472 	0.200000 	30.193700 	0.154452 	0.108658 	0.068408 	0.098579 	0.154452 	0.108658 	0.068408 	0.098579 	0.389653 	0.000000 	0.996420 	0.210397 	0.996420 	-0.210397 	0.994589 	0.000000 	
2 	 1 	0.000000 	0.490807 	0.200000 	30.166900 	0.153825 	0.108638 	0.068807 	0.098660 	0.153825 	0.108638 	0.068807 	0.098660 	0.390261 	0.000000 	0.996547 	0.210616 	0.996547 	-0.210616 	0.994718 	0.000000 	
2 	 1 	0.000000 	0.490149 	0.200000 	30.140200 	0.153195 	0.108618 	0.069209 	0.098741 	0.153195 	0.108618 	0.069209 	0.098741 	0.390865 	0.000000 	0.996673 	0.210835 	0.996673 	-0.210835 	0.994846 	0.000000 	
2 	 1 	0.000000 	0.489496 	0.200000 	30.113700 	0.152561 	0.108596 	0.069617 	0.098823 	0.152561 	0.108596 	0.069617 	0.098823 	0.391466 	0.000000 	0.996799 	0.211052 	0.996799 	-0.211052 	0.994974 	0.000000 	
2 	 1 	0.000000 	0.488850 	0.200000 	30.087500 	0.151925 	0.108573 	0.070029 	0.098906 	0.151925 	0.108573 	0.070029 	0.098906 	0.392062 	0.000000 	0.996924 	0.211268 	0.996924 	-0.211268 	0.995101 	0.000000 	
2 	 1 	0.000000 	0.488210 	0.200000 	30.061400 	0.151285 	0.108550 	0.070445 	0.098989 	0.151285 	0.108550 	0.070445 	0.098989 	0.392654 	0.000000 	0.997048 	0.211483 	0.997048 	-0.211483 	0.995227 	0.000000 	
2 	 1 	0.000000 	0.487576 	0.200000 	30.035600 	0.150642 	0.108525 	0.070866 	0.099072 	0.150642 	0.108525 	0.070866 	0.099072 	0.393241 	0.000000 	0.997172 	0.211697 	0.997172 	-0.211697 	0.995352 	0.000000 	
2 	 1 	0.000000 	0.486949 	0.200000 	30.009900 	0.149995 	0.108500 	0.071292 	0.099157 	0.149995 	0.108500 	0.071292 	0.099157 	0.393824 	0.000000 	0.997296 	0.211909 	0.997296 	-0.211909 	0.995477 	0.000000 	
2 	 1 	0.000000 	0.486329 	0.200000 	29.984500 	0.149346 	0.108473 	0.071723 	0.099242 	0.149346 	0.108473 	0.071723 	0.099242 	0.394402 	0.000000 	0.997418 	0.212120 	0.997418 	-0.212120 	0.995601 	0.000000 	
2 	 1 	0.000000 	0.485715 	0.200000 	29.959400 	0.148693 	0.108446 	0.072158 	0.099327 	0.148693 	0.108446 	0.072158 	0.099327 	0.394976 	0.000000 	0.997540 	0.212330 	0.997540 	-0.212330 	0.995723 	0.000000 	
2 	 1 	0.000000 	0.485108 	0.200000 	29.934500 	0.148037 	0.108418 	0.072598 	0.099413 	0.148037 	0.108418 	0.072598 	0.099413 	0.395544 	0.000000 	0.997662 	0.212538 	0.997662 	-0.212538 	0.995845 	0.000000 	
2 	 1 	0.000000 	0.484508 	0.200000 	29.909800 	0.147379 	0.108388 	0.073043 	0.099499 	0.147379 	0.108388 	0.073043 	0.099499 	0.396107 	0.000000 	0.997782 	0.212744 	0.997782 	-0.212744 	0.995967 	0.000000 	
2 	 1 	0.000000 	0.483916 	0.200000 	29.885400 	0.146717 	0.108358 	0.073493 	0.099586 	0.146717 	0.108358 	0.073493 	0.099586 	0.396665 	0.000000 	0.997902 	0.212948 	0.997902 	-0.212948 	0.996087 	0.000000 	
2 	 1 	0.000000 	0.483330 	0.200000 	29.861200 	0.146052 	0.108326 	0.073947 	0.099674 	0.146052 	0.108326 	0.073947 	0.099674 	0.397217 	0.000000 	0.998021 	0.213151 	0.998021 	-0.213151 	0.996206 	0.000000 	
2 	 1 	0.000000 	0.482752 	0.200000 	29.837400 	0.145384 	0.108294 	0.074406 	0.099762 	0.145384 	0.108294 	0.074406 	0.099762 	0.397763 	0.000000 	0.998139 	0.213352 	0.998139 	-0.213352 	0.996324 	0.000000 	
2 	 1 	0.000000 	0.482181 	0.200000 	29.813700 	0.144713 	0.108261 	0.074871 	0.099850 	0.144713 	0.108261 	0.074871 	0.099850 	0.398304 	0.000000 	0.998256 	0.213551 	0.998256 	-0.213551 	0.996441 	0.000000 	
2 	 1 	0.000000 	0.481618 	0.200000 	29.790400 	0.144040 	0.108226 	0.075340 	0.099940 	0.144040 	0.108226 	0.075340 	0.099940 	0.398839 	0.000000 	0.998372 	0.213749 	0.998372 	-0.213749 	0.996556 	0.000000 	
2 	 1 	0.000000 	0.481063 	0.200000 	29.767300 	0.143363 	0.108190 	0.075814 	0.100029 	0.143363 	0.108190 	0.075814 	0.100029 	0.399368 	0.000000 	0.998486 	0.213944 	0.998486 	-0.213944 	0.996671 	0.000000 	
2 	 1 	0.000000 	0.480515 	0.200000 	29.744600 	0.142684 	0.108154 	0.076293 	0.100119 	0.142684 	0.108154 	0.076293 	0.100119 	0.399890 	0.000000 	0.998600 	0.214137 	0.998600 	-0.214137 	0.996784 	0.000000 	
2 	 1 	0.000000 	0.479976 	0.200000 	29.722100 	0.142002 	0.108116 	0.076777 	0.100209 	0.142002 	0.108116 	0.076777 	0.100209 	0.400406 	0.000000 	0.998713 	0.214328 	0.998713 	-0.214328 	0.996897 	0.000000 	
2 	 1 	0.000000 	0.479444 	0.200000 	29.700000 	0.141317 	0.108077 	0.077266 	0.100300 	0.141317 	0.108077 	0.077266 	0.100300 	0.400915 	0.000000 	0.998824 	0.214517 	0.998824 	-0.214517 	0.997007 	0.000000 	
2 	 1 	0.000000 	0.478921 	0.200000 	29.678100 	0.140630 	0.108037 	0.077760 	0.100392 	0.140630 	0.108037 	0.077760 	0.100392 	0.401418 	0.000000 	0.998935 	0.214703 	0.998935 	-0.214703 	0.997117 	0.000000 	
2 	 1 	0.000000 	0.478406 	0.200000 	29.656600 	0.139940 	0.107996 	0.078259 	0.100484 	0.139940 	0.107996 	0.078259 	0.100484 	0.401913 	0.000000 	0.999044 	0.214887 	0.999044 	-0.214887 	0.997225 	0.000000 	
2 	 1 	0.000000 	0.477900 	0.200000 	29.635400 	0.139248 	0.107954 	0.078764 	0.100576 	0.139248 	0.107954 	0.078764 	0.100576 	0.402402 	0.000000 	0.999151 	0.215069 	0.999151 	-0.215069 	0.997332 	0.000000 	
2 	 1 	0.000000 	0.477402 	0.200000 	29.614500 	0.138553 	0.107911 	0.079273 	0.100669 	0.138553 	0.107911 	0.079273 	0.100669 	0.402883 	0.000000 	0.999258 	0.215248 	0.999258 	-0.215248 	0.997437 	0.000000 	
2 	 1 	0.000000 	0.476913 	0.200000 	29.594000 	0.137856 	0.107867 	0.079787 	0.100762 	0.137856 	0.107867 	0.079787 	0.100762 	0.403356 	0.000000 	0.999363 	0.215424 	0.999363 	-0.215424 	0.997541 	0.000000 	
2 	 1 	0.000000 	0.476433 	0.200000 	29.573800 	0.137157 	0.107821 	0.080307 	0.100855 	0.137157 	0.107821 	0.080307 	0.100855 	0.403822 	0.000000 	0.999466 	0.215598 	0.999466 	-0.215598 	0.997643 	0.000000 	
2 	 1 	0.000000 	0.475962 	0.200000 	29.554000 	0.136455 	0.107775 	0.080831 	0.100949 	0.136455 	0.107775 	0.080831 	0.100949 	0.404281 	0.000000 	0.999568 	0.215769 	0.999568 	-0.215769 	0.997744 	0.000000 	
2 	 1 	0.000000 	0.475500 	0.200000 	29.534500 	0.135752 	0.107727 	0.081361 	0.101043 	0.135752 	0.107727 	0.081361 	0.101043 	0.404731 	0.000000 	0.999668 	0.215938 	0.999668 	-0.215938 	0.997843 	0.000000 	
2 	 1 	0.000000 	0.475047 	0.200000 	29.515400 	0.135046 	0.107678 	0.081895 	0.101138 	0.135046 	0.107678 	0.081895 	0.101138 	0.405173 	0.000000 	0.999767 	0.216103 	0.999767 	-0.216103 	0.997940 	0.000000 	
2 	 1 	0.000000 	0.474604 	0.200000 	29.496600 	0.134338 	0.107628 	0.082435 	0.101232 	0.134338 	0.107628 	0.082435 	0.101232 	0.405607 	0.000000 	0.999864 	0.216266 	0.999864 	-0.216266 	0.998036 	0.000000 	
2 	 1 	0.000000 	0.474170 	0.200000 	29.478300 	0.133629 	0.107577 	0.082979 	0.101327 	0.133629 	0.107577 	0.082979 	0.101327 	0.406032 	0.000000 	0.999959 	0.216425 	0.999959 	-0.216425 	0.998129 	0.000000 	
2 	 1 	0.000000 	0.473746 	0.200000 	29.460300 	0.132917 	0.107525 	0.083529 	0.101423 	0.132917 	0.107525 	0.083529 	0.101423 	0.406448 	0.000000 	1.000050 	0.216581 	1.000050 	-0.216581 	0.998221 	0.000000 	
2 	 1 	0.000000 	0.473331 	0.200000 	29.442700 	0.132204 	0.107471 	0.084084 	0.101518 	0.132204 	0.107471 	0.084084 	0.101518 	0.406856 	0.000000 	1.000140 	0.216735 	1.000140 	-0.216735 	0.998312 	0.000000 	
2 	 1 	0.000000 	0.472927 	0.200000 	29.425600 	0.131489 	0.107417 	0.084644 	0.101614 	0.131489 	0.107417 	0.084644 	0.101614 	0.407255 	0.000000 	1.000230 	0.216885 	1.000230 	-0.216885 	0.998400 	0.000000 	
2 	 1 	0.000000 	0.472532 	0.200000 	29.408800 	0.130773 	0.107361 	0.085208 	0.101710 	0.130773 	0.107361 	0.085208 	0.101710 	0.407644 	0.000000 	1.000320 	0.217031 	1.000320 	-0.217031 	0.998486 	0.000000 	
2 	 1 	0.000000 	0.472148 	0.200000 	29.392400 	0.130055 	0.107304 	0.085778 	0.101807 	0.130055 	0.107304 	0.085778 	0.101807 	0.408024 	0.000000 	1.000410 	0.217174 	1.000410 	-0.217174 	0.998571 	0.000000 	
2 	 1 	0.000000 	0.471774 	0.200000 	29.376500 	0.129336 	0.107246 	0.086353 	0.101903 	0.129336 	0.107246 	0.086353 	0.101903 	0.408395 	0.000000 	1.000490 	0.217314 	1.000490 	-0.217314 	0.998653 	0.000000 	
2 	 1 	0.000000 	0.471410 	0.200000 	29.361000 	0.128616 	0.107187 	0.086932 	0.102000 	0.128616 	0.107187 	0.086932 	0.102000 	0.408756 	0.000000 	1.000570 	0.217450 	1.000570 	-0.217450 	0.998733 	0.000000 	
2 	 1 	0.000000 	0.471056 	0.200000 	29.345900 	0.127894 	0.107127 	0.087517 	0.102097 	0.127894 	0.107127 	0.087517 	0.102097 	0.409107 	0.000000 	1.000650 	0.217583 	1.000650 	-0.217583 	0.998811 	0.000000 	
2 	 1 	0.000000 	0.470713 	0.200000 	29.331200 	0.127172 	0.107066 	0.088106 	0.102193 	0.127172 	0.107066 	0.088106 	0.102193 	0.409448 	0.000000 	1.000730 	0.217712 	1.000730 	-0.217712 	0.998887 	0.000000 	
2 	 1 	0.000000 	0.470381 	0.200000 	29.317000 	0.126448 	0.107003 	0.088701 	0.102290 	0.126448 	0.107003 	0.088701 	0.102290 	0.409779 	0.000000 	1.000810 	0.217837 	1.000810 	-0.217837 	0.998961 	0.000000 	
2 	 1 	0.000000 	0.470060 	0.200000 	29.303300 	0.125724 	0.106940 	0.089300 	0.102387 	0.125724 	0.106940 	0.089300 	0.102387 	0.410100 	0.000000 	1.000880 	0.217958 	1.000880 	-0.217958 	0.999033 	0.000000 	
2 	 1 	0.000000 	0.469750 	0.200000 	29.290000 	0.124999 	0.106875 	0.089903 	0.102485 	0.124999 	0.106875 	0.089903 	0.102485 	0.410410 	0.000000 	1.000950 	0.218076 	1.000950 	-0.218076 	0.999102 	0.000000 	
2 	 1 	0.000000 	0.469450 	0.200000 	29.277200 	0.124273 	0.106809 	0.090512 	0.102582 	0.124273 	0.106809 	0.090512 	0.102582 	0.410709 	0.000000 	1.001020 	0.218189 	1.001020 	-0.218189 	0.999169 	0.000000 	
2 	 1 	0.000000 	0.469162 	0.200000 	29.264800 	0.123547 	0.106742 	0.091125 	0.102679 	0.123547 	0.106742 	0.091125 	0.102679 	0.410998 	0.000000 	1.001090 	0.218299 	1.001090 	-0.218299 	0.999234 	0.000000 	
2 	 1 	0.000000 	0.468885 	0.200000 	29.252900 	0.122820 	0.106674 	0.091743 	0.102776 	0.122820 	0.106674 	0.091743 	0.102776 	0.411276 	0.000000 	1.001150 	0.218404 	1.001150 	-0.218404 	0.999296 	0.000000 	
2 	 1 	0.000000 	0.468620 	0.200000 	29.241500 	0.122094 	0.106605 	0.092365 	0.102873 	0.122094 	0.106605 	0.092365 	0.102873 	0.411543 	0.000000 	1.001210 	0.218506 	1.001210 	-0.218506 	0.999356 	0.000000 	
2 	 1 	0.000000 	0.468365 	0.200000 	29.230600 	0.121367 	0.106535 	0.092992 	0.102970 	0.121367 	0.106535 	0.092992 	0.102970 	0.411798 	0.000000 	1.001270 	0.218603 	1.001270 	-0.218603 	0.999413 	0.000000 	
2 	 1 	0.000000 	0.468123 	0.200000 	29.220100 	0.120640 	0.106464 	0.093623 	0.103066 	0.120640 	0.106464 	0.093623 	0.103066 	0.412043 	0.000000 	1.001330 	0.218696 	1.001330 	-0.218696 	0.999468 	0.000000 	
2 	 1 	0.000000 	0.467891 	0.200000 	29.210200 	0.119913 	0.106391 	0.094258 	0.103163 	0.119913 	0.106391 	0.094258 	0.103163 	0.412276 	0.000000 	1.001380 	0.218784 	1.001380 	-0.218784 	0.999520 	0.000000 	
2 	 1 	0.000000 	0.467672 	0.200000 	29.200700 	0.119186 	0.106318 	0.094898 	0.103260 	0.119186 	0.106318 	0.094898 	0.103260 	0.412497 	0.000000 	1.001430 	0.218869 	1.001430 	-0.218869 	0.999570 	0.000000 	
2 	 1 	0.000000 	0.467464 	0.200000 	29.191700 	0.118460 	0.106244 	0.095542 	0.103356 	0.118460 	0.106244 	0.095542 	0.103356 	0.412707 	0.000000 	1.001480 	0.218948 	1.001480 	-0.218948 	0.999617 	0.000000 	
2 	 1 	0.000000 	0.467268 	0.200000 	29.183300 	0.117734 	0.106168 	0.096190 	0.103452 	0.117734 	0.106168 	0.096190 	0.103452 	0.412905 	0.000000 	1.001520 	0.219024 	1.001520 	-0.219024 	0.999662 	0.000000 	
2 	 1 	0.000000 	0.467084 	0.200000 	29.175400 	0.117009 	0.106092 	0.096842 	0.103548 	0.117009 	0.106092 	0.096842 	0.103548 	0.413091 	0.000000 	1.001570 	0.219095 	1.001570 	-0.219095 	0.999703 	0.000000 	
2 	 1 	0.000000 	0.466913 	0.200000 	29.167900 	0.116284 	0.106015 	0.097498 	0.103643 	0.116284 	0.106015 	0.097498 	0.103643 	0.413265 	0.000000 	1.001610 	0.219161 	1.001610 	-0.219161 	0.999743 	0.000000 	
2 	 1 	0.000000 	0.466753 	0.200000 	29.161000 	0.115560 	0.105936 	0.098158 	0.103739 	0.115560 	0.105936 	0.098158 	0.103739 	0.413427 	0.000000 	1.001650 	0.219223 	1.001650 	-0.219223 	0.999779 	0.000000 	
2 	 1 	0.000000 	0.466605 	0.200000 	29.154600 	0.114838 	0.105857 	0.098822 	0.103834 	0.114838 	0.105857 	0.098822 	0.103834 	0.413576 	0.000000 	1.001680 	0.219280 	1.001680 	-0.219280 	0.999813 	0.000000 	
2 	 1 	0.000000 	0.466469 	0.200000 	29.148800 	0.114116 	0.105777 	0.099489 	0.103928 	0.114116 	0.105777 	0.099489 	0.103928 	0.413714 	0.000000 	1.001710 	0.219333 	1.001710 	-0.219333 	0.999844 	0.000000 	
2 	 1 	0.000000 	0.466346 	0.200000 	29.143400 	0.113395 	0.105696 	0.100161 	0.104022 	0.113395 	0.105696 	0.100161 	0.104022 	0.413839 	0.000000 	1.001740 	0.219380 	1.001740 	-0.219380 	0.999872 	0.000000 	
2 	 1 	0.000000 	0.466235 	0.200000 	29.138600 	0.112676 	0.105614 	0.100835 	0.104116 	0.112676 	0.105614 	0.100835 	0.104116 	0.413952 	0.000000 	1.001770 	0.219423 	1.001770 	-0.219423 	0.999898 	0.000000 	
2 	 1 	0.000000 	0.466136 	0.200000 	29.134300 	0.111959 	0.105531 	0.101513 	0.104210 	0.111959 	0.105531 	0.101513 	0.104210 	0.414053 	0.000000 	1.001790 	0.219462 	1.001790 	-0.219462 	0.999920 	0.000000 	
2 	 1 	0.000000 	0.466049 	0.200000 	29.130600 	0.111243 	0.105448 	0.102195 	0.104302 	0.111243 	0.105448 	0.102195 	0.104302 	0.414141 	0.000000 	1.001810 	0.219495 	1.001810 	-0.219495 	0.999940 	0.000000 	
2 	 1 	0.000000 	0.465975 	0.200000 	29.127400 	0.110528 	0.105363 	0.102879 	0.104395 	0.110528 	0.105363 	0.102879 	0.104395 	0.414216 	0.000000 	1.001830 	0.219524 	1.001830 	-0.219524 	0.999957 	0.000000 	
2 	 1 	0.000000 	0.465913 	0.200000 	29.124700 	0.109816 	0.105278 	0.103567 	0.104487 	0.109816 	0.105278 	0.103567 	0.104487 	0.414279 	0.000000 	1.001840 	0.219548 	1.001840 	-0.219548 	0.999972 	0.000000 	
2 	 1 	0.000000 	0.465864 	0.200000 	29.122600 	0.109105 	0.105192 	0.104258 	0.104578 	0.109105 	0.105192 	0.104258 	0.104578 	0.414329 	0.000000 	1.001860 	0.219567 	1.001860 	-0.219567 	0.999983 	0.000000 	
2 	 1 	0.000000 	0.465827 	0.200000 	29.121000 	0.108397 	0.105105 	0.104952 	0.104669 	0.108397 	0.105105 	0.104952 	0.104669 	0.414366 	0.000000 	1.001860 	0.219582 	1.001860 	-0.219582 	0.999991 	0.000000 	
2 	 1 	0.000000 	0.465803 	0.200000 	29.119900 	0.107691 	0.105018 	0.105648 	0.104759 	0.107691 	0.105018 	0.105648 	0.104759 	0.414391 	0.000000 	1.001870 	0.219591 	1.001870 	-0.219591 	0.999997 	0.000000 	
2 	 1 	0.000000 	0.465791 	0.200000 	29.119400 	0.106987 	0.104929 	0.106347 	0.104848 	0.106987 	0.104929 	0.106347 	0.104848 	0.414403 	0.000000 	1.001870 	0.219596 	1.001870 	-0.219596 	1.000000 	0.000000 	
2 	 1 	0.000000 	0.465790 	0.200000 	29.119400 	0.106887 	0.104917 	0.106447 	0.104861 	0.106887 	0.104917 	0.106447 	0.104861 	0.414404 	0.000000 	1.001870 	0.219596 	1.001870 	-0.219596 	1.000000 	0.000000 	
2 	 1 	0.000000 	0.465791 	0.200000 	29.119400 	0.106667 	0.104889 	0.106667 	0.104889 	0.106667 	0.104889 	0.106667 	0.104889 	0.414404 	0.000000 	1.001870 	0.219596 	1.001870 	-0.219596 	1.000000 	0.000000 	
2 	 1 	0.000000 	0.465796 	0.200000 	29.119600 	0.105966 	0.104800 	0.107369 	0.104977 	0.105966 	0.104800 	0.107369 	0.104977 	0.414398 	0.000000 	1.001870 	0.219594 	1.001870 	-0.219594 	0.999999 	0.000000 	
2 	 1 	0.000000 	0.465814 	0.200000 	29.120400 	0.105269 	0.104710 	0.108075 	0.105065 	0.105269 	0.104710 	0.108075 	0.105065 	0.414379 	0.000000 	1.001870 	0.219587 	1.001870 	-0.219587 	0.999994 	0.000000 	
2 	 1 	0.000000 	0.465846 	0.200000 	29.121800 	0.104574 	0.104619 	0.108782 	0.105152 	0.104574 	0.104619 	0.108782 	0.105152 	0.414348 	0.000000 	1.001860 	0.219574 	1.001860 	-0.219574 	0.999987 	0.000000 	
2 	 1 	0.000000 	0.465889 	0.200000 	29.123700 	0.103882 	0.104528 	0.109492 	0.105239 	0.103882 	0.104528 	0.109492 	0.105239 	0.414303 	0.000000 	1.001850 	0.219558 	1.001850 	-0.219558 	0.999977 	0.000000 	
2 	 1 	0.000000 	0.465945 	0.200000 	29.126100 	0.103193 	0.104437 	0.110203 	0.105324 	0.103193 	0.104437 	0.110203 	0.105324 	0.414246 	0.000000 	1.001840 	0.219536 	1.001840 	-0.219536 	0.999964 	0.000000 	
2 	 1 	0.000000 	0.466014 	0.200000 	29.129100 	0.102507 	0.104345 	0.110917 	0.105409 	0.102507 	0.104345 	0.110917 	0.105409 	0.414176 	0.000000 	1.001820 	0.219509 	1.001820 	-0.219509 	0.999948 	0.000000 	
2 	 1 	0.000000 	0.466095 	0.200000 	29.132600 	0.101824 	0.104252 	0.111632 	0.105493 	0.101824 	0.104252 	0.111632 	0.105493 	0.414094 	0.000000 	1.001800 	0.219478 	1.001800 	-0.219478 	0.999930 	0.000000 	
2 	 1 	0.000000 	0.466188 	0.200000 	29.136600 	0.101144 	0.104159 	0.112349 	0.105576 	0.101144 	0.104159 	0.112349 	0.105576 	0.414000 	0.000000 	1.001780 	0.219442 	1.001780 	-0.219442 	0.999908 	0.000000 	
2 	 1 	0.000000 	0.466294 	0.200000 	29.141200 	0.100468 	0.104065 	0.113067 	0.105659 	0.100468 	0.104065 	0.113067 	0.105659 	0.413892 	0.000000 	1.001750 	0.219401 	1.001750 	-0.219401 	0.999884 	0.000000 	
2 	 1 	0.000000 	0.466411 	0.200000 	29.146300 	0.099795 	0.103971 	0.113787 	0.105740 	0.099795 	0.103971 	0.113787 	0.105740 	0.413773 	0.000000 	1.001730 	0.219355 	1.001730 	-0.219355 	0.999857 	0.000000 	
2 	 1 	0.000000 	0.466541 	0.200000 	29.151900 	0.099126 	0.103877 	0.114508 	0.105821 	0.099126 	0.103877 	0.114508 	0.105821 	0.413641 	0.000000 	1.001700 	0.219305 	1.001700 	-0.219305 	0.999827 	0.000000 	
2 	 1 	0.000000 	0.466684 	0.200000 	29.158000 	0.098460 	0.103782 	0.115231 	0.105900 	0.098460 	0.103782 	0.115231 	0.105900 	0.413496 	0.000000 	1.001660 	0.219249 	1.001660 	-0.219249 	0.999795 	0.000000 	
2 	 1 	0.000000 	0.466838 	0.200000 	29.164700 	0.097799 	0.103687 	0.115954 	0.105979 	0.097799 	0.103687 	0.115954 	0.105979 	0.413340 	0.000000 	1.001630 	0.219190 	1.001630 	-0.219190 	0.999760 	0.000000 	
2 	 1 	0.000000 	0.467005 	0.200000 	29.171900 	0.097141 	0.103592 	0.116678 	0.106057 	0.097141 	0.103592 	0.116678 	0.106057 	0.413171 	0.000000 	1.001590 	0.219126 	1.001590 	-0.219126 	0.999722 	0.000000 	
2 	 1 	0.000000 	0.467183 	0.200000 	29.179600 	0.096487 	0.103496 	0.117403 	0.106134 	0.096487 	0.103496 	0.117403 	0.106134 	0.412991 	0.000000 	1.001540 	0.219057 	1.001540 	-0.219057 	0.999681 	0.000000 	
2 	 1 	0.000000 	0.467374 	0.200000 	29.187800 	0.095837 	0.103400 	0.118129 	0.106209 	0.095837 	0.103400 	0.118129 	0.106209 	0.412798 	0.000000 	1.001500 	0.218983 	1.001500 	-0.218983 	0.999638 	0.000000 	
2 	 1 	0.000000 	0.467576 	0.200000 	29.196600 	0.095191 	0.103304 	0.118855 	0.106284 	0.095191 	0.103304 	0.118855 	0.106284 	0.412594 	0.000000 	1.001450 	0.218906 	1.001450 	-0.218906 	0.999592 	0.000000 	
2 	 1 	0.000000 	0.467790 	0.200000 	29.205800 	0.094549 	0.103207 	0.119581 	0.106358 	0.094549 	0.103207 	0.119581 	0.106358 	0.412378 	0.000000 	1.001400 	0.218823 	1.001400 	-0.218823 	0.999543 	0.000000 	
2 	 1 	0.000000 	0.468016 	0.200000 	29.215500 	0.093912 	0.103111 	0.120308 	0.106431 	0.093912 	0.103111 	0.120308 	0.106431 	0.412150 	0.000000 	1.001350 	0.218737 	1.001350 	-0.218737 	0.999492 	0.000000 	
2 	 1 	0.000000 	0.468253 	0.200000 	29.225700 	0.093279 	0.103014 	0.121035 	0.106502 	0.093279 	0.103014 	0.121035 	0.106502 	0.411911 	0.000000 	1.001300 	0.218646 	1.001300 	-0.218646 	0.999438 	0.000000 	
2 	 1 	0.000000 	0.468502 	0.200000 	29.236400 	0.092650 	0.102917 	0.121762 	0.106573 	0.092650 	0.102917 	0.121762 	0.106573 	0.411661 	0.000000 	1.001240 	0.218550 	1.001240 	-0.218550 	0.999382 	0.000000 	
2 	 1 	0.000000 	0.468763 	0.200000 	29.247600 	0.092026 	0.102820 	0.122489 	0.106643 	0.092026 	0.102820 	0.122489 	0.106643 	0.411399 	0.000000 	1.001180 	0.218451 	1.001180 	-0.218451 	0.999323 	0.000000 	
2 	 1 	0.000000 	0.469034 	0.200000 	29.259300 	0.091406 	0.102723 	0.123216 	0.106711 	0.091406 	0.102723 	0.123216 	0.106711 	0.411126 	0.000000 	1.001120 	0.218347 	1.001120 	-0.218347 	0.999262 	0.000000 	
2 	 1 	0.000000 	0.469318 	0.200000 	29.271500 	0.090791 	0.102626 	0.123942 	0.106779 	0.090791 	0.102626 	0.123942 	0.106779 	0.410842 	0.000000 	1.001050 	0.218240 	1.001050 	-0.218240 	0.999199 	0.000000 	
2 	 1 	0.000000 	0.469612 	0.200000 	29.284100 	0.090180 	0.102529 	0.124668 	0.106845 	0.090180 	0.102529 	0.124668 	0.106845 	0.410548 	0.000000 	1.000980 	0.218128 	1.000980 	-0.218128 	0.999133 	0.000000 	
2 	 1 	0.000000 	0.469917 	0.200000 	29.297200 	0.089574 	0.102432 	0.125393 	0.106910 	0.089574 	0.102432 	0.125393 	0.106910 	0.410242 	0.000000 	1.000910 	0.218012 	1.000910 	-0.218012 	0.999065 	0.000000 	
2 	 1 	0.000000 	0.470234 	0.200000 	29.310700 	0.088973 	0.102335 	0.126118 	0.106974 	0.088973 	0.102335 	0.126118 	0.106974 	0.409926 	0.000000 	1.000840 	0.217893 	1.000840 	-0.217893 	0.998994 	0.000000 	
2 	 1 	0.000000 	0.470561 	0.200000 	29.324700 	0.088377 	0.102238 	0.126842 	0.107037 	0.088377 	0.102238 	0.126842 	0.107037 	0.409600 	0.000000 	1.000770 	0.217769 	1.000770 	-0.217769 	0.998921 	0.000000 	
2 	 1 	0.000000 	0.470899 	0.200000 	29.339200 	0.087785 	0.102141 	0.127565 	0.107099 	0.087785 	0.102141 	0.127565 	0.107099 	0.409264 	0.000000 	1.000690 	0.217642 	1.000690 	-0.217642 	0.998846 	0.000000 	
2 	 1 	0.000000 	0.471247 	0.200000 	29.354000 	0.087198 	0.102044 	0.128287 	0.107160 	0.087198 	0.102044 	0.128287 	0.107160 	0.408917 	0.000000 	1.000610 	0.217511 	1.000610 	-0.217511 	0.998769 	0.000000 	
2 	 1 	0.000000 	0.471606 	0.200000 	29.369400 	0.086617 	0.101947 	0.129008 	0.107220 	0.086617 	0.101947 	0.129008 	0.107220 	0.408561 	0.000000 	1.000530 	0.217377 	1.000530 	-0.217377 	0.998690 	0.000000 	
2 	 1 	0.000000 	0.471976 	0.200000 	29.385100 	0.086040 	0.101851 	0.129727 	0.107278 	0.086040 	0.101851 	0.129727 	0.107278 	0.408195 	0.000000 	1.000450 	0.217238 	1.000450 	-0.217238 	0.998608 	0.000000 	
2 	 1 	0.000000 	0.472356 	0.200000 	29.401300 	0.085468 	0.101754 	0.130446 	0.107335 	0.085468 	0.101754 	0.130446 	0.107335 	0.407819 	0.000000 	1.000360 	0.217097 	1.000360 	-0.217097 	0.998525 	0.000000 	
2 	 1 	0.000000 	0.472746 	0.200000 	29.417900 	0.084901 	0.101658 	0.131163 	0.107392 	0.084901 	0.101658 	0.131163 	0.107392 	0.407433 	0.000000 	1.000270 	0.216952 	1.000270 	-0.216952 	0.998440 	0.000000 	
2 	 1 	0.000000 	0.473146 	0.200000 	29.434900 	0.084338 	0.101562 	0.131878 	0.107447 	0.084338 	0.101562 	0.131878 	0.107447 	0.407039 	0.000000 	1.000190 	0.216803 	1.000190 	-0.216803 	0.998352 	0.000000 	
2 	 1 	0.000000 	0.473556 	0.200000 	29.452200 	0.083781 	0.101466 	0.132592 	0.107501 	0.083781 	0.101466 	0.132592 	0.107501 	0.406635 	0.000000 	1.000090 	0.216652 	1.000090 	-0.216652 	0.998263 	0.000000 	
2 	 1 	0.000000 	0.473975 	0.200000 	29.470000 	0.083229 	0.101371 	0.133304 	0.107553 	0.083229 	0.101371 	0.133304 	0.107553 	0.406223 	0.000000 	1.000000 	0.216497 	1.000000 	-0.216497 	0.998172 	0.000000 	
2 	 1 	0.000000 	0.474405 	0.200000 	29.488200 	0.082682 	0.101276 	0.134015 	0.107605 	0.082682 	0.101276 	0.134015 	0.107605 	0.405802 	0.000000 	0.999908 	0.216339 	0.999908 	-0.216339 	0.998079 	0.000000 	
2 	 1 	0.000000 	0.474844 	0.200000 	29.506800 	0.082141 	0.101181 	0.134724 	0.107656 	0.082141 	0.101181 	0.134724 	0.107656 	0.405372 	0.000000 	0.999811 	0.216178 	0.999811 	-0.216178 	0.997984 	0.000000 	
2 	 1 	0.000000 	0.475293 	0.200000 	29.525700 	0.081604 	0.101086 	0.135430 	0.107705 	0.081604 	0.101086 	0.135430 	0.107705 	0.404933 	0.000000 	0.999713 	0.216013 	0.999713 	-0.216013 	0.997887 	0.000000 	
2 	 1 	0.000000 	0.475750 	0.200000 	29.545000 	0.081072 	0.100992 	0.136135 	0.107753 	0.081072 	0.100992 	0.136135 	0.107753 	0.404487 	0.000000 	0.999614 	0.215846 	0.999614 	-0.215846 	0.997789 	0.000000 	
2 	 1 	0.000000 	0.476217 	0.200000 	29.564700 	0.080545 	0.100898 	0.136837 	0.107800 	0.080545 	0.100898 	0.136837 	0.107800 	0.404032 	0.000000 	0.999513 	0.215677 	0.999513 	-0.215677 	0.997689 	0.000000 	
2 	 1 	0.000000 	0.476693 	0.200000 	29.584700 	0.080023 	0.100804 	0.137538 	0.107846 	0.080023 	0.100804 	0.137538 	0.107846 	0.403570 	0.000000 	0.999410 	0.215504 	0.999410 	-0.215504 	0.997588 	0.000000 	
2 	 1 	0.000000 	0.477178 	0.200000 	29.605100 	0.079507 	0.100711 	0.138236 	0.107891 	0.079507 	0.100711 	0.138236 	0.107891 	0.403100 	0.000000 	0.999306 	0.215329 	0.999306 	-0.215329 	0.997485 	0.000000 	
2 	 1 	0.000000 	0.477672 	0.200000 	29.625800 	0.078995 	0.100618 	0.138932 	0.107935 	0.078995 	0.100618 	0.138932 	0.107935 	0.402622 	0.000000 	0.999200 	0.215151 	0.999200 	-0.215151 	0.997380 	0.000000 	
2 	 1 	0.000000 	0.478174 	0.200000 	29.646900 	0.078489 	0.100526 	0.139625 	0.107977 	0.078489 	0.100526 	0.139625 	0.107977 	0.402137 	0.000000 	0.999093 	0.214970 	0.999093 	-0.214970 	0.997274 	0.000000 	
2 	 1 	0.000000 	0.478685 	0.200000 	29.668300 	0.077987 	0.100434 	0.140316 	0.108019 	0.077987 	0.100434 	0.140316 	0.108019 	0.401644 	0.000000 	0.998985 	0.214787 	0.998985 	-0.214787 	0.997166 	0.000000 	
2 	 1 	0.000000 	0.479205 	0.200000 	29.690000 	0.077491 	0.100342 	0.141004 	0.108059 	0.077491 	0.100342 	0.141004 	0.108059 	0.401145 	0.000000 	0.998875 	0.214602 	0.998875 	-0.214602 	0.997057 	0.000000 	
2 	 1 	0.000000 	0.479733 	0.200000 	29.712000 	0.076999 	0.100251 	0.141690 	0.108099 	0.076999 	0.100251 	0.141690 	0.108099 	0.400639 	0.000000 	0.998764 	0.214414 	0.998764 	-0.214414 	0.996947 	0.000000 	
2 	 1 	0.000000 	0.480268 	0.200000 	29.734300 	0.076513 	0.100160 	0.142373 	0.108137 	0.076513 	0.100160 	0.142373 	0.108137 	0.400126 	0.000000 	0.998652 	0.214224 	0.998652 	-0.214224 	0.996836 	0.000000 	
2 	 1 	0.000000 	0.480812 	0.200000 	29.756900 	0.076032 	0.100070 	0.143054 	0.108174 	0.076032 	0.100070 	0.143054 	0.108174 	0.399606 	0.000000 	0.998538 	0.214032 	0.998538 	-0.214032 	0.996723 	0.000000 	
2 	 1 	0.000000 	0.481364 	0.200000 	29.779800 	0.075555 	0.099980 	0.143731 	0.108210 	0.075555 	0.099980 	0.143731 	0.108210 	0.399081 	0.000000 	0.998424 	0.213838 	0.998424 	-0.213838 	0.996609 	0.000000 	
2 	 1 	0.000000 	0.481924 	0.200000 	29.803100 	0.075084 	0.099891 	0.144406 	0.108245 	0.075084 	0.099891 	0.144406 	0.108245 	0.398549 	0.000000 	0.998309 	0.213642 	0.998309 	-0.213642 	0.996493 	0.000000 	
2 	 1 	0.000000 	0.482491 	0.200000 	29.826500 	0.074617 	0.099802 	0.145078 	0.108279 	0.074617 	0.099802 	0.145078 	0.108279 	0.398011 	0.000000 	0.998192 	0.213443 	0.998192 	-0.213443 	0.996377 	0.000000 	
2 	 1 	0.000000 	0.483066 	0.200000 	29.850300 	0.074156 	0.099714 	0.145748 	0.108312 	0.074156 	0.099714 	0.145748 	0.108312 	0.397467 	0.000000 	0.998075 	0.213243 	0.998075 	-0.213243 	0.996260 	0.000000 	
2 	 1 	0.000000 	0.483648 	0.200000 	29.874400 	0.073699 	0.099626 	0.146414 	0.108344 	0.073699 	0.099626 	0.146414 	0.108344 	0.396917 	0.000000 	0.997956 	0.213041 	0.997956 	-0.213041 	0.996141 	0.000000 	
2 	 1 	0.000000 	0.484237 	0.200000 	29.898600 	0.073247 	0.099539 	0.147077 	0.108375 	0.073247 	0.099539 	0.147077 	0.108375 	0.396362 	0.000000 	0.997837 	0.212837 	0.997837 	-0.212837 	0.996021 	0.000000 	
2 	 1 	0.000000 	0.484834 	0.200000 	29.923200 	0.072800 	0.099452 	0.147737 	0.108404 	0.072800 	0.099452 	0.147737 	0.108404 	0.395801 	0.000000 	0.997717 	0.212632 	0.997717 	-0.212632 	0.995901 	0.000000 	
2 	 1 	0.000000 	0.485437 	0.200000 	29.948000 	0.072358 	0.099366 	0.148395 	0.108433 	0.072358 	0.099366 	0.148395 	0.108433 	0.395235 	0.000000 	0.997596 	0.212425 	0.997596 	-0.212425 	0.995779 	0.000000 	
2 	 1 	0.000000 	0.486048 	0.200000 	29.973000 	0.071921 	0.099280 	0.149049 	0.108461 	0.071921 	0.099280 	0.149049 	0.108461 	0.394664 	0.000000 	0.997474 	0.212216 	0.997474 	-0.212216 	0.995657 	0.000000 	
2 	 1 	0.000000 	0.486665 	0.200000 	29.998300 	0.071488 	0.099195 	0.149700 	0.108488 	0.071488 	0.099195 	0.149700 	0.108488 	0.394088 	0.000000 	0.997352 	0.212006 	0.997352 	-0.212006 	0.995533 	0.000000 	
2 	 1 	0.000000 	0.487289 	0.200000 	30.023800 	0.071060 	0.099111 	0.150347 	0.108514 	0.071060 	0.099111 	0.150347 	0.108514 	0.393508 	0.000000 	0.997229 	0.211794 	0.997229 	-0.211794 	0.995409 	0.000000 	
2 	 1 	0.000000 	0.487920 	0.200000 	30.049600 	0.070637 	0.099027 	0.150992 	0.108539 	0.070637 	0.099027 	0.150992 	0.108539 	0.392922 	0.000000 	0.997105 	0.211581 	0.997105 	-0.211581 	0.995284 	0.000000 	
2 	 1 	0.000000 	0.488557 	0.200000 	30.075500 	0.070218 	0.098944 	0.151633 	0.108563 	0.070218 	0.098944 	0.151633 	0.108563 	0.392332 	0.000000 	0.996981 	0.211367 	0.996981 	-0.211367 	0.995158 	0.000000 	
2 	 1 	0.000000 	0.489201 	0.200000 	30.101700 	0.069804 	0.098861 	0.152272 	0.108586 	0.069804 	0.098861 	0.152272 	0.108586 	0.391738 	0.000000 	0.996856 	0.211151 	0.996856 	-0.211151 	0.995032 	0.000000 	
2 	 1 	0.000000 	0.489850 	0.200000 	30.128100 	0.069395 	0.098779 	0.152907 	0.108608 	0.069395 	0.098779 	0.152907 	0.108608 	0.391140 	0.000000 	0.996730 	0.210934 	0.996730 	-0.210934 	0.994904 	0.000000 	
2 	 1 	0.000000 	0.490506 	0.200000 	30.154700 	0.068990 	0.098697 	0.153538 	0.108629 	0.068990 	0.098697 	0.153538 	0.108629 	0.390537 	0.000000 	0.996604 	0.210716 	0.996604 	-0.210716 	0.994776 	0.000000 	
2 	 1 	0.000000 	0.491168 	0.200000 	30.181500 	0.068589 	0.098616 	0.154166 	0.108649 	0.068589 	0.098616 	0.154166 	0.108649 	0.389931 	0.000000 	0.996478 	0.210497 	0.996478 	-0.210497 	0.994648 	0.000000 	
2 	 1 	0.000000 	0.491836 	0.200000 	30.208400 	0.068193 	0.098535 	0.154791 	0.108669 	0.068193 	0.098535 	0.154791 	0.108669 	0.389320 	0.000000 	0.996351 	0.210277 	0.996351 	-0.210277 	0.994519 	0.000000 	
2 	 1 	0.000000 	0.492509 	0.200000 	30.235600 	0.067802 	0.098456 	0.155413 	0.108687 	0.067802 	0.098456 	0.155413 	0.108687 	0.388706 	0.000000 	0.996224 	0.210055 	0.996224 	-0.210055 	0.994389 	0.000000 	
2 	 1 	0.000000 	0.493188 	0.200000 	30.262900 	0.067415 	0.098376 	0.156031 	0.108705 	0.067415 	0.098376 	0.156031 	0.108705 	0.388089 	0.000000 	0.996097 	0.209833 	0.996097 	-0.209833 	0.994258 	0.000000 	
2 	 1 	0.000000 	0.493873 	0.200000 	30.290400 	0.067032 	0.098297 	0.156646 	0.108722 	0.067032 	0.098297 	0.156646 	0.108722 	0.387467 	0.000000 	0.995969 	0.209610 	0.995969 	-0.209610 	0.994127 	0.000000 	
2 	 1 	0.000000 	0.494563 	0.200000 	30.318100 	0.066653 	0.098219 	0.157258 	0.108738 	0.066653 	0.098219 	0.157258 	0.108738 	0.386843 	0.000000 	0.995841 	0.209386 	0.995841 	-0.209386 	0.993996 	0.000000 	
2 	 1 	0.000000 	0.495259 	0.200000 	30.345900 	0.066279 	0.098142 	0.157866 	0.108753 	0.066279 	0.098142 	0.157866 	0.108753 	0.386215 	0.000000 	0.995712 	0.209162 	0.995712 	-0.209162 	0.993864 	0.000000 	
2 	 1 	0.000000 	0.495960 	0.200000 	30.373900 	0.065909 	0.098065 	0.158471 	0.108767 	0.065909 	0.098065 	0.158471 	0.108767 	0.385585 	0.000000 	0.995584 	0.208936 	0.995584 	-0.208936 	0.993732 	0.000000 	
2 	 1 	0.000000 	0.496666 	0.200000 	30.402100 	0.065543 	0.097989 	0.159072 	0.108781 	0.065543 	0.097989 	0.159072 	0.108781 	0.384951 	0.000000 	0.995455 	0.208710 	0.995455 	-0.208710 	0.993599 	0.000000 	
2 	 1 	0.000000 	0.497377 	0.200000 	30.430400 	0.065181 	0.097913 	0.159670 	0.108793 	0.065181 	0.097913 	0.159670 	0.108793 	0.384315 	0.000000 	0.995326 	0.208483 	0.995326 	-0.208483 	0.993466 	0.000000 	
2 	 1 	0.000000 	0.498093 	0.200000 	30.458800 	0.064824 	0.097838 	0.160265 	0.108805 	0.064824 	0.097838 	0.160265 	0.108805 	0.383675 	0.000000 	0.995197 	0.208256 	0.995197 	-0.208256 	0.993332 	0.000000 	
2 	 1 	0.000000 	0.498814 	0.200000 	30.487400 	0.064470 	0.097763 	0.160856 	0.108816 	0.064470 	0.097763 	0.160856 	0.108816 	0.383033 	0.000000 	0.995068 	0.208028 	0.995068 	-0.208028 	0.993198 	0.000000 	
2 	 1 	0.000000 	0.499540 	0.200000 	30.516200 	0.064120 	0.097689 	0.161444 	0.108827 	0.064120 	0.097689 	0.161444 	0.108827 	0.382389 	0.000000 	0.994938 	0.207800 	0.994938 	-0.207800 	0.993064 	0.000000 	
2 	 1 	0.000000 	0.500271 	0.200000 	30.545000 	0.063775 	0.097616 	0.162028 	0.108836 	0.063775 	0.097616 	0.162028 	0.108836 	0.381742 	0.000000 	0.994809 	0.207571 	0.994809 	-0.207571 	0.992929 	0.000000 	
2 	 1 	0.000000 	0.501006 	0.200000 	30.574000 	0.063433 	0.097544 	0.162609 	0.108845 	0.063433 	0.097544 	0.162609 	0.108845 	0.381093 	0.000000 	0.994680 	0.207341 	0.994680 	-0.207341 	0.992794 	0.000000 	
2 	 1 	0.000000 	0.501746 	0.200000 	30.603100 	0.063095 	0.097471 	0.163186 	0.108854 	0.063095 	0.097471 	0.163186 	0.108854 	0.380442 	0.000000 	0.994550 	0.207111 	0.994550 	-0.207111 	0.992659 	0.000000 	
2 	 1 	0.000000 	0.502490 	0.200000 	30.632300 	0.062761 	0.097400 	0.163760 	0.108861 	0.062761 	0.097400 	0.163760 	0.108861 	0.379788 	0.000000 	0.994421 	0.206881 	0.994421 	-0.206881 	0.992523 	0.000000 	
2 	 1 	0.000000 	0.503238 	0.200000 	30.661700 	0.062431 	0.097329 	0.164331 	0.108868 	0.062431 	0.097329 	0.164331 	0.108868 	0.379132 	0.000000 	0.994292 	0.206651 	0.994292 	-0.206651 	0.992388 	0.000000 	
2 	 1 	0.000000 	0.503991 	0.200000 	30.691100 	0.062105 	0.097259 	0.164898 	0.108874 	0.062105 	0.097259 	0.164898 	0.108874 	0.378475 	0.000000 	0.994162 	0.206420 	0.994162 	-0.206420 	0.992252 	0.000000 	
2 	 1 	0.000000 	0.504748 	0.200000 	30.720700 	0.061782 	0.097189 	0.165462 	0.108879 	0.061782 	0.097189 	0.165462 	0.108879 	0.377815 	0.000000 	0.994033 	0.206189 	0.994033 	-0.206189 	0.992116 	0.000000 	
2 	 1 	0.000000 	0.505509 	0.200000 	30.750300 	0.061463 	0.097120 	0.166022 	0.108884 	0.061463 	0.097120 	0.166022 	0.108884 	0.377154 	0.000000 	0.993904 	0.205958 	0.993904 	-0.205958 	0.991980 	0.000000 	
2 	 1 	0.000000 	0.506275 	0.200000 	30.780100 	0.061148 	0.097051 	0.166579 	0.108888 	0.061148 	0.097051 	0.166579 	0.108888 	0.376491 	0.000000 	0.993775 	0.205726 	0.993775 	-0.205726 	0.991843 	0.000000 	
2 	 1 	0.000000 	0.507044 	0.200000 	30.809900 	0.060836 	0.096983 	0.167133 	0.108892 	0.060836 	0.096983 	0.167133 	0.108892 	0.375827 	0.000000 	0.993646 	0.205495 	0.993646 	-0.205495 	0.991707 	0.000000 	
2 	 1 	0.000000 	0.507817 	0.200000 	30.839900 	0.060528 	0.096916 	0.167683 	0.108895 	0.060528 	0.096916 	0.167683 	0.108895 	0.375161 	0.000000 	0.993518 	0.205263 	0.993518 	-0.205263 	0.991570 	0.000000 	
2 	 1 	0.000000 	0.508594 	0.200000 	30.869900 	0.060223 	0.096849 	0.168230 	0.108897 	0.060223 	0.096849 	0.168230 	0.108897 	0.374494 	0.000000 	0.993389 	0.205031 	0.993389 	-0.205031 	0.991433 	0.000000 	
2 	 1 	0.000000 	0.509374 	0.200000 	30.900000 	0.059922 	0.096783 	0.168774 	0.108898 	0.059922 	0.096783 	0.168774 	0.108898 	0.373825 	0.000000 	0.993261 	0.204799 	0.993261 	-0.204799 	0.991296 	0.000000 	
2 	 1 	0.000000 	0.510159 	0.200000 	30.930200 	0.059624 	0.096717 	0.169314 	0.108900 	0.059624 	0.096717 	0.169314 	0.108900 	0.373155 	0.000000 	0.993133 	0.204568 	0.993133 	-0.204568 	0.991159 	0.000000 	
2 	 1 	0.000000 	0.510946 	0.200000 	30.960500 	0.059329 	0.096652 	0.169851 	0.108900 	0.059329 	0.096652 	0.169851 	0.108900 	0.372484 	0.000000 	0.993005 	0.204336 	0.993005 	-0.204336 	0.991022 	0.000000 	
2 	 1 	0.000000 	0.511738 	0.200000 	30.990800 	0.059038 	0.096587 	0.170385 	0.108900 	0.059038 	0.096587 	0.170385 	0.108900 	0.371811 	0.000000 	0.992877 	0.204104 	0.992877 	-0.204104 	0.990885 	0.000000 	
2 	 1 	0.000000 	0.512533 	0.200000 	31.021200 	0.058750 	0.096523 	0.170915 	0.108899 	0.058750 	0.096523 	0.170915 	0.108899 	0.371138 	0.000000 	0.992750 	0.203872 	0.992750 	-0.203872 	0.990748 	0.000000 	
2 	 1 	0.000000 	0.513331 	0.200000 	31.051700 	0.058465 	0.096460 	0.171442 	0.108898 	0.058465 	0.096460 	0.171442 	0.108898 	0.370464 	0.000000 	0.992623 	0.203640 	0.992623 	-0.203640 	0.990611 	0.000000 	
2 	 1 	0.000000 	0.514133 	0.200000 	31.082200 	0.058184 	0.096397 	0.171966 	0.108896 	0.058184 	0.096397 	0.171966 	0.108896 	0.369788 	0.000000 	0.992496 	0.203409 	0.992496 	-0.203409 	0.990474 	0.000000 	
2 	 1 	0.000000 	0.514938 	0.200000 	31.112800 	0.057906 	0.096335 	0.172486 	0.108894 	0.057906 	0.096335 	0.172486 	0.108894 	0.369112 	0.000000 	0.992369 	0.203177 	0.992369 	-0.203177 	0.990337 	0.000000 	
2 	 1 	0.000000 	0.515746 	0.200000 	31.143500 	0.057631 	0.096273 	0.173003 	0.108891 	0.057631 	0.096273 	0.173003 	0.108891 	0.368435 	0.000000 	0.992243 	0.202946 	0.992243 	-0.202946 	0.990199 	0.000000 	
2 	 1 	0.000000 	0.516557 	0.200000 	31.174200 	0.057359 	0.096212 	0.173517 	0.108888 	0.057359 	0.096212 	0.173517 	0.108888 	0.367757 	0.000000 	0.992117 	0.202715 	0.992117 	-0.202715 	0.990062 	0.000000 	
2 	 1 	0.000000 	0.517371 	0.200000 	31.205000 	0.057090 	0.096151 	0.174028 	0.108884 	0.057090 	0.096151 	0.174028 	0.108884 	0.367079 	0.000000 	0.991992 	0.202484 	0.991992 	-0.202484 	0.989925 	0.000000 	
2 	 1 	0.000000 	0.518189 	0.200000 	31.235800 	0.056824 	0.096091 	0.174536 	0.108879 	0.056824 	0.096091 	0.174536 	0.108879 	0.366400 	0.000000 	0.991867 	0.202253 	0.991867 	-0.202253 	0.989788 	0.000000 	
2 	 1 	0.000000 	0.519009 	0.200000 	31.266600 	0.056561 	0.096032 	0.175040 	0.108875 	0.056561 	0.096032 	0.175040 	0.108875 	0.365720 	0.000000 	0.991742 	0.202022 	0.991742 	-0.202022 	0.989651 	0.000000 	
2 	 1 	0.000000 	0.519832 	0.200000 	31.297500 	0.056301 	0.095973 	0.175541 	0.108869 	0.056301 	0.095973 	0.175541 	0.108869 	0.365040 	0.000000 	0.991618 	0.201792 	0.991618 	-0.201792 	0.989514 	0.000000 	
2 	 1 	0.000000 	0.520658 	0.200000 	31.328500 	0.056044 	0.095914 	0.176040 	0.108864 	0.056044 	0.095914 	0.176040 	0.108864 	0.364359 	0.000000 	0.991494 	0.201562 	0.991494 	-0.201562 	0.989377 	0.000000 	
2 	 1 	0.000000 	0.521487 	0.200000 	31.359500 	0.055790 	0.095856 	0.176534 	0.108857 	0.055790 	0.095856 	0.176534 	0.108857 	0.363678 	0.000000 	0.991370 	0.201332 	0.991370 	-0.201332 	0.989241 	0.000000 	
2 	 1 	0.000000 	0.522319 	0.200000 	31.390500 	0.055539 	0.095799 	0.177026 	0.108851 	0.055539 	0.095799 	0.177026 	0.108851 	0.362997 	0.000000 	0.991247 	0.201103 	0.991247 	-0.201103 	0.989104 	0.000000 	
2 	 1 	0.000000 	0.523153 	0.200000 	31.421600 	0.055290 	0.095742 	0.177515 	0.108844 	0.055290 	0.095742 	0.177515 	0.108844 	0.362315 	0.000000 	0.991124 	0.200874 	0.991124 	-0.200874 	0.988967 	0.000000 	
2 	 1 	0.000000 	0.523990 	0.200000 	31.452700 	0.055045 	0.095685 	0.178001 	0.108836 	0.055045 	0.095685 	0.178001 	0.108836 	0.361633 	0.000000 	0.991002 	0.200645 	0.991002 	-0.200645 	0.988831 	0.000000 	
2 	 1 	0.000000 	0.524830 	0.200000 	31.483800 	0.054802 	0.095629 	0.178483 	0.108828 	0.054802 	0.095629 	0.178483 	0.108828 	0.360951 	0.000000 	0.990880 	0.200417 	0.990880 	-0.200417 	0.988694 	0.000000 	
2 	 1 	0.000000 	0.525672 	0.200000 	31.514900 	0.054561 	0.095574 	0.178963 	0.108820 	0.054561 	0.095574 	0.178963 	0.108820 	0.360269 	0.000000 	0.990759 	0.200189 	0.990759 	-0.200189 	0.988558 	0.000000 	
2 	 1 	0.000000 	0.526516 	0.200000 	31.546100 	0.054324 	0.095519 	0.179439 	0.108811 	0.054324 	0.095519 	0.179439 	0.108811 	0.359587 	0.000000 	0.990638 	0.199961 	0.990638 	-0.199961 	0.988422 	0.000000 	
2 	 1 	0.000000 	0.527364 	0.200000 	31.577300 	0.054089 	0.095465 	0.179913 	0.108802 	0.054089 	0.095465 	0.179913 	0.108802 	0.358904 	0.000000 	0.990517 	0.199734 	0.990517 	-0.199734 	0.988286 	0.000000 	
2 	 1 	0.000000 	0.528213 	0.200000 	31.608500 	0.053856 	0.095411 	0.180383 	0.108792 	0.053856 	0.095411 	0.180383 	0.108792 	0.358222 	0.000000 	0.990397 	0.199507 	0.990397 	-0.199507 	0.988150 	0.000000 	
2 	 1 	0.000000 	0.529065 	0.200000 	31.639800 	0.053626 	0.095357 	0.180851 	0.108782 	0.053626 	0.095357 	0.180851 	0.108782 	0.357539 	0.000000 	0.990277 	0.199281 	0.990277 	-0.199281 	0.988015 	0.000000 	
2 	 1 	0.000000 	0.529919 	0.200000 	31.671000 	0.053399 	0.095304 	0.181315 	0.108772 	0.053399 	0.095304 	0.181315 	0.108772 	0.356857 	0.000000 	0.990158 	0.199055 	0.990158 	-0.199055 	0.987879 	0.000000 	
2 	 1 	0.000000 	0.530775 	0.200000 	31.702300 	0.053174 	0.095252 	0.181777 	0.108761 	0.053174 	0.095252 	0.181777 	0.108761 	0.356174 	0.000000 	0.990040 	0.198829 	0.990040 	-0.198829 	0.987744 	0.000000 	
2 	 1 	0.000000 	0.531634 	0.200000 	31.733600 	0.052952 	0.095200 	0.182236 	0.108750 	0.052952 	0.095200 	0.182236 	0.108750 	0.355492 	0.000000 	0.989921 	0.198605 	0.989921 	-0.198605 	0.987609 	0.000000 	
2 	 1 	0.000000 	0.532495 	0.200000 	31.764900 	0.052732 	0.095148 	0.182692 	0.108739 	0.052732 	0.095148 	0.182692 	0.108739 	0.354810 	0.000000 	0.989804 	0.198380 	0.989804 	-0.198380 	0.987473 	0.000000 	
2 	 1 	0.000000 	0.533358 	0.200000 	31.796200 	0.052514 	0.095097 	0.183145 	0.108727 	0.052514 	0.095097 	0.183145 	0.108727 	0.354128 	0.000000 	0.989687 	0.198156 	0.989687 	-0.198156 	0.987339 	0.000000 	
2 	 1 	0.000000 	0.534223 	0.200000 	31.827500 	0.052299 	0.095047 	0.183595 	0.108715 	0.052299 	0.095047 	0.183595 	0.108715 	0.353446 	0.000000 	0.989570 	0.197933 	0.989570 	-0.197933 	0.987204 	0.000000 	
2 	 1 	0.000000 	0.535090 	0.200000 	31.858800 	0.052086 	0.094996 	0.184042 	0.108703 	0.052086 	0.094996 	0.184042 	0.108703 	0.352765 	0.000000 	0.989454 	0.197710 	0.989454 	-0.197710 	0.987069 	0.000000 	
2 	 1 	0.000000 	0.535959 	0.200000 	31.890200 	0.051876 	0.094947 	0.184487 	0.108690 	0.051876 	0.094947 	0.184487 	0.108690 	0.352084 	0.000000 	0.989338 	0.197487 	0.989338 	-0.197487 	0.986935 	0.000000 	
2 	 1 	0.000000 	0.536831 	0.200000 	31.921500 	0.051667 	0.094897 	0.184928 	0.108677 	0.051667 	0.094897 	0.184928 	0.108677 	0.351403 	0.000000 	0.989223 	0.197265 	0.989223 	-0.197265 	0.986801 	0.000000 	
2 	 1 	0.000000 	0.537704 	0.200000 	31.952800 	0.051461 	0.094849 	0.185367 	0.108664 	0.051461 	0.094849 	0.185367 	0.108664 	0.350723 	0.000000 	0.989109 	0.197044 	0.989109 	-0.197044 	0.986667 	0.000000 	
2 	 1 	0.000000 	0.538579 	0.200000 	31.984200 	0.051257 	0.094800 	0.185803 	0.108650 	0.051257 	0.094800 	0.185803 	0.108650 	0.350042 	0.000000 	0.988995 	0.196823 	0.988995 	-0.196823 	0.986533 	0.000000 	
2 	 1 	0.000000 	0.539456 	0.200000 	32.015500 	0.051056 	0.094752 	0.186237 	0.108636 	0.051056 	0.094752 	0.186237 	0.108636 	0.349363 	0.000000 	0.988881 	0.196603 	0.988881 	-0.196603 	0.986400 	0.000000 	
2 	 1 	0.000000 	0.540334 	0.200000 	32.046800 	0.050856 	0.094705 	0.186667 	0.108622 	0.050856 	0.094705 	0.186667 	0.108622 	0.348684 	0.000000 	0.988768 	0.196383 	0.988768 	-0.196383 	0.986267 	0.000000 	
2 	 1 	0.000000 	0.541215 	0.200000 	32.078200 	0.050659 	0.094658 	0.187095 	0.108608 	0.050659 	0.094658 	0.187095 	0.108608 	0.348005 	0.000000 	0.988656 	0.196164 	0.988656 	-0.196164 	0.986133 	0.000000 	
2 	 1 	0.000000 	0.542097 	0.200000 	32.109500 	0.050464 	0.094611 	0.187521 	0.108593 	0.050464 	0.094611 	0.187521 	0.108593 	0.347326 	0.000000 	0.988544 	0.195946 	0.988544 	-0.195946 	0.986001 	0.000000 	
2 	 1 	0.000000 	0.542982 	0.200000 	32.140800 	0.050271 	0.094565 	0.187943 	0.108578 	0.050271 	0.094565 	0.187943 	0.108578 	0.346649 	0.000000 	0.988433 	0.195728 	0.988433 	-0.195728 	0.985868 	0.000000 	
2 	 1 	0.000000 	0.543867 	0.200000 	32.172100 	0.050079 	0.094519 	0.188363 	0.108563 	0.050079 	0.094519 	0.188363 	0.108563 	0.345971 	0.000000 	0.988322 	0.195511 	0.988322 	-0.195511 	0.985735 	0.000000 	
2 	 1 	0.000000 	0.544755 	0.200000 	32.203400 	0.049890 	0.094474 	0.188781 	0.108547 	0.049890 	0.094474 	0.188781 	0.108547 	0.345295 	0.000000 	0.988212 	0.195294 	0.988212 	-0.195294 	0.985603 	0.000000 	
2 	 1 	0.000000 	0.545644 	0.200000 	32.234700 	0.049703 	0.094429 	0.189196 	0.108532 	0.049703 	0.094429 	0.189196 	0.108532 	0.344619 	0.000000 	0.988102 	0.195078 	0.988102 	-0.195078 	0.985471 	0.000000 	
2 	 1 	0.000000 	0.546535 	0.200000 	32.266000 	0.049518 	0.094384 	0.189608 	0.108516 	0.049518 	0.094384 	0.189608 	0.108516 	0.343943 	0.000000 	0.987993 	0.194862 	0.987993 	-0.194862 	0.985339 	0.000000 	
2 	 1 	0.000000 	0.547427 	0.200000 	32.297200 	0.049335 	0.094340 	0.190018 	0.108499 	0.049335 	0.094340 	0.190018 	0.108499 	0.343268 	0.000000 	0.987885 	0.194647 	0.987885 	-0.194647 	0.985208 	0.000000 	
2 	 1 	0.000000 	0.548321 	0.200000 	32.328500 	0.049154 	0.094296 	0.190425 	0.108483 	0.049154 	0.094296 	0.190425 	0.108483 	0.342594 	0.000000 	0.987777 	0.194433 	0.987777 	-0.194433 	0.985077 	0.000000 	
2 	 1 	0.000000 	0.549217 	0.200000 	32.359700 	0.048974 	0.094253 	0.190829 	0.108466 	0.048974 	0.094253 	0.190829 	0.108466 	0.341920 	0.000000 	0.987669 	0.194220 	0.987669 	-0.194220 	0.984945 	0.000000 	
2 	 1 	0.000000 	0.550114 	0.200000 	32.390900 	0.048797 	0.094210 	0.191231 	0.108449 	0.048797 	0.094210 	0.191231 	0.108449 	0.341248 	0.000000 	0.987563 	0.194007 	0.987563 	-0.194007 	0.984815 	0.000000 	
2 	 1 	0.000000 	0.551013 	0.200000 	32.422100 	0.048621 	0.094167 	0.191631 	0.108432 	0.048621 	0.094167 	0.191631 	0.108432 	0.340575 	0.000000 	0.987456 	0.193794 	0.987456 	-0.193794 	0.984684 	0.000000 	
2 	 1 	0.000000 	0.551913 	0.200000 	32.453300 	0.048448 	0.094125 	0.192028 	0.108415 	0.048448 	0.094125 	0.192028 	0.108415 	0.339904 	0.000000 	0.987351 	0.193583 	0.987351 	-0.193583 	0.984554 	0.000000 	
2 	 1 	0.000000 	0.552814 	0.200000 	32.484500 	0.048276 	0.094083 	0.192423 	0.108397 	0.048276 	0.094083 	0.192423 	0.108397 	0.339233 	0.000000 	0.987246 	0.193372 	0.987246 	-0.193372 	0.984423 	0.000000 	
2 	 1 	0.000000 	0.553717 	0.200000 	32.515600 	0.048105 	0.094042 	0.192815 	0.108379 	0.048105 	0.094042 	0.192815 	0.108379 	0.338563 	0.000000 	0.987141 	0.193161 	0.987141 	-0.193161 	0.984294 	0.000000 	
2 	 1 	0.000000 	0.554621 	0.200000 	32.546800 	0.047937 	0.094001 	0.193205 	0.108362 	0.047937 	0.094001 	0.193205 	0.108362 	0.337894 	0.000000 	0.987037 	0.192952 	0.987037 	-0.192952 	0.984164 	0.000000 	
2 	 1 	0.000000 	0.555527 	0.200000 	32.577900 	0.047770 	0.093960 	0.193593 	0.108343 	0.047770 	0.093960 	0.193593 	0.108343 	0.337226 	0.000000 	0.986934 	0.192743 	0.986934 	-0.192743 	0.984035 	0.000000 	
2 	 1 	0.000000 	0.556433 	0.200000 	32.608900 	0.047605 	0.093920 	0.193978 	0.108325 	0.047605 	0.093920 	0.193978 	0.108325 	0.336558 	0.000000 	0.986831 	0.192534 	0.986831 	-0.192534 	0.983905 	0.000000 	
2 	 1 	0.000000 	0.557342 	0.200000 	32.640000 	0.047442 	0.093880 	0.194361 	0.108307 	0.047442 	0.093880 	0.194361 	0.108307 	0.335892 	0.000000 	0.986728 	0.192326 	0.986728 	-0.192326 	0.983776 	0.000000 	
2 	 1 	0.000000 	0.558251 	0.200000 	32.671000 	0.047280 	0.093840 	0.194741 	0.108288 	0.047280 	0.093840 	0.194741 	0.108288 	0.335226 	0.000000 	0.986627 	0.192119 	0.986627 	-0.192119 	0.983648 	0.000000 	
2 	 1 	0.000000 	0.559162 	0.200000 	32.702000 	0.047120 	0.093800 	0.195119 	0.108269 	0.047120 	0.093800 	0.195119 	0.108269 	0.334561 	0.000000 	0.986526 	0.191913 	0.986526 	-0.191913 	0.983519 	0.000000 	
2 	 1 	0.000000 	0.560074 	0.200000 	32.733000 	0.046962 	0.093762 	0.195495 	0.108250 	0.046962 	0.093762 	0.195495 	0.108250 	0.333896 	0.000000 	0.986425 	0.191707 	0.986425 	-0.191707 	0.983391 	0.000000 	
2 	 1 	0.000000 	0.560987 	0.200000 	32.763900 	0.046805 	0.093723 	0.195869 	0.108231 	0.046805 	0.093723 	0.195869 	0.108231 	0.333233 	0.000000 	0.986325 	0.191502 	0.986325 	-0.191502 	0.983263 	0.000000 	
2 	 1 	0.000000 	0.561902 	0.200000 	32.794900 	0.046650 	0.093685 	0.196240 	0.108211 	0.046650 	0.093685 	0.196240 	0.108211 	0.332571 	0.000000 	0.986225 	0.191298 	0.986225 	-0.191298 	0.983135 	0.000000 	
2 	 1 	0.000000 	0.562817 	0.200000 	32.825800 	0.046496 	0.093647 	0.196609 	0.108192 	0.046496 	0.093647 	0.196609 	0.108192 	0.331909 	0.000000 	0.986127 	0.191094 	0.986127 	-0.191094 	0.983008 	0.000000 	
2 	 1 	0.000000 	0.563734 	0.200000 	32.856600 	0.046344 	0.093609 	0.196976 	0.108172 	0.046344 	0.093609 	0.196976 	0.108172 	0.331248 	0.000000 	0.986028 	0.190891 	0.986028 	-0.190891 	0.982881 	0.000000 	
2 	 1 	0.000000 	0.564652 	0.200000 	32.887500 	0.046193 	0.093572 	0.197340 	0.108153 	0.046193 	0.093572 	0.197340 	0.108153 	0.330589 	0.000000 	0.985931 	0.190689 	0.985931 	-0.190689 	0.982754 	0.000000 	
2 	 1 	0.000000 	0.565571 	0.200000 	32.918300 	0.046044 	0.093535 	0.197703 	0.108133 	0.046044 	0.093535 	0.197703 	0.108133 	0.329930 	0.000000 	0.985833 	0.190487 	0.985833 	-0.190487 	0.982627 	0.000000 	
2 	 1 	0.000000 	0.566491 	0.200000 	32.949000 	0.045896 	0.093498 	0.198063 	0.108112 	0.045896 	0.093498 	0.198063 	0.108112 	0.329272 	0.000000 	0.985737 	0.190286 	0.985737 	-0.190286 	0.982501 	0.000000 	
2 	 1 	0.000000 	0.567412 	0.200000 	32.979800 	0.045750 	0.093462 	0.198421 	0.108092 	0.045750 	0.093462 	0.198421 	0.108092 	0.328615 	0.000000 	0.985641 	0.190086 	0.985641 	-0.190086 	0.982375 	0.000000 	
2 	 1 	0.000000 	0.568335 	0.200000 	33.010500 	0.045606 	0.093426 	0.198777 	0.108072 	0.045606 	0.093426 	0.198777 	0.108072 	0.327959 	0.000000 	0.985545 	0.189887 	0.985545 	-0.189887 	0.982249 	0.000000 	
2 	 1 	0.000000 	0.569258 	0.200000 	33.041100 	0.045462 	0.093390 	0.199131 	0.108051 	0.045462 	0.093390 	0.199131 	0.108051 	0.327305 	0.000000 	0.985450 	0.189688 	0.985450 	-0.189688 	0.982123 	0.000000 	
2 	 1 	0.000000 	0.570183 	0.200000 	33.071800 	0.045320 	0.093355 	0.199483 	0.108031 	0.045320 	0.093355 	0.199483 	0.108031 	0.326651 	0.000000 	0.985356 	0.189489 	0.985356 	-0.189489 	0.981997 	0.000000 	
2 	 1 	0.000000 	0.571108 	0.200000 	33.102400 	0.045180 	0.093320 	0.199832 	0.108010 	0.045180 	0.093320 	0.199832 	0.108010 	0.325998 	0.000000 	0.985262 	0.189292 	0.985262 	-0.189292 	0.981872 	0.000000 	
2 	 1 	0.000000 	0.572034 	0.200000 	33.133000 	0.045041 	0.093285 	0.200180 	0.107989 	0.045041 	0.093285 	0.200180 	0.107989 	0.325346 	0.000000 	0.985169 	0.189095 	0.985169 	-0.189095 	0.981747 	0.000000 	
2 	 1 	0.000000 	0.572962 	0.200000 	33.163500 	0.044903 	0.093251 	0.200526 	0.107968 	0.044903 	0.093251 	0.200526 	0.107968 	0.324695 	0.000000 	0.985076 	0.188899 	0.985076 	-0.188899 	0.981623 	0.000000 	
2 	 1 	0.000000 	0.573890 	0.200000 	33.194000 	0.044767 	0.093217 	0.200869 	0.107947 	0.044767 	0.093217 	0.200869 	0.107947 	0.324045 	0.000000 	0.984984 	0.188704 	0.984984 	-0.188704 	0.981498 	0.000000 	
2 	 1 	0.000000 	0.574819 	0.200000 	33.224500 	0.044632 	0.093183 	0.201211 	0.107926 	0.044632 	0.093183 	0.201211 	0.107926 	0.323396 	0.000000 	0.984893 	0.188509 	0.984893 	-0.188509 	0.981374 	0.000000 	
2 	 1 	0.000000 	0.575749 	0.200000 	33.254900 	0.044498 	0.093149 	0.201550 	0.107905 	0.044498 	0.093149 	0.201550 	0.107905 	0.322748 	0.000000 	0.984802 	0.188315 	0.984802 	-0.188315 	0.981250 	0.000000 	
2 	 1 	0.000000 	0.576681 	0.200000 	33.285300 	0.044366 	0.093116 	0.201887 	0.107883 	0.044366 	0.093116 	0.201887 	0.107883 	0.322101 	0.000000 	0.984711 	0.188121 	0.984711 	-0.188121 	0.981126 	0.000000 	
2 	 1 	0.000000 	0.577613 	0.200000 	33.315600 	0.044234 	0.093083 	0.202223 	0.107862 	0.044234 	0.093083 	0.202223 	0.107862 	0.321456 	0.000000 	0.984621 	0.187929 	0.984621 	-0.187929 	0.981003 	0.000000 	
2 	 1 	0.000000 	0.578546 	0.200000 	33.345900 	0.044104 	0.093050 	0.202557 	0.107840 	0.044104 	0.093050 	0.202557 	0.107840 	0.320811 	0.000000 	0.984532 	0.187737 	0.984532 	-0.187737 	0.980880 	0.000000 	
2 	 1 	0.000000 	0.579479 	0.200000 	33.376200 	0.043976 	0.093018 	0.202888 	0.107818 	0.043976 	0.093018 	0.202888 	0.107818 	0.320167 	0.000000 	0.984443 	0.187546 	0.984443 	-0.187546 	0.980757 	0.000000 	
2 	 1 	0.000000 	0.580414 	0.200000 	33.406400 	0.043848 	0.092986 	0.203218 	0.107797 	0.043848 	0.092986 	0.203218 	0.107797 	0.319525 	0.000000 	0.984355 	0.187355 	0.984355 	-0.187355 	0.980634 	0.000000 	
2 	 1 	0.000000 	0.581349 	0.200000 	33.436600 	0.043722 	0.092954 	0.203546 	0.107775 	0.043722 	0.092954 	0.203546 	0.107775 	0.318883 	0.000000 	0.984267 	0.187165 	0.984267 	-0.187165 	0.980511 	0.000000 	
2 	 1 	0.000000 	0.582286 	0.200000 	33.466800 	0.043597 	0.092922 	0.203872 	0.107753 	0.043597 	0.092922 	0.203872 	0.107753 	0.318243 	0.000000 	0.984180 	0.186976 	0.984180 	-0.186976 	0.980389 	0.000000 	
2 	 1 	0.000000 	0.583223 	0.200000 	33.496900 	0.043473 	0.092891 	0.204196 	0.107731 	0.043473 	0.092891 	0.204196 	0.107731 	0.317603 	0.000000 	0.984093 	0.186787 	0.984093 	-0.186787 	0.980267 	0.000000 	
2 	 1 	0.000000 	0.584161 	0.200000 	33.527000 	0.043351 	0.092860 	0.204518 	0.107709 	0.043351 	0.092860 	0.204518 	0.107709 	0.316965 	0.000000 	0.984007 	0.186599 	0.984007 	-0.186599 	0.980145 	0.000000 	
2 	 1 	0.000000 	0.585100 	0.200000 	33.557000 	0.043229 	0.092829 	0.204838 	0.107686 	0.043229 	0.092829 	0.204838 	0.107686 	0.316328 	0.000000 	0.983922 	0.186412 	0.983922 	-0.186412 	0.980024 	0.000000 	
2 	 1 	0.000000 	0.586039 	0.200000 	33.587000 	0.043109 	0.092799 	0.205156 	0.107664 	0.043109 	0.092799 	0.205156 	0.107664 	0.315692 	0.000000 	0.983837 	0.186226 	0.983837 	-0.186226 	0.979903 	0.000000 	
2 	 1 	0.000000 	0.586979 	0.200000 	33.616900 	0.042989 	0.092768 	0.205473 	0.107642 	0.042989 	0.092768 	0.205473 	0.107642 	0.315057 	0.000000 	0.983752 	0.186040 	0.983752 	-0.186040 	0.979782 	0.000000 	
2 	 1 	0.000000 	0.587920 	0.200000 	33.646800 	0.042871 	0.092738 	0.205788 	0.107619 	0.042871 	0.092738 	0.205788 	0.107619 	0.314423 	0.000000 	0.983668 	0.185855 	0.983668 	-0.185855 	0.979661 	0.000000 	
2 	 1 	0.000000 	0.588862 	0.200000 	33.676700 	0.042754 	0.092708 	0.206101 	0.107597 	0.042754 	0.092708 	0.206101 	0.107597 	0.313790 	0.000000 	0.983585 	0.185670 	0.983585 	-0.185670 	0.979540 	0.000000 	
2 	 1 	0.000000 	0.589805 	0.200000 	33.706500 	0.042638 	0.092679 	0.206412 	0.107574 	0.042638 	0.092679 	0.206412 	0.107574 	0.313158 	0.000000 	0.983502 	0.185487 	0.983502 	-0.185487 	0.979420 	0.000000 	
2 	 1 	0.000000 	0.590748 	0.200000 	33.736300 	0.042524 	0.092650 	0.206722 	0.107552 	0.042524 	0.092650 	0.206722 	0.107552 	0.312528 	0.000000 	0.983420 	0.185304 	0.983420 	-0.185304 	0.979300 	0.000000 	
2 	 1 	0.000000 	0.591692 	0.200000 	33.766000 	0.042410 	0.092621 	0.207029 	0.107529 	0.042410 	0.092621 	0.207029 	0.107529 	0.311898 	0.000000 	0.983338 	0.185121 	0.983338 	-0.185121 	0.979180 	0.000000 	
2 	 1 	0.000000 	0.592636 	0.200000 	33.795700 	0.042297 	0.092592 	0.207335 	0.107506 	0.042297 	0.092592 	0.207335 	0.107506 	0.311270 	0.000000 	0.983256 	0.184939 	0.983256 	-0.184939 	0.979060 	0.000000 	
2 	 1 	0.000000 	0.593582 	0.200000 	33.825400 	0.042185 	0.092563 	0.207640 	0.107483 	0.042185 	0.092563 	0.207640 	0.107483 	0.310643 	0.000000 	0.983176 	0.184758 	0.983176 	-0.184758 	0.978941 	0.000000 	
2 	 1 	0.000000 	0.594528 	0.200000 	33.855000 	0.042075 	0.092535 	0.207942 	0.107460 	0.042075 	0.092535 	0.207942 	0.107460 	0.310017 	0.000000 	0.983095 	0.184578 	0.983095 	-0.184578 	0.978822 	0.000000 	
2 	 1 	0.000000 	0.595474 	0.200000 	33.884500 	0.041965 	0.092507 	0.208243 	0.107437 	0.041965 	0.092507 	0.208243 	0.107437 	0.309392 	0.000000 	0.983016 	0.184398 	0.983016 	-0.184398 	0.978703 	0.000000 	
2 	 1 	0.000000 	0.596422 	0.200000 	33.914000 	0.041856 	0.092479 	0.208542 	0.107414 	0.041856 	0.092479 	0.208542 	0.107414 	0.308768 	0.000000 	0.982936 	0.184219 	0.982936 	-0.184219 	0.978584 	0.000000 	
2 	 1 	0.000000 	0.596854 	0.200000 	33.927500 	0.041807 	0.092467 	0.208678 	0.107404 	0.041807 	0.092467 	0.208678 	0.107404 	0.308484 	0.000000 	0.982900 	0.184138 	0.982900 	-0.184138 	0.978531 	0.000000 	
