4 	 -5 	0.000000 	0.596854 	0.596854 	33.927500 	0.041807 	0.092467 	0.208678 	0.107404 	0.041807 	0.092467 	0.208678 	0.107404 	0.999811 	0.000000 	1.886720 	0.000000 	0.000000 	0.000000 	0.148415 	0.000000 	
4 	 -5 	0.000000 	0.600157 	0.600157 	33.943500 	0.046154 	0.096392 	0.221113 	0.111509 	0.037848 	0.088678 	0.196554 	0.103249 	1.000000 	0.000000 	1.025120 	0.000000 	-0.000000 	0.000000 	0.463776 	0.000000 	
4 	 -5 	0.000000 	0.601584 	0.601584 	33.950400 	0.047051 	0.097174 	0.223568 	0.112303 	0.037118 	0.087955 	0.194230 	0.102434 	1.000000 	0.000000 	1.035420 	0.000000 	-0.000000 	0.000000 	0.457763 	0.000000 	
4 	 -5 	0.000000 	0.617660 	0.617660 	34.025700 	0.053333 	0.102423 	0.239837 	0.117436 	0.032653 	0.083350 	0.179400 	0.097072 	0.999999 	0.000000 	0.403546 	0.000000 	-0.000000 	0.000000 	1.135670 	0.000000 	
4 	 -5 	0.000000 	0.636261 	0.636261 	34.108000 	0.058093 	0.106163 	0.251155 	0.120895 	0.029877 	0.080315 	0.169625 	0.093373 	0.999998 	0.000000 	0.359701 	0.000000 	-0.000000 	0.000000 	1.228110 	0.000000 	
4 	 -5 	0.000000 	0.655252 	0.655252 	34.187100 	0.061959 	0.109073 	0.259781 	0.123478 	0.027914 	0.078083 	0.162459 	0.090568 	0.999714 	0.000000 	0.326139 	0.000000 	-0.000000 	0.000000 	1.306480 	0.000000 	
4 	 -5 	0.000000 	0.674544 	0.674544 	34.262900 	0.065302 	0.111507 	0.266868 	0.125569 	0.026391 	0.076299 	0.156747 	0.088270 	0.999901 	0.000000 	0.299819 	0.000000 	-0.000000 	0.000000 	1.374460 	0.000000 	
4 	 -5 	0.000000 	0.694026 	0.694026 	34.335000 	0.068269 	0.113610 	0.272893 	0.127328 	0.025154 	0.074815 	0.152013 	0.086322 	0.999980 	0.000000 	1.434200 	0.000000 	-0.000000 	0.000000 	0.278264 	0.000000 	
4 	 -5 	0.000000 	0.713633 	0.713633 	34.403600 	0.070946 	0.115464 	0.278126 	0.128843 	0.024119 	0.073549 	0.147989 	0.084632 	0.999988 	0.000000 	1.487150 	0.000000 	-0.000000 	0.000000 	0.260263 	0.000000 	
4 	 -5 	0.000000 	0.733326 	0.733326 	34.468700 	0.073385 	0.117121 	0.282742 	0.130170 	0.023235 	0.072451 	0.144508 	0.083144 	0.999987 	0.000000 	1.534430 	0.000000 	-0.000000 	0.000000 	0.245000 	0.000000 	
4 	 -5 	0.000000 	0.753080 	0.753080 	34.530600 	0.075626 	0.118618 	0.286859 	0.131347 	0.022469 	0.071485 	0.141456 	0.081817 	0.999991 	0.000000 	1.576870 	0.000000 	-0.000000 	0.000000 	0.231884 	0.000000 	
4 	 -5 	0.000000 	0.772880 	0.772880 	34.589500 	0.077697 	0.119980 	0.290566 	0.132401 	0.021796 	0.070626 	0.138750 	0.080624 	0.999994 	0.000000 	1.615170 	0.000000 	-0.000000 	0.000000 	0.220486 	0.000000 	
4 	 -5 	0.000000 	0.792715 	0.792715 	34.645500 	0.079620 	0.121229 	0.293927 	0.133353 	0.021198 	0.069856 	0.136332 	0.079543 	0.999996 	0.000000 	1.649890 	0.000000 	-0.000000 	0.000000 	0.210486 	0.000000 	
4 	 -5 	0.000000 	0.812577 	0.812577 	34.698800 	0.081415 	0.122380 	0.296995 	0.134219 	0.020664 	0.069160 	0.134153 	0.078557 	0.999997 	0.000000 	1.681470 	0.000000 	-0.000000 	0.000000 	0.201639 	0.000000 	
4 	 -5 	0.000000 	0.832460 	0.832460 	34.749600 	0.083094 	0.123445 	0.299810 	0.135010 	0.020183 	0.068528 	0.132178 	0.077653 	0.999998 	0.000000 	1.710300 	0.000000 	-0.000000 	0.000000 	0.193755 	0.000000 	
4 	 -5 	0.000000 	0.852361 	0.852361 	34.798100 	0.084671 	0.124435 	0.302403 	0.135737 	0.019747 	0.067951 	0.130378 	0.076820 	0.999998 	0.000000 	1.736690 	0.000000 	-0.000000 	0.000000 	0.186684 	0.000000 	
4 	 -5 	0.000000 	0.872275 	0.872275 	34.844400 	0.086155 	0.125358 	0.304803 	0.136408 	0.019349 	0.067422 	0.128730 	0.076049 	0.999999 	0.000000 	1.760920 	0.000000 	-0.000000 	0.000000 	0.180306 	0.000000 	
4 	 -5 	0.000000 	0.892201 	0.892201 	34.888700 	0.087554 	0.126222 	0.307032 	0.137030 	0.018985 	0.066934 	0.127215 	0.075334 	0.999999 	0.000000 	1.783220 	0.000000 	0.000000 	0.000000 	0.174524 	0.000000 	
4 	 -5 	0.000000 	0.912136 	0.912136 	34.931100 	0.088878 	0.127032 	0.309108 	0.137608 	0.018650 	0.066482 	0.125819 	0.074667 	0.999999 	0.000000 	1.803800 	0.000000 	0.000000 	0.000000 	0.169258 	0.000000 	
4 	 -5 	0.000000 	0.932080 	0.932080 	34.971700 	0.090130 	0.127793 	0.311048 	0.138147 	0.018341 	0.066064 	0.124523 	0.074045 	0.999999 	0.000000 	1.822810 	0.000000 	0.000000 	0.000000 	0.164441 	0.000000 	
4 	 -5 	0.000000 	0.952030 	0.952030 	35.010600 	0.091319 	0.128512 	0.312866 	0.138651 	0.018054 	0.065674 	0.123320 	0.073462 	0.999746 	0.000000 	1.841300 	0.000000 	0.000000 	0.000000 	0.159636 	0.000000 	
4 	 -5 	0.000000 	0.971986 	0.971986 	35.048000 	0.092450 	0.129189 	0.314573 	0.139123 	0.017788 	0.065311 	0.122200 	0.072915 	0.999763 	0.000000 	1.857540 	0.000000 	0.000000 	0.000000 	0.155602 	0.000000 	
4 	 -5 	0.000000 	0.991946 	0.991946 	35.083800 	0.093526 	0.129831 	0.316179 	0.139566 	0.017540 	0.064971 	0.121154 	0.072400 	0.999789 	0.000000 	1.872650 	0.000000 	0.000000 	0.000000 	0.151874 	0.000000 	
4 	 -5 	0.000000 	1.011910 	1.011910 	35.118300 	0.094551 	0.130440 	0.317694 	0.139984 	0.017308 	0.064652 	0.120174 	0.071914 	0.999811 	0.000000 	1.886720 	0.000000 	0.000000 	0.000000 	0.148415 	0.000000 	
