4 -1 0 1 1 35.76 0.3653 0.199897 0.3653 0.199897 0.0126236 0.0281713 0.0126236 0.0281713 0 0 0 0 0 0 0 0 
3 -1 0 0.99 0.99 35.7604 0.3653 0.199897 0.3653 0.199897 0.0126235 0.0281713 0.0126235 0.0281713 0.999962 0 0.097894 0 0 0 0.166087 0 
3 -1 0 0.97 0.97 35.7604 0.3653 0.199897 0.3653 0.199897 0.0126235 0.0281713 0.0126235 0.0281713 1.00008 0 0.0967572 0 -5.6909e-18 0 0.166029 0 
3 -1 0 0.95 0.95 35.7604 0.3653 0.1999 0.3653 0.1999 0.012624 0.0281718 0.012624 0.0281718 1 0 0.0956346 0 1.185e-17 0 0.166068 0 
3 -1 0 0.93 0.93 35.7604 0.3653 0.1999 0.3653 0.1999 0.012624 0.0281718 0.012624 0.0281718 1 0 0.0944539 0 -2.37702e-18 0 0.166068 0 
3 -1 0 0.91 0.91 35.7604 0.3653 0.1999 0.3653 0.1999 0.012624 0.0281718 0.012624 0.0281718 1 0 0.0932334 0 -1.43044e-17 0 0.166068 0 
3 -1 0 0.89 0.89 35.7604 0.3653 0.1999 0.3653 0.1999 0.0126237 0.0281715 0.0126237 0.0281715 1 0 0.091971 0 7.12302e-18 0 0.166068 0 
3 -1 0 0.87 0.87 35.7604 0.3653 0.1999 0.3653 0.1999 0.0126237 0.0281715 0.0126237 0.0281715 1 0 0.0906645 0 -0 0 0.166068 0 
3 -1 0 0.85 0.85 35.7604 0.3653 0.1999 0.3653 0.1999 0.0126237 0.0281715 0.0126237 0.0281715 1 0 0.0893118 0 4.77684e-18 0 0.166068 0 
3 -1 0 0.83 0.83 35.7604 0.3653 0.1999 0.3653 0.1999 0.012624 0.0281716 0.012624 0.0281716 1 0 0.0879101 0 -1.43933e-17 0 0.166068 0 
3 -1 0 0.81 0.81 35.7604 0.3653 0.1999 0.3653 0.1999 0.012624 0.0281716 0.012624 0.0281716 1 0 0.0864571 0 1.44358e-17 0 0.166068 0 
3 -1 0 0.79 0.79 35.7604 0.3653 0.1999 0.3653 0.1999 0.012624 0.0281716 0.012624 0.0281716 1 0 0.0849497 0 1.68916e-17 0 0.166068 0 
3 -1 0 0.77 0.77 35.7604 0.365299 0.1999 0.365299 0.1999 0.0126237 0.0281714 0.0126237 0.0281714 1 0 0.083385 0 2.40337e-18 0 0.166068 0 
3 -1 0 0.75 0.75 35.7604 0.365299 0.1999 0.365299 0.1999 0.0126237 0.0281714 0.0126237 0.0281714 1 0 0.0817598 0 2.16943e-17 0 0.166068 0 
3 -1 0 0.73 0.73 35.7604 0.365299 0.1999 0.365299 0.1999 0.0126237 0.0281714 0.0126237 0.0281714 1 0 0.0800704 0 0 0 0.166068 0 
3 -1 0 0.71 0.71 35.7604 0.365299 0.1999 0.365299 0.1999 0.0126238 0.0281715 0.0126238 0.0281715 1 0 0.0783131 0 -1.45653e-17 0 0.166068 0 
3 -1 0 0.69 0.69 35.7604 0.365299 0.1999 0.365299 0.1999 0.0126238 0.0281715 0.0126238 0.0281715 1 0 0.0764839 0 1.46083e-17 0 0.166068 0 
3 -1 0 0.67 0.67 35.7604 0.365299 0.1999 0.365299 0.1999 0.0126238 0.0281715 0.0126238 0.0281715 1 0 0.0745784 0 2.44192e-17 0 0.166068 0 
3 -1 0 0.65 0.65 35.7604 0.365299 0.1999 0.365299 0.1999 0.0126238 0.0281715 0.0126238 0.0281715 1 0 0.0725919 0 -0 0 0.166068 0 
3 -1 0 0.63 0.63 35.7604 0.365299 0.1999 0.365299 0.1999 0.0126238 0.0281715 0.0126238 0.0281715 1 0 0.0705192 0 -2.45602e-17 0 0.166068 0 
3 -1 0 0.61 0.61 35.7604 0.365299 0.1999 0.365299 0.1999 0.0126238 0.0281715 0.0126238 0.0281715 1 0 0.0683549 0 9.85307e-18 0 0.166068 0 
3 -1 0 0.59 0.59 35.7604 0.365299 0.1999 0.365299 0.1999 0.0126238 0.0281715 0.0126238 0.0281715 1 0 0.0660929 0 4.93955e-18 0 0.166068 0 
3 -1 0 0.57 0.57 35.7604 0.365299 0.1999 0.365299 0.1999 0.0126238 0.0281715 0.0126238 0.0281715 1 0 0.063727 0 1.48623e-17 0 0.166068 0 
3 -1 0 0.55 0.55 35.7604 0.365299 0.1999 0.365299 0.1999 0.0126238 0.0281715 0.0126238 0.0281715 1 0 0.06125 0 2.98118e-17 0 0.166068 0 
3 -1 0 0.53 0.53 35.7604 0.365299 0.1999 0.365299 0.1999 0.0126238 0.0281715 0.0126238 0.0281715 1 0 0.0586544 0 1.09652e-16 0 0.166068 0 
3 -1 0 0.51 0.51 35.7604 0.365299 0.1999 0.365299 0.1999 0.0126238 0.0281715 0.0126238 0.0281715 1 0 0.0559321 0 4.49885e-16 0 0.166068 0 
3 -1 0 0.49 0.49 35.7604 0.365299 0.1999 0.365299 0.1999 0.0126238 0.0281715 0.0126238 0.0281715 1 0 0.0530743 0 1.85491e-15 0 0.166068 0 
3 -1 0 0.47 0.47 35.7604 0.365299 0.1999 0.365299 0.1999 0.0126238 0.0281715 0.0126238 0.0281715 1 0 0.0500714 0 8.37521e-15 0 0.166068 0 
3 -1 0 0.45 0.45 35.7604 0.365299 0.1999 0.365299 0.1999 0.0126238 0.0281715 0.0126238 0.0281715 1 0 0.0469133 0 3.72521e-14 0 0.166068 0 
3 -1 0 0.43 0.43 35.7604 0.365299 0.1999 0.365299 0.1999 0.0126238 0.0281715 0.0126238 0.0281715 1 0 0.043589 0 1.67748e-13 0 0.166068 0 
3 -1 0 0.41 0.41 35.7604 0.365299 0.1999 0.365299 0.1999 0.0126238 0.0281715 0.0126238 0.0281715 1 0 0.0400868 0 7.62481e-13 0 0.166068 0 
3 -1 0 0.39 0.39 35.7604 0.365299 0.1999 0.365299 0.1999 0.0126238 0.0281715 0.0126238 0.0281715 1 0 0.0363946 0 3.51086e-12 0 0.166068 0 
3 -1 0 0.37 0.37 35.7604 0.365299 0.1999 0.365299 0.1999 0.0126238 0.0281715 0.0126238 0.0281715 1 0 0.0324996 0 1.64359e-11 0 0.166068 0 
3 -1 0 0.35 0.35 35.7604 0.365299 0.1999 0.365299 0.1999 0.0126238 0.0281715 0.0126238 0.0281715 1 0 0.0283894 0 7.8657e-11 0 0.166068 0 
3 -1 0 0.33 0.33 35.7604 0.365299 0.1999 0.365299 0.1999 0.0126238 0.0281715 0.0126238 0.0281715 1 0 0.0240518 0 3.88122e-10 0 0.166068 0 
3 -1 0 0.31 0.31 35.7604 0.365299 0.1999 0.365299 0.1999 0.0126238 0.0281715 0.0126238 0.0281715 1 0 0.0194767 0 2.00366e-09 0 0.166068 0 
3 -1 0 0.29 0.29 35.7604 0.365299 0.1999 0.365299 0.1999 0.0126238 0.0281715 0.0126238 0.0281715 1 0 0.0146577 0 1.113e-08 0 0.166068 0 
3 -1 0 0.27 0.27 35.7604 0.365299 0.1999 0.365299 0.1999 0.0126238 0.0281715 0.0126238 0.0281715 1 0 0.00959626 0 7.10693e-08 0 0.166068 0 
3 -1 0 0.25 0.25 35.7604 0.365299 0.1999 0.365299 0.1999 0.0126238 0.0281715 0.0126238 0.0281715 1 0 0.00430732 0 6.6191e-07 0 0.166068 0 
3 -1 0 0.23 0.23 35.7604 0.365299 0.1999 0.365299 0.1999 0.0126238 0.0281715 0.0126238 0.0281715 1 0 -0.00115474 0 -1.03216e-05 0 0.166068 0 
3 -1 0 0.21 0.21 35.7604 0.365299 0.1999 0.365299 0.1999 0.0126238 0.0281715 0.0126238 0.0281715 1 0 0.166068 0 -0.0067231 0 -7.41109e-06 0 
3 -1 0 0.19 0.19 35.7604 0.365299 0.1999 0.365299 0.1999 0.0126238 0.0281715 0.0126238 0.0281715 1 0 -0.0121832 0 -1.70967e-05 0 0.166068 0 
3 -1 0 0.17 0.17 35.7604 0.365299 0.1999 0.365299 0.1999 0.0126238 0.0281715 0.0126238 0.0281715 1 0 0.166068 0 -0.017148 0 -5.0779e-05 0 
3 -1 0 0.15 0.15 35.7604 0.365299 0.1999 0.365299 0.1999 0.0126238 0.0281715 0.0126238 0.0281715 1 0 0.166068 0 -0.000175018 0 -0.0207987 0 
3 -1 0 0.13 0.13 35.7604 0.365299 0.1999 0.365299 0.1999 0.0126238 0.0281715 0.0126238 0.0281715 1 0 0.166068 0 -0.00071501 0 -0.0212829 0 
3 -1 0 0.11 0.11 35.7604 0.365299 0.1999 0.365299 0.1999 0.0126238 0.0281715 0.0126238 0.0281715 1 0 -0.0116556 0 -0.00545795 0 0.166068 0 
3 -1 0 0.0899999 0.0899999 35.7604 0.365299 0.1999 0.365299 0.1999 0.0126238 0.0281715 0.0126238 0.0281715 1 0 0.000156701 0.016307 0.000156701 -0.016307 0.166068 0 
3 -1 0 0.0699999 0.0699999 35.7604 0.365299 0.1999 0.365299 0.1999 0.0126238 0.0281715 0.0126238 0.0281715 1 0 0.0221713 0.0249036 0.0221713 -0.0249036 0.166068 0 
3 -1 0 0.0499999 0.0499999 35.7604 0.365299 0.1999 0.365299 0.1999 0.0126238 0.0281715 0.0126238 0.0281715 1 0 0.096352 0 0.048236 0 0.166068 0 
3 -1 0 0.0299999 0.0299999 35.7604 0.365299 0.1999 0.365299 0.1999 0.0126238 0.0281715 0.0126238 0.0281715 1 0 0.295661 0 0.0657146 0 0.166068 0 
3 -1 0 0.0099999 0.0099999 35.7604 0.365299 0.1999 0.365299 0.1999 0.0126238 0.0281715 0.0126238 0.0281715 1 0 0.689028 0 0.11788 0 0.166068 0 
4 -1 0 -1.36635e-05 -1.36635e-05 35.7604 0.365299 0.1999 0.365299 0.1999 0.0126238 0.0281715 0.0126238 0.0281715 1 0 1.00049 0 0.166068 0 0.16615 0 
