0.551259 	 0.543367 	 -0.449638 	 -0.485983 
0.380367 	 0.371226 	 0.306389 	 -0.040928 
0.471604 	 0.410187 	 0.127093 	 0.635479 
-0.582720 	 -0.680046 	 -0.190194 	 0.349032 
0.215418 	 0.133323 	 0.496259 	 0.188619 
-0.557662 	 -0.691739 	 -0.092334 	 -0.242510 
0.110894 	 0.060999 	 0.319216 	 0.695306 
0.509884 	 0.393613 	 -0.024111 	 0.183179 
0.689202 	 0.587493 	 0.706831 	 0.667620 
0.113266 	 -0.004204 	 -0.752542 	 -0.819977 
-0.404192 	 -0.550835 	 0.363483 	 0.696120 
-0.395208 	 -0.608259 	 -0.207122 	 -0.272613 
-0.630003 	 -0.787109 	 -0.139002 	 -0.133758 
-0.381296 	 -0.461249 	 -0.001641 	 0.328334 
-0.145305 	 -0.357824 	 -0.227684 	 0.223977 
0.295552 	 -0.014718 	 0.090763 	 0.005482 
-0.538345 	 -0.732476 	 0.510888 	 0.108150 
0.196876 	 -0.010617 	 -0.050980 	 -0.057161 
0.635254 	 0.554593 	 0.674661 	 0.484035 
0.840999 	 0.925440 	 0.058825 	 -0.024544 
-0.531428 	 -0.651985 	 -0.104926 	 -0.245313 
0.178028 	 -0.093451 	 0.921615 	 0.422741 
-0.626163 	 -0.691293 	 -0.350777 	 0.591959 
0.001601 	 -0.137474 	 -0.351560 	 -0.597214 
0.773665 	 0.745593 	 0.072071 	 0.275331 
0.598819 	 0.577141 	 -0.107658 	 -0.209830 
0.746884 	 0.671288 	 -0.020241 	 -0.360961 
0.485069 	 0.411507 	 -0.304740 	 -0.269994 
0.400951 	 0.312328 	 -0.232712 	 -0.508153 
0.503858 	 0.417780 	 0.528692 	 0.523205 
0.511044 	 0.475226 	 -0.694008 	 -0.639178 
0.037407 	 -0.163747 	 0.027028 	 -0.188115 
0.282985 	 0.090015 	 -0.319225 	 -0.068639 
0.529642 	 0.410813 	 0.448725 	 -0.375945 
0.389960 	 0.265107 	 0.481100 	 0.676103 
-0.291202 	 -0.365026 	 -0.229114 	 -0.264347 
-0.529938 	 -0.596268 	 0.402259 	 0.516220 
-0.211805 	 -0.591421 	 0.069199 	 0.087078 
-0.027465 	 -0.116043 	 -0.007558 	 -0.051366 
0.617704 	 0.623763 	 0.172075 	 -0.101365 
0.566616 	 0.361096 	 -0.067263 	 -0.453689 
0.669214 	 0.608342 	 0.121301 	 -0.232687 
0.559311 	 0.499515 	 0.026358 	 -0.324857 
0.365452 	 0.194742 	 0.537438 	 -0.364496 
0.796982 	 0.804566 	 -0.401087 	 -0.303222 
0.761200 	 0.687282 	 0.182757 	 -0.735163 
0.513955 	 0.459274 	 0.488348 	 0.576660 
0.121960 	 -0.150086 	 -0.160207 	 -0.543278 
0.177508 	 -0.055986 	 0.241259 	 0.373773 
0.133653 	 -0.107103 	 -0.550534 	 -0.296265 
0.182827 	 0.031542 	 -0.314990 	 -0.566774 
-0.162367 	 -0.317702 	 -0.609108 	 -0.459408 
-0.249606 	 -0.355503 	 -0.143355 	 -0.383808 
-0.481013 	 -0.649564 	 -0.112070 	 0.393495 
0.671025 	 0.620821 	 0.111527 	 0.229662 
-0.528774 	 -0.695407 	 0.733779 	 0.785928 
0.421971 	 0.280374 	 0.032025 	 -0.525802 
-0.284149 	 -0.447979 	 -0.630105 	 -0.681797 
0.030461 	 -0.072371 	 -0.052363 	 -0.312085 
0.558506 	 0.555433 	 0.299778 	 0.420915 
0.438559 	 0.287813 	 -0.485493 	 -0.666039 
-0.191045 	 -0.292105 	 -0.265378 	 0.292897 
0.203426 	 -0.001474 	 -0.127321 	 0.132482 
0.299248 	 0.128470 	 -0.519122 	 -0.449989 
0.911437 	 0.960157 	 0.694888 	 0.409384 
0.112642 	 -0.149922 	 0.046050 	 -0.076820 
0.249599 	 0.221558 	 -0.283009 	 -0.376951 
0.693577 	 0.749090 	 0.083623 	 -0.296766 
-0.163706 	 -0.368284 	 0.689602 	 0.663577 
0.670332 	 0.531728 	 -0.514863 	 -0.411827 
0.465517 	 0.237540 	 -0.069682 	 -0.363273 
0.526625 	 0.290332 	 0.517638 	 -0.523591 
-0.416958 	 -0.572217 	 0.295408 	 0.062812 
-0.225510 	 -0.533253 	 0.633341 	 0.540808 
0.619819 	 0.621669 	 0.225567 	 0.039110 
0.821770 	 0.884359 	 0.155504 	 -0.317260 
0.233316 	 -0.020442 	 0.317949 	 -0.206042 
0.342408 	 0.220609 	 0.057159 	 -0.245933 
0.870123 	 0.933898 	 0.687499 	 -0.780426 
-0.124076 	 -0.180856 	 -0.252961 	 -0.057572 
0.202412 	 0.176332 	 0.307232 	 0.217750 
0.456329 	 0.436955 	 -0.116704 	 -0.089529 
0.117245 	 -0.063709 	 -0.120464 	 -0.300988 
0.495718 	 0.309899 	 0.298313 	 0.200140 
0.545839 	 0.453369 	 0.102388 	 -0.035418 
0.465773 	 0.475885 	 -0.370166 	 -0.380976 
0.575658 	 0.138714 	 0.422582 	 0.025042 
0.730523 	 0.719687 	 -0.161781 	 0.644118 
0.299205 	 0.061679 	 0.236867 	 0.061799 
-0.765305 	 -0.952851 	 0.598771 	 0.888491 
0.879199 	 0.838798 	 0.367347 	 -0.668503 
0.208546 	 0.186838 	 0.504732 	 -0.175821 
0.484666 	 0.419533 	 -0.291096 	 -0.253636 
0.501358 	 0.436253 	 0.460816 	 -0.091105 
0.712411 	 0.668658 	 0.063296 	 -0.555711 
0.209012 	 -0.323430 	 -0.048123 	 0.695226 
0.023702 	 -0.413672 	 -0.282877 	 0.605107 
0.104749 	 -0.023430 	 0.537146 	 0.058138 
0.126220 	 0.045601 	 -0.033150 	 0.366954 
0.226602 	 -0.089461 	 -0.477936 	 0.095560 
