3 	 -4 	0.000000 	0.373426 	0.373426 	30.354500 	0.111169 	0.097546 	0.111169 	0.097546 	0.102288 	0.092950 	0.102288 	0.092950 	1.000000 	0.000000 	0.386085 	0.000000 	0.000000 	0.000000 	0.998498 	0.000000 	
3 	 -4 	0.000000 	0.373910 	0.373910 	30.374700 	0.118146 	0.101042 	0.118146 	0.101042 	0.095956 	0.089563 	0.095956 	0.089563 	1.000000 	0.000000 	0.383382 	0.000000 	0.000000 	0.000000 	0.990661 	0.000000 	
3 	 -4 	0.000000 	0.375185 	0.375185 	30.427700 	0.127799 	0.105730 	0.127799 	0.105730 	0.088002 	0.085161 	0.088002 	0.085161 	0.999999 	0.000000 	0.376362 	0.000000 	-0.000000 	0.000000 	0.970337 	0.000000 	
3 	 -4 	0.000000 	0.377139 	0.377139 	30.509200 	0.137768 	0.110412 	0.137768 	0.110412 	0.080636 	0.080924 	0.080636 	0.080924 	0.999999 	0.000000 	0.365902 	0.000000 	0.000000 	0.000000 	0.940143 	0.000000 	
3 	 -4 	0.000000 	0.379713 	0.379713 	30.616500 	0.147960 	0.115049 	0.147960 	0.115049 	0.073868 	0.076879 	0.073868 	0.076879 	0.999998 	0.000000 	0.352653 	0.000000 	0.000000 	0.000000 	0.902043 	0.000000 	
3 	 -4 	0.000000 	0.382838 	0.382838 	30.746900 	0.158300 	0.119623 	0.158300 	0.119623 	0.067682 	0.073038 	0.067682 	0.073038 	0.999998 	0.000000 	0.337306 	0.000000 	0.000000 	0.000000 	0.858122 	0.000000 	
3 	 -4 	0.000000 	0.386446 	0.386446 	30.897800 	0.168729 	0.124117 	0.168729 	0.124117 	0.062043 	0.069405 	0.062043 	0.069405 	0.999998 	0.000000 	0.320538 	0.000000 	0.000000 	0.000000 	0.810424 	0.000000 	
3 	 -4 	0.000000 	0.390474 	0.390474 	31.066400 	0.179199 	0.128525 	0.179199 	0.128525 	0.056912 	0.065979 	0.056912 	0.065979 	0.999999 	0.000000 	0.302950 	0.000000 	0.000000 	0.000000 	0.760722 	0.000000 	
3 	 -4 	0.000000 	0.394865 	0.394865 	31.250500 	0.189674 	0.132847 	0.189674 	0.132847 	0.052246 	0.062753 	0.052246 	0.062753 	0.999996 	0.000000 	0.710486 	0.000000 	-0.000000 	0.000000 	0.285041 	0.000000 	
3 	 -4 	0.000000 	0.399567 	0.399567 	31.448100 	0.200131 	0.137085 	0.200131 	0.137085 	0.047999 	0.059715 	0.047999 	0.059715 	0.999999 	0.000000 	0.660833 	0.000000 	-0.000000 	0.000000 	0.267205 	0.000000 	
3 	 -4 	0.000000 	0.404539 	0.404539 	31.657400 	0.210551 	0.141242 	0.210551 	0.141242 	0.044133 	0.056857 	0.044133 	0.056857 	0.999999 	0.000000 	0.612616 	0.000000 	0.000000 	0.000000 	0.249741 	0.000000 	
3 	 -4 	0.000000 	0.409743 	0.409743 	31.876900 	0.220921 	0.145326 	0.220921 	0.145326 	0.040607 	0.054166 	0.040607 	0.054166 	0.999999 	0.000000 	0.232863 	0.000000 	0.000000 	0.000000 	0.566417 	0.000000 	
3 	 -4 	0.000000 	0.415150 	0.415150 	32.105500 	0.231235 	0.149341 	0.231235 	0.149341 	0.037389 	0.051632 	0.037389 	0.051632 	0.999999 	0.000000 	0.522615 	0.000000 	0.216716 	0.000000 	0.000000 	0.000000 	
3 	 -4 	0.000000 	0.420733 	0.420733 	32.342100 	0.241486 	0.153296 	0.241486 	0.153296 	0.034447 	0.049244 	0.034447 	0.049244 	0.999999 	0.000000 	0.481425 	0.000000 	0.201392 	0.000000 	0.000000 	0.000000 	
3 	 -4 	0.000000 	0.426471 	0.426471 	32.585800 	0.251676 	0.157194 	0.251676 	0.157194 	0.031754 	0.046989 	0.031754 	0.046989 	0.999999 	0.000000 	0.442943 	0.000000 	0.186941 	0.000000 	0.000000 	0.000000 	
3 	 -4 	0.000000 	0.432345 	0.432345 	32.835900 	0.261799 	0.161042 	0.261799 	0.161042 	0.029286 	0.044861 	0.029286 	0.044861 	1.000000 	0.000000 	0.407175 	0.000000 	0.000000 	0.000000 	0.173382 	0.000000 	
3 	 -4 	0.000000 	0.438340 	0.438340 	33.091800 	0.271856 	0.164847 	0.271856 	0.164847 	0.027021 	0.042850 	0.027021 	0.042850 	1.000000 	0.000000 	0.374066 	0.000000 	0.000000 	0.000000 	0.160709 	0.000000 	
3 	 -4 	0.000000 	0.444442 	0.444442 	33.352900 	0.281850 	0.168613 	0.281850 	0.168613 	0.024940 	0.040949 	0.024940 	0.040949 	0.999999 	0.000000 	0.343520 	0.000000 	0.000000 	0.000000 	0.148903 	0.000000 	
3 	 -4 	0.000000 	0.450641 	0.450641 	33.618900 	0.291782 	0.172344 	0.291782 	0.172344 	0.023026 	0.039149 	0.023026 	0.039149 	0.999999 	0.000000 	0.315406 	0.000000 	0.000000 	0.000000 	0.137932 	0.000000 	
3 	 -4 	0.000000 	0.456926 	0.456926 	33.889200 	0.301652 	0.176044 	0.301652 	0.176044 	0.021264 	0.037443 	0.021264 	0.037443 	0.999999 	0.000000 	0.289584 	0.000000 	0.000000 	0.000000 	0.127757 	0.000000 	
3 	 -4 	0.000000 	0.463289 	0.463289 	34.163600 	0.311462 	0.179718 	0.311462 	0.179718 	0.019641 	0.035826 	0.019641 	0.035826 	0.999999 	0.000000 	0.118333 	0.000000 	0.000000 	0.000000 	0.265903 	0.000000 	
3 	 -4 	0.000000 	0.469724 	0.469724 	34.441800 	0.321216 	0.183369 	0.321216 	0.183369 	0.018145 	0.034291 	0.018145 	0.034291 	0.999999 	0.000000 	0.109617 	0.000000 	0.000000 	0.000000 	0.244210 	0.000000 	
3 	 -4 	0.000000 	0.476222 	0.476222 	34.723500 	0.330914 	0.186999 	0.330914 	0.186999 	0.016764 	0.032834 	0.016764 	0.032834 	1.000000 	0.000000 	0.224355 	0.000000 	0.101562 	0.000000 	0.000000 	0.000000 	
3 	 -4 	0.000000 	0.482779 	0.482779 	35.008500 	0.340557 	0.190611 	0.340557 	0.190611 	0.015489 	0.031449 	0.015489 	0.031449 	0.999221 	0.000000 	0.093766 	0.000000 	0.000000 	0.000000 	0.198646 	0.000000 	
3 	 -4 	0.000000 	0.489391 	0.489391 	35.296700 	0.350152 	0.194208 	0.350152 	0.194208 	0.014312 	0.030133 	0.014312 	0.030133 	0.999183 	0.000000 	0.086934 	0.000000 	0.000000 	0.000000 	0.182117 	0.000000 	
3 	 -4 	0.000000 	0.496053 	0.496053 	35.587700 	0.359698 	0.197792 	0.359698 	0.197792 	0.013225 	0.028881 	0.013225 	0.028881 	0.999148 	0.000000 	0.080629 	0.000000 	0.000000 	0.000000 	0.167014 	0.000000 	
3 	 -4 	0.000000 	0.502760 	0.502760 	35.881500 	0.369196 	0.201366 	0.369196 	0.201366 	0.012220 	0.027688 	0.012220 	0.027688 	0.999106 	0.000000 	0.074808 	0.000000 	0.000000 	0.000000 	0.153022 	0.000000 	
3 	 -4 	0.000000 	0.509510 	0.509510 	36.177900 	0.378648 	0.204929 	0.378648 	0.204929 	0.011291 	0.026552 	0.011291 	0.026552 	0.999069 	0.000000 	0.069433 	0.000000 	0.000000 	0.000000 	0.140353 	0.000000 	
3 	 -4 	0.000000 	0.516299 	0.516299 	36.476900 	0.388056 	0.208485 	0.388056 	0.208485 	0.010432 	0.025470 	0.010432 	0.025470 	0.999032 	0.000000 	0.064471 	0.000000 	0.000000 	0.000000 	0.128745 	0.000000 	
3 	 -4 	0.000000 	0.523125 	0.523125 	36.778200 	0.397424 	0.212033 	0.397424 	0.212033 	0.009637 	0.024438 	0.009637 	0.024438 	0.999832 	0.000000 	0.118800 	0.000000 	0.059889 	0.000000 	-0.000000 	0.000000 	
3 	 -4 	0.000000 	0.529985 	0.529985 	37.081800 	0.406755 	0.215575 	0.406755 	0.215575 	0.008902 	0.023453 	0.008902 	0.023453 	0.999819 	0.000000 	0.109028 	0.000000 	0.055656 	0.000000 	0.000000 	0.000000 	
3 	 -4 	0.000000 	0.536877 	0.536877 	37.387500 	0.416047 	0.219115 	0.416047 	0.219115 	0.008222 	0.022513 	0.008222 	0.022513 	0.999806 	0.000000 	0.100062 	0.000000 	0.051744 	0.000000 	0.000000 	0.000000 	
3 	 -4 	0.000000 	0.543798 	0.543798 	37.695400 	0.425303 	0.222650 	0.425303 	0.222650 	0.007593 	0.021614 	0.007593 	0.021614 	0.999768 	0.000000 	0.091749 	0.000000 	0.048129 	0.000000 	0.000000 	0.000000 	
3 	 -4 	0.000000 	0.550748 	0.550748 	38.005200 	0.434521 	0.226183 	0.434521 	0.226183 	0.007011 	0.020756 	0.007011 	0.020756 	0.999755 	0.000000 	0.084188 	0.000000 	0.044786 	0.000000 	-0.000000 	0.000000 	
3 	 -4 	0.000000 	0.557723 	0.557723 	38.317000 	0.443705 	0.229713 	0.443705 	0.229713 	0.006472 	0.019936 	0.006472 	0.019936 	0.999744 	0.000000 	0.077236 	0.000000 	0.041693 	0.000000 	0.000000 	0.000000 	
3 	 -4 	0.000000 	0.564723 	0.564723 	38.630600 	0.452862 	0.233242 	0.452862 	0.233242 	0.005974 	0.019151 	0.005974 	0.019151 	0.999709 	0.000000 	0.070787 	0.000000 	0.038830 	0.000000 	0.000000 	0.000000 	
3 	 -4 	0.000000 	0.571747 	0.571747 	38.946000 	0.461984 	0.236769 	0.461984 	0.236769 	0.005513 	0.018401 	0.005513 	0.018401 	0.999699 	0.000000 	0.064898 	0.000000 	0.036180 	0.000000 	0.000000 	0.000000 	
3 	 -4 	0.000000 	0.578792 	0.578792 	39.263100 	0.471076 	0.240297 	0.471076 	0.240297 	0.005086 	0.017683 	0.005086 	0.017683 	0.999690 	0.000000 	0.059469 	0.000000 	0.033724 	0.000000 	0.000000 	0.000000 	
3 	 -4 	0.000000 	0.585858 	0.585858 	39.581900 	0.480138 	0.243825 	0.480138 	0.243825 	0.004692 	0.016995 	0.004692 	0.016995 	0.999401 	0.000000 	0.054253 	0.000000 	0.000000 	0.000000 	0.031447 	0.000000 	
3 	 -4 	0.000000 	0.592943 	0.592943 	39.902300 	0.489175 	0.247355 	0.489175 	0.247355 	0.004327 	0.016337 	0.004327 	0.016337 	0.999399 	0.000000 	0.049637 	0.000000 	0.000000 	0.000000 	0.029336 	0.000000 	
3 	 -4 	0.000000 	0.600046 	0.600046 	40.224200 	0.498185 	0.250883 	0.498185 	0.250883 	0.003990 	0.015706 	0.003990 	0.015706 	0.999398 	0.000000 	0.045370 	0.000000 	0.000000 	0.000000 	0.027377 	0.000000 	
3 	 -4 	0.000000 	0.607167 	0.607167 	40.547600 	0.507159 	0.254414 	0.507159 	0.254414 	0.003678 	0.015102 	0.003678 	0.015102 	0.999837 	0.000000 	0.041657 	0.000000 	0.025558 	0.000000 	0.000000 	0.000000 	
3 	 -4 	0.000000 	0.614304 	0.614304 	40.872400 	0.516118 	0.257945 	0.516118 	0.257945 	0.003390 	0.014522 	0.003390 	0.014522 	0.999837 	0.000000 	0.037995 	0.000000 	0.023869 	0.000000 	-0.000000 	0.000000 	
3 	 -4 	0.000000 	0.621457 	0.621457 	41.198700 	0.525053 	0.261479 	0.525053 	0.261479 	0.003123 	0.013966 	0.003123 	0.013966 	0.999838 	0.000000 	0.034599 	0.000000 	0.022299 	0.000000 	0.000000 	0.000000 	
3 	 -4 	0.000000 	0.628624 	0.628624 	41.526300 	0.533971 	0.265013 	0.533971 	0.265013 	0.002877 	0.013433 	0.002877 	0.013433 	0.999751 	0.000000 	0.031369 	0.000000 	0.000000 	0.000000 	0.020839 	0.000000 	
3 	 -4 	0.000000 	0.635806 	0.635806 	41.855200 	0.542858 	0.268551 	0.542858 	0.268551 	0.002650 	0.012921 	0.002650 	0.012921 	0.999756 	0.000000 	0.028447 	0.000000 	0.000000 	0.000000 	0.019481 	0.000000 	
3 	 -4 	0.000000 	0.643000 	0.643000 	42.185300 	0.551723 	0.272089 	0.551723 	0.272089 	0.002440 	0.012430 	0.002440 	0.012430 	0.999761 	0.000000 	0.025730 	0.000000 	0.000000 	0.000000 	0.018217 	0.000000 	
3 	 -4 	0.000000 	0.650208 	0.650208 	42.516700 	0.560567 	0.275631 	0.560567 	0.275631 	0.002246 	0.011959 	0.002246 	0.011959 	0.999824 	0.000000 	0.023234 	0.000000 	0.000000 	0.000000 	0.017040 	0.000000 	
3 	 -4 	0.000000 	0.657427 	0.657427 	42.849300 	0.569390 	0.279172 	0.569390 	0.279172 	0.002067 	0.011507 	0.002067 	0.011507 	0.999828 	0.000000 	0.020878 	0.000000 	0.000000 	0.000000 	0.015944 	0.000000 	
3 	 -4 	0.000000 	0.664657 	0.664657 	43.183000 	0.578192 	0.282720 	0.578192 	0.282720 	0.001901 	0.011072 	0.001901 	0.011072 	0.999833 	0.000000 	0.018680 	0.000000 	0.000000 	0.000000 	0.014922 	0.000000 	
3 	 -4 	0.000000 	0.671899 	0.671899 	43.517800 	0.586966 	0.286266 	0.586966 	0.286266 	0.001749 	0.010655 	0.001749 	0.010655 	0.999939 	0.000000 	0.016633 	0.000000 	0.013969 	0.000000 	-0.000000 	0.000000 	
3 	 -4 	0.000000 	0.679150 	0.679150 	43.853700 	0.595728 	0.289818 	0.595728 	0.289818 	0.001608 	0.010254 	0.001608 	0.010254 	0.999942 	0.000000 	0.014716 	0.000000 	0.013080 	0.000000 	0.000000 	0.000000 	
3 	 -4 	0.000000 	0.686412 	0.686412 	44.190700 	0.604470 	0.293371 	0.604470 	0.293371 	0.001478 	0.009868 	0.001478 	0.009868 	0.999944 	0.000000 	0.012924 	0.000000 	0.012250 	0.000000 	-0.000000 	0.000000 	
3 	 -4 	0.000000 	0.693682 	0.693682 	44.528700 	0.613197 	0.296926 	0.613197 	0.296926 	0.001358 	0.009498 	0.001358 	0.009498 	0.999938 	0.000000 	0.011239 	0.000000 	0.000000 	0.000000 	0.011476 	0.000000 	
3 	 -4 	0.000000 	0.700962 	0.700962 	44.867700 	0.621906 	0.300485 	0.621906 	0.300485 	0.001248 	0.009142 	0.001248 	0.009142 	0.999941 	0.000000 	0.010753 	0.000000 	0.009667 	0.000000 	0.000000 	0.000000 	
3 	 -4 	0.000000 	0.708250 	0.708250 	45.207600 	0.630598 	0.304044 	0.630598 	0.304044 	0.001146 	0.008800 	0.001146 	0.008800 	0.999943 	0.000000 	0.008191 	0.000000 	0.000000 	0.000000 	0.010077 	0.000000 	
3 	 -4 	0.000000 	0.715546 	0.715546 	45.548400 	0.639276 	0.307608 	0.639276 	0.307608 	0.001053 	0.008470 	0.001053 	0.008470 	0.999923 	0.000000 	0.009446 	0.000000 	0.006793 	0.000000 	0.000000 	0.000000 	
3 	 -4 	0.000000 	0.722849 	0.722849 	45.890200 	0.647933 	0.311174 	0.647933 	0.311174 	0.000967 	0.008154 	0.000967 	0.008154 	0.999926 	0.000000 	0.008855 	0.000000 	0.005491 	0.000000 	0.000000 	0.000000 	
3 	 -4 	0.000000 	0.730160 	0.730160 	46.232800 	0.656572 	0.314740 	0.656572 	0.314740 	0.000887 	0.007849 	0.000887 	0.007849 	0.999930 	0.000000 	0.008303 	0.000000 	0.004265 	0.000000 	0.000000 	0.000000 	
3 	 -4 	0.000000 	0.737478 	0.737478 	46.576300 	0.665192 	0.318313 	0.665192 	0.318313 	0.000814 	0.007556 	0.000814 	0.007556 	0.999896 	0.000000 	0.007786 	0.000000 	0.003096 	0.000000 	-0.000000 	0.000000 	
3 	 -4 	0.000000 	0.744803 	0.744803 	46.920600 	0.673799 	0.321886 	0.673799 	0.321886 	0.000747 	0.007274 	0.000747 	0.007274 	0.999902 	0.000000 	0.007303 	0.000000 	0.002008 	0.000000 	-0.000000 	0.000000 	
3 	 -4 	0.000000 	0.752133 	0.752133 	47.265700 	0.682390 	0.325460 	0.682390 	0.325460 	0.000685 	0.007003 	0.000685 	0.007003 	0.999906 	0.000000 	0.006850 	0.000000 	0.000980 	0.000000 	0.000000 	0.000000 	
3 	 -4 	0.000000 	0.759470 	0.759470 	47.611600 	0.690959 	0.329040 	0.690959 	0.329040 	0.000628 	0.006742 	0.000628 	0.006742 	0.999911 	0.000000 	0.006427 	0.000000 	-0.000014 	0.000000 	0.000000 	0.000000 	
3 	 -4 	0.000000 	0.766813 	0.766813 	47.958300 	0.699518 	0.332618 	0.699518 	0.332618 	0.000575 	0.006491 	0.000575 	0.006491 	0.999916 	0.000000 	0.006030 	0.000000 	0.000000 	0.000000 	-0.000932 	0.000000 	
3 	 -4 	0.000000 	0.774161 	0.774161 	48.305700 	0.708061 	0.336204 	0.708061 	0.336204 	0.000527 	0.006249 	0.000527 	0.006249 	0.999921 	0.000000 	0.005658 	0.000000 	-0.000000 	0.000000 	-0.001801 	0.000000 	
3 	 -4 	0.000000 	0.781515 	0.781515 	48.653800 	0.716600 	0.339788 	0.716600 	0.339788 	0.000483 	0.006016 	0.000483 	0.006016 	0.999953 	0.000000 	0.005310 	0.000000 	-0.002616 	0.000000 	-0.000000 	0.000000 	
3 	 -4 	0.000000 	0.788873 	0.788873 	49.002600 	0.725116 	0.343376 	0.725116 	0.343376 	0.000443 	0.005792 	0.000443 	0.005792 	0.999956 	0.000000 	0.004983 	0.000000 	-0.003400 	0.000000 	-0.000000 	0.000000 	
3 	 -4 	0.000000 	0.796237 	0.796237 	49.352100 	0.733616 	0.346968 	0.733616 	0.346968 	0.000405 	0.005576 	0.000405 	0.005576 	0.999959 	0.000000 	0.004677 	0.000000 	-0.004145 	0.000000 	-0.000000 	0.000000 	
3 	 -4 	0.000000 	0.803604 	0.803604 	49.702200 	0.742103 	0.350559 	0.742103 	0.350559 	0.000371 	0.005369 	0.000371 	0.005369 	0.999980 	0.000000 	-0.004855 	0.000000 	0.004390 	0.000000 	0.000000 	0.000000 	
3 	 -4 	0.000000 	0.810977 	0.810977 	50.053000 	0.750575 	0.354152 	0.750575 	0.354152 	0.000340 	0.005169 	0.000340 	0.005169 	0.999982 	0.000000 	-0.005530 	0.000000 	0.004121 	0.000000 	0.000000 	0.000000 	
3 	 -4 	0.000000 	0.818353 	0.818353 	50.404400 	0.759034 	0.357752 	0.759034 	0.357752 	0.000311 	0.004976 	0.000311 	0.004976 	0.999955 	0.000000 	0.003869 	0.000000 	-0.000000 	0.000000 	-0.006183 	0.000000 	
3 	 -4 	0.000000 	0.825734 	0.825734 	50.756400 	0.767477 	0.361351 	0.767477 	0.361351 	0.000284 	0.004791 	0.000284 	0.004791 	0.999959 	0.000000 	0.003632 	0.000000 	-0.000000 	0.000000 	-0.006798 	0.000000 	
3 	 -4 	0.000000 	0.833118 	0.833118 	51.109100 	0.775909 	0.364950 	0.775909 	0.364950 	0.000260 	0.004612 	0.000260 	0.004612 	0.999961 	0.000000 	0.003410 	0.000000 	-0.000000 	0.000000 	-0.007386 	0.000000 	
3 	 -4 	0.000000 	0.840506 	0.840506 	51.462300 	0.784326 	0.368555 	0.784326 	0.368555 	0.000238 	0.004440 	0.000238 	0.004440 	0.999964 	0.000000 	0.003202 	0.000000 	-0.000000 	0.000000 	-0.007948 	0.000000 	
3 	 -4 	0.000000 	0.847898 	0.847898 	51.816000 	0.792731 	0.372160 	0.792731 	0.372160 	0.000217 	0.004275 	0.000217 	0.004275 	0.999973 	0.000000 	0.003006 	0.000000 	-0.000000 	0.000000 	-0.008486 	0.000000 	
3 	 -4 	0.000000 	0.855292 	0.855292 	52.170400 	0.801122 	0.375767 	0.801122 	0.375767 	0.000199 	0.004115 	0.000199 	0.004115 	0.999975 	0.000000 	0.002823 	0.000000 	-0.000000 	0.000000 	-0.009003 	0.000000 	
3 	 -4 	0.000000 	0.862691 	0.862691 	52.525200 	0.809500 	0.379379 	0.809500 	0.379379 	0.000181 	0.003961 	0.000181 	0.003961 	0.999977 	0.000000 	0.002650 	0.000000 	-0.000000 	0.000000 	-0.009500 	0.000000 	
3 	 -4 	0.000000 	0.870092 	0.870092 	52.880600 	0.817866 	0.382988 	0.817866 	0.382988 	0.000166 	0.003813 	0.000166 	0.003813 	0.999994 	0.000000 	-0.009976 	0.000000 	0.002489 	0.000000 	0.000000 	0.000000 	
3 	 -4 	0.000000 	0.877496 	0.877496 	53.236500 	0.826219 	0.386604 	0.826219 	0.386604 	0.000151 	0.003671 	0.000151 	0.003671 	0.999995 	0.000000 	-0.010436 	0.000000 	0.002337 	0.000000 	0.000000 	0.000000 	
3 	 -4 	0.000000 	0.884903 	0.884903 	53.592900 	0.834559 	0.390220 	0.834559 	0.390220 	0.000138 	0.003534 	0.000138 	0.003534 	0.999995 	0.000000 	-0.010880 	0.000000 	0.002194 	0.000000 	0.000000 	0.000000 	
3 	 -4 	0.000000 	0.892312 	0.892312 	53.949800 	0.842879 	0.393836 	0.842879 	0.393836 	0.000126 	0.003402 	0.000126 	0.003402 	0.999996 	0.000000 	-0.011310 	0.000000 	0.002061 	0.000000 	0.000000 	0.000000 	
3 	 -4 	0.000000 	0.899725 	0.899725 	54.307200 	0.851194 	0.397458 	0.851194 	0.397458 	0.000115 	0.003274 	0.000115 	0.003274 	0.999996 	0.000000 	-0.011723 	0.000000 	0.001935 	0.000000 	-0.000000 	0.000000 	
3 	 -4 	0.000000 	0.907139 	0.907139 	54.665000 	0.859497 	0.401078 	0.859497 	0.401078 	0.000105 	0.003152 	0.000105 	0.003152 	0.999997 	0.000000 	-0.012123 	0.000000 	0.001817 	0.000000 	0.000000 	0.000000 	
3 	 -4 	0.000000 	0.914556 	0.914556 	55.023300 	0.867790 	0.404700 	0.867790 	0.404700 	0.000096 	0.003033 	0.000096 	0.003033 	0.999997 	0.000000 	-0.012510 	0.000000 	0.001706 	0.000000 	-0.000000 	0.000000 	
3 	 -4 	0.000000 	0.921976 	0.921976 	55.382100 	0.876069 	0.408327 	0.876069 	0.408327 	0.000087 	0.002920 	0.000087 	0.002920 	0.999997 	0.000000 	-0.012886 	0.000000 	0.001602 	0.000000 	0.000000 	0.000000 	
3 	 -4 	0.000000 	0.929397 	0.929397 	55.741300 	0.884336 	0.411953 	0.884336 	0.411953 	0.000080 	0.002810 	0.000080 	0.002810 	0.999998 	0.000000 	-0.013250 	0.000000 	0.001504 	0.000000 	-0.000000 	0.000000 	
3 	 -4 	0.000000 	0.936821 	0.936821 	56.100900 	0.892598 	0.415579 	0.892598 	0.415579 	0.000073 	0.002704 	0.000073 	0.002704 	0.999998 	0.000000 	-0.013605 	0.000000 	0.001412 	0.000000 	0.000000 	0.000000 	
3 	 -4 	0.000000 	0.944246 	0.944246 	56.460900 	0.900842 	0.419212 	0.900842 	0.419212 	0.000066 	0.002603 	0.000066 	0.002603 	0.999998 	0.000000 	-0.013950 	0.000000 	0.001326 	0.000000 	0.000000 	0.000000 	
3 	 -4 	0.000000 	0.951674 	0.951674 	56.821300 	0.909075 	0.422844 	0.909075 	0.422844 	0.000060 	0.002505 	0.000060 	0.002505 	0.999998 	0.000000 	-0.014285 	0.000000 	0.001245 	0.000000 	-0.000000 	0.000000 	
3 	 -4 	0.000000 	0.959103 	0.959103 	57.182200 	0.917297 	0.426475 	0.917297 	0.426475 	0.000055 	0.002411 	0.000055 	0.002411 	0.999998 	0.000000 	-0.014613 	0.000000 	-0.000000 	0.000000 	0.001169 	0.000000 	
3 	 -4 	0.000000 	0.966534 	0.966534 	57.543400 	0.925507 	0.430112 	0.925507 	0.430112 	0.000050 	0.002320 	0.000050 	0.002320 	0.999998 	0.000000 	-0.014932 	0.000000 	-0.000000 	0.000000 	0.001097 	0.000000 	
3 	 -4 	0.000000 	0.973967 	0.973967 	57.905000 	0.933706 	0.433748 	0.933706 	0.433748 	0.000046 	0.002232 	0.000046 	0.002232 	0.999998 	0.000000 	-0.015244 	0.000000 	0.000000 	0.000000 	0.001030 	0.000000 	
3 	 -4 	0.000000 	0.981401 	0.981401 	58.267000 	0.941897 	0.437386 	0.941897 	0.437386 	0.000042 	0.002148 	0.000042 	0.002148 	0.999998 	0.000000 	-0.015550 	0.000000 	0.000000 	0.000000 	0.000967 	0.000000 	
3 	 -4 	0.000000 	0.988837 	0.988837 	58.629400 	0.950075 	0.441027 	0.950075 	0.441027 	0.000038 	0.002067 	0.000038 	0.002067 	0.999998 	0.000000 	-0.015849 	0.000000 	-0.000000 	0.000000 	0.000908 	0.000000 	
3 	 -4 	0.000000 	0.996274 	0.996274 	58.992200 	0.958242 	0.444665 	0.958242 	0.444665 	0.000034 	0.001988 	0.000034 	0.001988 	0.999998 	0.000000 	-0.016141 	0.000000 	-0.000000 	0.000000 	0.000852 	0.000000 	
3 	 -4 	0.000000 	1.003710 	1.003710 	59.355300 	0.966399 	0.448309 	0.966399 	0.448309 	0.000031 	0.001913 	0.000031 	0.001913 	0.999998 	0.000000 	0.000800 	0.000000 	0.000000 	0.000000 	-0.016428 	0.000000 	
3 	 -4 	0.000000 	1.011150 	1.011150 	59.718700 	0.974545 	0.451955 	0.974545 	0.451955 	0.000029 	0.001841 	0.000029 	0.001841 	0.999998 	0.000000 	0.000751 	0.000000 	0.000000 	0.000000 	-0.016709 	0.000000 	
3 	 -4 	0.000000 	1.018590 	1.018590 	60.082500 	0.982680 	0.455598 	0.982680 	0.455598 	0.000026 	0.001771 	0.000026 	0.001771 	0.999999 	0.000000 	0.000705 	0.000000 	0.000000 	0.000000 	-0.016986 	0.000000 	
3 	 -4 	0.000000 	1.026040 	1.026040 	60.446600 	0.990804 	0.459244 	0.990804 	0.459244 	0.000024 	0.001704 	0.000024 	0.001704 	0.999999 	0.000000 	-0.017257 	0.000000 	-0.000000 	0.000000 	0.000661 	0.000000 	
3 	 -4 	0.000000 	1.033480 	1.033480 	60.811100 	0.998918 	0.462896 	0.998918 	0.462896 	0.000021 	0.001639 	0.000021 	0.001639 	0.999999 	0.000000 	-0.017525 	0.000000 	-0.000000 	0.000000 	0.000621 	0.000000 	
3 	 -4 	0.000000 	1.040930 	1.040930 	61.175900 	1.007020 	0.466544 	1.007020 	0.466544 	0.000020 	0.001577 	0.000020 	0.001577 	0.999996 	0.000000 	-0.017791 	0.000000 	0.000000 	0.000000 	0.000583 	0.000000 	
3 	 -4 	0.000000 	1.048370 	1.048370 	61.541000 	1.015120 	0.470196 	1.015120 	0.470196 	0.000018 	0.001516 	0.000018 	0.001516 	0.999998 	0.000000 	0.000547 	0.000000 	0.000000 	0.000000 	-0.018050 	0.000000 	
3 	 -4 	0.000000 	1.055820 	1.055820 	61.906400 	1.023200 	0.473847 	1.023200 	0.473847 	0.000016 	0.001459 	0.000016 	0.001459 	0.999998 	0.000000 	0.000513 	0.000000 	-0.000000 	0.000000 	-0.018306 	0.000000 	
3 	 -4 	0.000000 	1.063270 	1.063270 	62.272100 	1.031280 	0.477499 	1.031280 	0.477499 	0.000015 	0.001403 	0.000015 	0.001403 	0.999998 	0.000000 	0.000481 	0.000000 	0.000000 	0.000000 	-0.018559 	0.000000 	
3 	 -4 	0.000000 	1.070720 	1.070720 	62.638200 	1.039350 	0.481156 	1.039350 	0.481156 	0.000013 	0.001350 	0.000013 	0.001350 	0.999999 	0.000000 	-0.018810 	0.000000 	0.000000 	0.000000 	0.000452 	0.000000 	
3 	 -4 	0.000000 	1.078170 	1.078170 	63.004500 	1.047400 	0.484808 	1.047400 	0.484808 	0.000012 	0.001298 	0.000012 	0.001298 	0.999999 	0.000000 	-0.019058 	0.000000 	-0.000000 	0.000000 	0.000424 	0.000000 	
3 	 -4 	0.000000 	1.085620 	1.085620 	63.371100 	1.055450 	0.488470 	1.055450 	0.488470 	0.000011 	0.001248 	0.000011 	0.001248 	0.999999 	0.000000 	-0.019303 	0.000000 	0.000000 	0.000000 	0.000397 	0.000000 	
3 	 -4 	0.000000 	1.093070 	1.093070 	63.738000 	1.063480 	0.492128 	1.063480 	0.492128 	0.000010 	0.001200 	0.000010 	0.001200 	1.000000 	0.000000 	-0.019544 	0.000000 	-0.000000 	0.000000 	0.000373 	0.000000 	
3 	 -4 	0.000000 	1.100520 	1.100520 	64.105200 	1.071510 	0.495788 	1.071510 	0.495788 	0.000009 	0.001154 	0.000009 	0.001154 	1.000000 	0.000000 	-0.019785 	0.000000 	0.000000 	0.000000 	0.000350 	0.000000 	
3 	 -4 	0.000000 	1.107980 	1.107980 	64.472700 	1.079530 	0.499445 	1.079530 	0.499445 	0.000008 	0.001110 	0.000008 	0.001110 	1.000000 	0.000000 	-0.020022 	0.000000 	-0.000000 	0.000000 	0.000328 	0.000000 	
3 	 -4 	0.000000 	1.115430 	1.115430 	64.840500 	1.087540 	0.503107 	1.087540 	0.503107 	0.000007 	0.001067 	0.000007 	0.001067 	1.000000 	0.000000 	-0.020257 	0.000000 	0.000000 	0.000000 	0.000308 	0.000000 	
3 	 -4 	0.000000 	1.122890 	1.122890 	65.208500 	1.095540 	0.506774 	1.095540 	0.506774 	0.000007 	0.001026 	0.000007 	0.001026 	1.000000 	0.000000 	-0.020492 	0.000000 	0.000000 	0.000000 	0.000289 	0.000000 	
3 	 -4 	0.000000 	1.130340 	1.130340 	65.576800 	1.103540 	0.510437 	1.103540 	0.510437 	0.000006 	0.000987 	0.000006 	0.000987 	1.000000 	0.000000 	-0.020723 	0.000000 	-0.000000 	0.000000 	0.000271 	0.000000 	
3 	 -4 	0.000000 	1.137800 	1.137800 	65.945300 	1.111520 	0.514101 	1.111520 	0.514101 	0.000006 	0.000949 	0.000006 	0.000949 	0.999999 	0.000000 	-0.020955 	0.000000 	0.000000 	0.000000 	0.000254 	0.000000 	
3 	 -4 	0.000000 	1.145250 	1.145250 	66.314200 	1.119490 	0.517768 	1.119490 	0.517768 	0.000005 	0.000912 	0.000005 	0.000912 	0.999999 	0.000000 	-0.021182 	0.000000 	-0.000000 	0.000000 	0.000238 	0.000000 	
3 	 -4 	0.000000 	1.152710 	1.152710 	66.683200 	1.127460 	0.521437 	1.127460 	0.521437 	0.000005 	0.000877 	0.000005 	0.000877 	1.000000 	0.000000 	-0.021410 	0.000000 	-0.000000 	0.000000 	0.000223 	0.000000 	
3 	 -4 	0.000000 	1.160170 	1.160170 	67.052500 	1.135420 	0.525104 	1.135420 	0.525104 	0.000004 	0.000843 	0.000004 	0.000843 	1.000000 	0.000000 	-0.021637 	0.000000 	-0.000000 	0.000000 	0.000209 	0.000000 	
3 	 -4 	0.000000 	1.167630 	1.167630 	67.422100 	1.143370 	0.528775 	1.143370 	0.528775 	0.000004 	0.000811 	0.000004 	0.000811 	1.000000 	0.000000 	-0.021860 	0.000000 	-0.000000 	0.000000 	0.000196 	0.000000 	
3 	 -4 	0.000000 	1.175090 	1.175090 	67.791900 	1.151310 	0.532441 	1.151310 	0.532441 	0.000003 	0.000779 	0.000003 	0.000779 	1.000000 	0.000000 	-0.022085 	0.000000 	-0.000000 	0.000000 	0.000184 	0.000000 	
3 	 -4 	0.000000 	1.182550 	1.182550 	68.162000 	1.159250 	0.536115 	1.159250 	0.536115 	0.000003 	0.000749 	0.000003 	0.000749 	1.000000 	0.000000 	-0.022307 	0.000000 	0.000000 	0.000000 	0.000172 	0.000000 	
3 	 -4 	0.000000 	1.190010 	1.190010 	68.532300 	1.167170 	0.539789 	1.167170 	0.539789 	0.000003 	0.000720 	0.000003 	0.000720 	1.000000 	0.000000 	-0.022530 	0.000000 	-0.000000 	0.000000 	0.000162 	0.000000 	
3 	 -4 	0.000000 	1.197470 	1.197470 	68.902800 	1.175090 	0.543458 	1.175090 	0.543458 	0.000003 	0.000692 	0.000003 	0.000692 	1.000000 	0.000000 	-0.022750 	0.000000 	0.000000 	0.000000 	0.000151 	0.000000 	
3 	 -4 	0.000000 	1.204930 	1.204930 	69.273500 	1.183000 	0.547137 	1.183000 	0.547137 	0.000002 	0.000665 	0.000002 	0.000665 	1.000000 	0.000000 	-0.022971 	0.000000 	0.000000 	0.000000 	0.000142 	0.000000 	
