0.000000 	 0.111446 
1.000000 	 0.111628 
2.000000 	 0.111179 
3.000000 	 0.110727 
4.000000 	 0.111403 
5.000000 	 0.111207 
6.000000 	 0.111217 
7.000000 	 0.111215 
8.000000 	 0.111256 
9.000000 	 0.111459 
10.000000 	 0.111618 
11.000000 	 0.112027 
12.000000 	 0.111921 
13.000000 	 0.111621 
14.000000 	 0.111828 
15.000000 	 0.112035 
16.000000 	 0.111848 
17.000000 	 0.112239 
18.000000 	 0.111665 
19.000000 	 0.111783 
20.000000 	 0.111788 
21.000000 	 0.112188 
22.000000 	 0.112103 
23.000000 	 0.112338 
24.000000 	 0.111755 
25.000000 	 0.112211 
26.000000 	 0.112378 
27.000000 	 0.112477 
28.000000 	 0.113224 
29.000000 	 0.112355 
30.000000 	 0.112116 
31.000000 	 0.111969 
32.000000 	 0.111997 
33.000000 	 0.112332 
34.000000 	 0.112684 
35.000000 	 0.112897 
36.000000 	 0.112322 
37.000000 	 0.112199 
38.000000 	 0.112505 
39.000000 	 0.112355 
40.000000 	 0.112412 
41.000000 	 0.112645 
42.000000 	 0.112302 
43.000000 	 0.112563 
44.000000 	 0.112677 
45.000000 	 0.112803 
46.000000 	 0.112034 
47.000000 	 0.111721 
48.000000 	 0.111571 
49.000000 	 0.111471 
50.000000 	 0.111967 
51.000000 	 0.112331 
52.000000 	 0.112205 
53.000000 	 0.111304 
54.000000 	 0.111126 
55.000000 	 0.111582 
56.000000 	 0.111598 
57.000000 	 0.111465 
58.000000 	 0.111654 
59.000000 	 0.111126 
60.000000 	 0.110610 
61.000000 	 0.110868 
62.000000 	 0.110961 
63.000000 	 0.111201 
64.000000 	 0.111184 
65.000000 	 0.111841 
66.000000 	 0.111960 
67.000000 	 0.112417 
68.000000 	 0.112797 
69.000000 	 0.113825 
70.000000 	 0.113895 
71.000000 	 0.113979 
72.000000 	 0.114340 
73.000000 	 0.114646 
74.000000 	 0.114790 
75.000000 	 0.114770 
76.000000 	 0.114914 
77.000000 	 0.115362 
78.000000 	 0.114726 
79.000000 	 0.114637 
80.000000 	 0.114898 
81.000000 	 0.114948 
82.000000 	 0.115261 
83.000000 	 0.115003 
84.000000 	 0.114399 
85.000000 	 0.114369 
86.000000 	 0.114562 
87.000000 	 0.114156 
88.000000 	 0.113940 
89.000000 	 0.113908 
90.000000 	 0.113849 
91.000000 	 0.113414 
92.000000 	 0.113867 
93.000000 	 0.114390 
94.000000 	 0.114263 
95.000000 	 0.114085 
96.000000 	 0.113447 
97.000000 	 0.113853 
98.000000 	 0.113960 
99.000000 	 0.114050 
100.000000 	 0.114881 
101.000000 	 0.115077 
102.000000 	 0.114874 
103.000000 	 0.114593 
104.000000 	 0.114987 
105.000000 	 0.115015 
106.000000 	 0.114482 
107.000000 	 0.114132 
108.000000 	 0.113711 
109.000000 	 0.113860 
110.000000 	 0.113707 
111.000000 	 0.113911 
112.000000 	 0.113849 
113.000000 	 0.114176 
114.000000 	 0.114431 
115.000000 	 0.114692 
116.000000 	 0.114442 
117.000000 	 0.114346 
118.000000 	 0.114095 
119.000000 	 0.114657 
120.000000 	 0.114798 
121.000000 	 0.114816 
122.000000 	 0.114457 
123.000000 	 0.114545 
124.000000 	 0.114247 
125.000000 	 0.114081 
126.000000 	 0.113295 
127.000000 	 0.112704 
128.000000 	 0.113221 
129.000000 	 0.112869 
130.000000 	 0.112371 
131.000000 	 0.111722 
132.000000 	 0.111539 
133.000000 	 0.110967 
134.000000 	 0.111274 
135.000000 	 0.111344 
136.000000 	 0.111272 
137.000000 	 0.110372 
138.000000 	 0.109939 
139.000000 	 0.110638 
140.000000 	 0.110815 
141.000000 	 0.110653 
142.000000 	 0.111269 
143.000000 	 0.110978 
144.000000 	 0.111146 
145.000000 	 0.111719 
146.000000 	 0.111339 
147.000000 	 0.111461 
148.000000 	 0.111080 
149.000000 	 0.111450 
150.000000 	 0.112204 
151.000000 	 0.112121 
152.000000 	 0.112155 
153.000000 	 0.111859 
154.000000 	 0.111964 
155.000000 	 0.112477 
156.000000 	 0.112746 
157.000000 	 0.112506 
158.000000 	 0.112735 
159.000000 	 0.112713 
160.000000 	 0.112791 
161.000000 	 0.113039 
162.000000 	 0.112875 
163.000000 	 0.113090 
164.000000 	 0.112560 
165.000000 	 0.112387 
166.000000 	 0.112574 
167.000000 	 0.112782 
168.000000 	 0.113284 
169.000000 	 0.112771 
170.000000 	 0.112732 
171.000000 	 0.112909 
172.000000 	 0.112822 
173.000000 	 0.112847 
174.000000 	 0.112620 
175.000000 	 0.112386 
176.000000 	 0.112166 
177.000000 	 0.111927 
178.000000 	 0.111638 
179.000000 	 0.111997 
180.000000 	 0.111808 
181.000000 	 0.112167 
182.000000 	 0.112788 
183.000000 	 0.112909 
184.000000 	 0.112630 
185.000000 	 0.112992 
186.000000 	 0.113110 
187.000000 	 0.112830 
188.000000 	 0.112548 
189.000000 	 0.112605 
190.000000 	 0.112861 
191.000000 	 0.112504 
192.000000 	 0.112879 
193.000000 	 0.112665 
194.000000 	 0.112947 
195.000000 	 0.112778 
196.000000 	 0.112648 
197.000000 	 0.112694 
198.000000 	 0.112884 
199.000000 	 0.112909 
200.000000 	 0.112913 
201.000000 	 0.112884 
202.000000 	 0.112792 
203.000000 	 0.113038 
204.000000 	 0.112745 
205.000000 	 0.112618 
206.000000 	 0.111881 
207.000000 	 0.111999 
208.000000 	 0.111743 
209.000000 	 0.111888 
210.000000 	 0.111784 
211.000000 	 0.111889 
212.000000 	 0.111887 
213.000000 	 0.111842 
214.000000 	 0.111436 
215.000000 	 0.111314 
216.000000 	 0.111830 
217.000000 	 0.111498 
218.000000 	 0.111935 
219.000000 	 0.111460 
220.000000 	 0.111370 
221.000000 	 0.111529 
222.000000 	 0.112445 
223.000000 	 0.112842 
224.000000 	 0.112593 
225.000000 	 0.112314 
226.000000 	 0.111873 
227.000000 	 0.112514 
228.000000 	 0.112732 
229.000000 	 0.112475 
230.000000 	 0.112069 
231.000000 	 0.112430 
232.000000 	 0.112061 
233.000000 	 0.112605 
234.000000 	 0.113130 
235.000000 	 0.113197 
236.000000 	 0.113514 
237.000000 	 0.113295 
238.000000 	 0.113000 
239.000000 	 0.113034 
240.000000 	 0.113081 
241.000000 	 0.112776 
242.000000 	 0.112495 
243.000000 	 0.112649 
244.000000 	 0.112816 
245.000000 	 0.113220 
246.000000 	 0.113339 
247.000000 	 0.113231 
248.000000 	 0.114165 
249.000000 	 0.114290 
250.000000 	 0.114518 
251.000000 	 0.114293 
252.000000 	 0.114078 
253.000000 	 0.114547 
254.000000 	 0.114287 
255.000000 	 0.113603 
256.000000 	 0.114028 
257.000000 	 0.114016 
258.000000 	 0.113926 
259.000000 	 0.113687 
260.000000 	 0.113676 
261.000000 	 0.113661 
262.000000 	 0.113632 
263.000000 	 0.113776 
264.000000 	 0.113133 
265.000000 	 0.112934 
266.000000 	 0.113354 
267.000000 	 0.113135 
268.000000 	 0.113210 
269.000000 	 0.112936 
270.000000 	 0.113376 
271.000000 	 0.113319 
272.000000 	 0.112952 
273.000000 	 0.112544 
274.000000 	 0.111890 
275.000000 	 0.111987 
276.000000 	 0.111815 
277.000000 	 0.111539 
278.000000 	 0.112027 
279.000000 	 0.112089 
280.000000 	 0.111808 
281.000000 	 0.112264 
282.000000 	 0.111922 
283.000000 	 0.112186 
284.000000 	 0.111853 
285.000000 	 0.111724 
286.000000 	 0.111693 
287.000000 	 0.112088 
288.000000 	 0.112067 
289.000000 	 0.112072 
290.000000 	 0.112500 
291.000000 	 0.112629 
292.000000 	 0.112202 
293.000000 	 0.112612 
294.000000 	 0.111974 
295.000000 	 0.111872 
296.000000 	 0.111088 
297.000000 	 0.110565 
298.000000 	 0.110559 
299.000000 	 0.110702 
300.000000 	 0.111087 
301.000000 	 0.110688 
302.000000 	 0.110499 
303.000000 	 0.110936 
304.000000 	 0.110911 
305.000000 	 0.110404 
306.000000 	 0.109488 
307.000000 	 0.109596 
308.000000 	 0.109769 
309.000000 	 0.109005 
310.000000 	 0.108160 
311.000000 	 0.108304 
312.000000 	 0.108439 
313.000000 	 0.108474 
314.000000 	 0.108527 
315.000000 	 0.108078 
316.000000 	 0.108388 
317.000000 	 0.108518 
318.000000 	 0.108302 
319.000000 	 0.108331 
320.000000 	 0.108611 
321.000000 	 0.108877 
322.000000 	 0.108291 
323.000000 	 0.108253 
324.000000 	 0.108299 
325.000000 	 0.108398 
326.000000 	 0.107805 
327.000000 	 0.107601 
328.000000 	 0.107631 
329.000000 	 0.107572 
330.000000 	 0.107392 
331.000000 	 0.107679 
332.000000 	 0.108042 
333.000000 	 0.107680 
334.000000 	 0.107925 
335.000000 	 0.108269 
336.000000 	 0.108462 
337.000000 	 0.108301 
338.000000 	 0.108415 
339.000000 	 0.108504 
340.000000 	 0.109351 
341.000000 	 0.109954 
342.000000 	 0.109602 
343.000000 	 0.110284 
344.000000 	 0.109943 
345.000000 	 0.109573 
346.000000 	 0.109608 
347.000000 	 0.109671 
348.000000 	 0.109755 
349.000000 	 0.109635 
350.000000 	 0.109096 
351.000000 	 0.108657 
352.000000 	 0.108296 
353.000000 	 0.107934 
354.000000 	 0.108652 
355.000000 	 0.108623 
356.000000 	 0.108500 
357.000000 	 0.108416 
358.000000 	 0.108745 
359.000000 	 0.109274 
360.000000 	 0.109421 
361.000000 	 0.109532 
362.000000 	 0.109295 
363.000000 	 0.108804 
364.000000 	 0.108772 
365.000000 	 0.108847 
366.000000 	 0.108598 
367.000000 	 0.108121 
368.000000 	 0.108371 
369.000000 	 0.108044 
370.000000 	 0.107905 
371.000000 	 0.107954 
372.000000 	 0.108454 
373.000000 	 0.108234 
374.000000 	 0.108464 
375.000000 	 0.108310 
376.000000 	 0.108081 
377.000000 	 0.108666 
378.000000 	 0.108379 
379.000000 	 0.108059 
380.000000 	 0.109064 
381.000000 	 0.109035 
382.000000 	 0.109633 
383.000000 	 0.110202 
384.000000 	 0.110468 
385.000000 	 0.111115 
386.000000 	 0.110546 
387.000000 	 0.110863 
388.000000 	 0.110736 
389.000000 	 0.111044 
390.000000 	 0.110927 
391.000000 	 0.111414 
392.000000 	 0.111325 
393.000000 	 0.111686 
394.000000 	 0.111436 
395.000000 	 0.111682 
396.000000 	 0.111903 
397.000000 	 0.112035 
398.000000 	 0.111804 
399.000000 	 0.111133 
400.000000 	 0.111362 
401.000000 	 0.111116 
402.000000 	 0.111600 
403.000000 	 0.111781 
404.000000 	 0.112019 
405.000000 	 0.111921 
406.000000 	 0.112084 
407.000000 	 0.112201 
408.000000 	 0.111935 
409.000000 	 0.111502 
410.000000 	 0.111642 
411.000000 	 0.111438 
412.000000 	 0.112225 
413.000000 	 0.111914 
414.000000 	 0.111789 
415.000000 	 0.111863 
416.000000 	 0.111903 
417.000000 	 0.112189 
418.000000 	 0.112307 
419.000000 	 0.112083 
420.000000 	 0.111967 
421.000000 	 0.112674 
422.000000 	 0.112916 
423.000000 	 0.112517 
424.000000 	 0.112531 
425.000000 	 0.112429 
426.000000 	 0.112406 
427.000000 	 0.112146 
428.000000 	 0.111735 
429.000000 	 0.111903 
430.000000 	 0.112132 
431.000000 	 0.112703 
432.000000 	 0.112492 
433.000000 	 0.112715 
434.000000 	 0.112880 
435.000000 	 0.113448 
436.000000 	 0.113752 
437.000000 	 0.113887 
438.000000 	 0.113963 
439.000000 	 0.113631 
440.000000 	 0.113514 
441.000000 	 0.113359 
442.000000 	 0.113344 
443.000000 	 0.113745 
444.000000 	 0.114000 
445.000000 	 0.114408 
446.000000 	 0.115000 
447.000000 	 0.114947 
448.000000 	 0.115220 
449.000000 	 0.115464 
450.000000 	 0.114600 
451.000000 	 0.114678 
452.000000 	 0.114127 
453.000000 	 0.114983 
454.000000 	 0.114706 
455.000000 	 0.114758 
456.000000 	 0.114641 
457.000000 	 0.114615 
458.000000 	 0.114797 
459.000000 	 0.114831 
460.000000 	 0.114401 
461.000000 	 0.115092 
462.000000 	 0.115023 
463.000000 	 0.114645 
464.000000 	 0.114412 
465.000000 	 0.114137 
466.000000 	 0.114601 
467.000000 	 0.114435 
468.000000 	 0.114368 
469.000000 	 0.114422 
470.000000 	 0.114912 
471.000000 	 0.114050 
472.000000 	 0.113939 
473.000000 	 0.114434 
474.000000 	 0.114478 
475.000000 	 0.114293 
476.000000 	 0.114517 
477.000000 	 0.114545 
478.000000 	 0.114737 
479.000000 	 0.114403 
480.000000 	 0.114751 
481.000000 	 0.114778 
482.000000 	 0.115045 
483.000000 	 0.113936 
484.000000 	 0.113703 
485.000000 	 0.113480 
486.000000 	 0.113370 
487.000000 	 0.113628 
488.000000 	 0.112903 
489.000000 	 0.112717 
490.000000 	 0.113246 
491.000000 	 0.112440 
492.000000 	 0.113053 
493.000000 	 0.112930 
494.000000 	 0.112580 
495.000000 	 0.112089 
496.000000 	 0.111745 
497.000000 	 0.112158 
498.000000 	 0.112102 
499.000000 	 0.111765 
500.000000 	 0.111747 
501.000000 	 0.111964 
502.000000 	 0.111268 
503.000000 	 0.112086 
504.000000 	 0.111957 
505.000000 	 0.111241 
506.000000 	 0.111269 
507.000000 	 0.111190 
508.000000 	 0.111528 
509.000000 	 0.111175 
510.000000 	 0.111460 
511.000000 	 0.110953 
512.000000 	 0.110656 
513.000000 	 0.111183 
514.000000 	 0.111524 
515.000000 	 0.111623 
516.000000 	 0.111689 
517.000000 	 0.111350 
518.000000 	 0.111150 
519.000000 	 0.111184 
520.000000 	 0.112031 
521.000000 	 0.112216 
522.000000 	 0.112129 
523.000000 	 0.111755 
524.000000 	 0.111509 
525.000000 	 0.111538 
526.000000 	 0.112085 
527.000000 	 0.111861 
528.000000 	 0.112585 
529.000000 	 0.112634 
530.000000 	 0.112612 
531.000000 	 0.112561 
532.000000 	 0.112600 
533.000000 	 0.112416 
534.000000 	 0.112178 
535.000000 	 0.111943 
536.000000 	 0.112287 
537.000000 	 0.112353 
538.000000 	 0.112055 
539.000000 	 0.112151 
540.000000 	 0.112222 
541.000000 	 0.112747 
542.000000 	 0.112474 
543.000000 	 0.112376 
544.000000 	 0.111887 
545.000000 	 0.111585 
546.000000 	 0.111122 
547.000000 	 0.111424 
548.000000 	 0.111423 
549.000000 	 0.111510 
550.000000 	 0.111060 
551.000000 	 0.111307 
552.000000 	 0.111379 
553.000000 	 0.111274 
554.000000 	 0.110789 
555.000000 	 0.111133 
556.000000 	 0.111201 
557.000000 	 0.110792 
558.000000 	 0.110684 
559.000000 	 0.110671 
560.000000 	 0.111314 
561.000000 	 0.111468 
562.000000 	 0.111129 
563.000000 	 0.111435 
564.000000 	 0.111835 
565.000000 	 0.111697 
566.000000 	 0.111627 
567.000000 	 0.111684 
568.000000 	 0.112090 
569.000000 	 0.112600 
570.000000 	 0.112888 
571.000000 	 0.112810 
572.000000 	 0.112822 
573.000000 	 0.112714 
574.000000 	 0.113018 
575.000000 	 0.112330 
576.000000 	 0.112577 
577.000000 	 0.113293 
578.000000 	 0.113344 
579.000000 	 0.113791 
580.000000 	 0.113956 
581.000000 	 0.113923 
582.000000 	 0.113449 
583.000000 	 0.114130 
584.000000 	 0.114339 
585.000000 	 0.114705 
586.000000 	 0.114947 
587.000000 	 0.114954 
588.000000 	 0.114604 
589.000000 	 0.114672 
590.000000 	 0.114558 
591.000000 	 0.115137 
592.000000 	 0.115048 
593.000000 	 0.115873 
594.000000 	 0.115595 
595.000000 	 0.115363 
596.000000 	 0.114855 
597.000000 	 0.114787 
598.000000 	 0.115263 
599.000000 	 0.114917 
600.000000 	 0.114893 
601.000000 	 0.115295 
602.000000 	 0.115109 
603.000000 	 0.114958 
604.000000 	 0.115260 
605.000000 	 0.115295 
606.000000 	 0.115099 
607.000000 	 0.114234 
608.000000 	 0.114227 
609.000000 	 0.114122 
610.000000 	 0.114255 
611.000000 	 0.113832 
612.000000 	 0.113278 
613.000000 	 0.113222 
614.000000 	 0.113376 
615.000000 	 0.113817 
616.000000 	 0.113932 
617.000000 	 0.113405 
618.000000 	 0.113758 
619.000000 	 0.113557 
620.000000 	 0.113871 
621.000000 	 0.113748 
622.000000 	 0.113766 
623.000000 	 0.114322 
624.000000 	 0.114436 
625.000000 	 0.114409 
626.000000 	 0.114752 
627.000000 	 0.115313 
628.000000 	 0.115213 
629.000000 	 0.114576 
630.000000 	 0.114504 
631.000000 	 0.114097 
632.000000 	 0.114338 
633.000000 	 0.113695 
634.000000 	 0.114238 
635.000000 	 0.113678 
636.000000 	 0.113439 
637.000000 	 0.113249 
638.000000 	 0.112998 
639.000000 	 0.113710 
640.000000 	 0.114122 
641.000000 	 0.114234 
642.000000 	 0.113985 
643.000000 	 0.114406 
644.000000 	 0.114376 
645.000000 	 0.114666 
646.000000 	 0.114762 
647.000000 	 0.115175 
648.000000 	 0.115249 
649.000000 	 0.114249 
650.000000 	 0.113638 
651.000000 	 0.113827 
652.000000 	 0.114593 
653.000000 	 0.114455 
654.000000 	 0.114715 
655.000000 	 0.114087 
656.000000 	 0.114066 
657.000000 	 0.113993 
658.000000 	 0.114080 
659.000000 	 0.113885 
660.000000 	 0.113814 
661.000000 	 0.113379 
662.000000 	 0.113450 
663.000000 	 0.114028 
664.000000 	 0.114439 
665.000000 	 0.114319 
666.000000 	 0.114192 
667.000000 	 0.113561 
668.000000 	 0.113012 
669.000000 	 0.112961 
670.000000 	 0.113250 
671.000000 	 0.113845 
672.000000 	 0.114404 
673.000000 	 0.114746 
674.000000 	 0.114952 
675.000000 	 0.115024 
676.000000 	 0.115642 
677.000000 	 0.116479 
678.000000 	 0.116354 
679.000000 	 0.116173 
680.000000 	 0.116228 
681.000000 	 0.115856 
682.000000 	 0.115455 
683.000000 	 0.114986 
684.000000 	 0.115072 
685.000000 	 0.115192 
686.000000 	 0.115553 
687.000000 	 0.115506 
688.000000 	 0.115430 
689.000000 	 0.115386 
690.000000 	 0.115139 
691.000000 	 0.115309 
692.000000 	 0.115322 
693.000000 	 0.114880 
694.000000 	 0.114981 
695.000000 	 0.114735 
696.000000 	 0.114914 
697.000000 	 0.114403 
698.000000 	 0.114316 
699.000000 	 0.113658 
700.000000 	 0.113162 
701.000000 	 0.113536 
702.000000 	 0.113722 
703.000000 	 0.114103 
704.000000 	 0.114463 
705.000000 	 0.114296 
706.000000 	 0.114048 
707.000000 	 0.113893 
708.000000 	 0.114034 
709.000000 	 0.113703 
710.000000 	 0.114092 
711.000000 	 0.114302 
712.000000 	 0.114531 
713.000000 	 0.114109 
714.000000 	 0.113832 
715.000000 	 0.113262 
716.000000 	 0.112538 
717.000000 	 0.112301 
718.000000 	 0.113077 
719.000000 	 0.113565 
720.000000 	 0.113675 
721.000000 	 0.113793 
722.000000 	 0.114060 
723.000000 	 0.114177 
724.000000 	 0.113932 
725.000000 	 0.113764 
726.000000 	 0.113768 
727.000000 	 0.113381 
728.000000 	 0.112755 
729.000000 	 0.112938 
730.000000 	 0.113154 
731.000000 	 0.113152 
732.000000 	 0.113036 
733.000000 	 0.113435 
734.000000 	 0.112676 
735.000000 	 0.112591 
736.000000 	 0.112782 
737.000000 	 0.112550 
738.000000 	 0.112851 
739.000000 	 0.112435 
740.000000 	 0.112687 
741.000000 	 0.112642 
742.000000 	 0.112230 
743.000000 	 0.112522 
744.000000 	 0.112353 
745.000000 	 0.111969 
746.000000 	 0.112154 
747.000000 	 0.111762 
748.000000 	 0.111976 
749.000000 	 0.111727 
750.000000 	 0.111836 
751.000000 	 0.111770 
752.000000 	 0.111668 
753.000000 	 0.111793 
754.000000 	 0.111983 
755.000000 	 0.111966 
756.000000 	 0.111745 
757.000000 	 0.112378 
758.000000 	 0.112533 
759.000000 	 0.111997 
760.000000 	 0.112429 
761.000000 	 0.112438 
762.000000 	 0.111995 
763.000000 	 0.111815 
764.000000 	 0.111886 
765.000000 	 0.111944 
766.000000 	 0.112121 
767.000000 	 0.112600 
768.000000 	 0.112085 
769.000000 	 0.112067 
770.000000 	 0.112607 
771.000000 	 0.112698 
772.000000 	 0.111862 
773.000000 	 0.111797 
774.000000 	 0.111905 
775.000000 	 0.111296 
776.000000 	 0.111541 
777.000000 	 0.111273 
778.000000 	 0.111525 
779.000000 	 0.111901 
780.000000 	 0.111603 
781.000000 	 0.111546 
782.000000 	 0.111466 
783.000000 	 0.111168 
784.000000 	 0.111943 
785.000000 	 0.111913 
786.000000 	 0.111788 
787.000000 	 0.111647 
788.000000 	 0.112216 
789.000000 	 0.112152 
790.000000 	 0.111743 
791.000000 	 0.111287 
792.000000 	 0.111372 
793.000000 	 0.111423 
794.000000 	 0.111340 
795.000000 	 0.111165 
796.000000 	 0.110482 
797.000000 	 0.110576 
798.000000 	 0.110606 
799.000000 	 0.110913 
800.000000 	 0.111424 
801.000000 	 0.111159 
802.000000 	 0.111123 
803.000000 	 0.111496 
804.000000 	 0.111124 
805.000000 	 0.110601 
806.000000 	 0.111260 
807.000000 	 0.111159 
808.000000 	 0.111208 
809.000000 	 0.111367 
810.000000 	 0.111168 
811.000000 	 0.111433 
812.000000 	 0.111999 
813.000000 	 0.111734 
814.000000 	 0.111964 
815.000000 	 0.111980 
816.000000 	 0.112189 
817.000000 	 0.112138 
818.000000 	 0.112500 
819.000000 	 0.111641 
820.000000 	 0.111580 
821.000000 	 0.111605 
822.000000 	 0.111724 
823.000000 	 0.111554 
824.000000 	 0.111233 
825.000000 	 0.110817 
826.000000 	 0.110715 
827.000000 	 0.110742 
828.000000 	 0.111254 
829.000000 	 0.111560 
830.000000 	 0.111509 
831.000000 	 0.111796 
832.000000 	 0.112493 
833.000000 	 0.112370 
834.000000 	 0.112554 
835.000000 	 0.112272 
836.000000 	 0.111645 
837.000000 	 0.111917 
838.000000 	 0.112100 
839.000000 	 0.112309 
840.000000 	 0.112205 
841.000000 	 0.111916 
842.000000 	 0.111410 
843.000000 	 0.111364 
844.000000 	 0.111621 
845.000000 	 0.111414 
846.000000 	 0.111115 
847.000000 	 0.111325 
848.000000 	 0.110649 
849.000000 	 0.110544 
850.000000 	 0.110925 
851.000000 	 0.111122 
852.000000 	 0.111026 
853.000000 	 0.111321 
854.000000 	 0.111358 
855.000000 	 0.111009 
856.000000 	 0.110770 
857.000000 	 0.110469 
858.000000 	 0.110861 
859.000000 	 0.110584 
860.000000 	 0.110158 
861.000000 	 0.110525 
862.000000 	 0.110806 
863.000000 	 0.110234 
864.000000 	 0.110182 
865.000000 	 0.110751 
866.000000 	 0.111386 
867.000000 	 0.111098 
868.000000 	 0.110886 
869.000000 	 0.110516 
870.000000 	 0.110831 
871.000000 	 0.111011 
872.000000 	 0.111598 
873.000000 	 0.111783 
874.000000 	 0.111861 
875.000000 	 0.111960 
876.000000 	 0.111592 
877.000000 	 0.111660 
878.000000 	 0.111825 
879.000000 	 0.111186 
880.000000 	 0.111351 
881.000000 	 0.111499 
882.000000 	 0.112048 
883.000000 	 0.112027 
884.000000 	 0.112342 
885.000000 	 0.111963 
886.000000 	 0.112291 
887.000000 	 0.112298 
888.000000 	 0.111890 
889.000000 	 0.111456 
890.000000 	 0.111452 
891.000000 	 0.112099 
892.000000 	 0.111768 
893.000000 	 0.111708 
894.000000 	 0.112330 
895.000000 	 0.112310 
896.000000 	 0.112724 
897.000000 	 0.112498 
898.000000 	 0.112522 
899.000000 	 0.112198 
900.000000 	 0.112209 
901.000000 	 0.112763 
902.000000 	 0.112886 
903.000000 	 0.113317 
904.000000 	 0.112823 
905.000000 	 0.112347 
906.000000 	 0.112127 
907.000000 	 0.111983 
908.000000 	 0.111684 
909.000000 	 0.111988 
910.000000 	 0.112330 
911.000000 	 0.112054 
912.000000 	 0.111922 
913.000000 	 0.112029 
914.000000 	 0.111958 
915.000000 	 0.112277 
916.000000 	 0.112507 
917.000000 	 0.112642 
918.000000 	 0.112870 
919.000000 	 0.112875 
920.000000 	 0.113208 
921.000000 	 0.113814 
922.000000 	 0.112940 
923.000000 	 0.113106 
924.000000 	 0.113292 
925.000000 	 0.113299 
926.000000 	 0.113383 
927.000000 	 0.113088 
928.000000 	 0.113146 
929.000000 	 0.113507 
930.000000 	 0.113464 
931.000000 	 0.113352 
932.000000 	 0.113362 
933.000000 	 0.113426 
934.000000 	 0.113691 
935.000000 	 0.113628 
936.000000 	 0.114178 
937.000000 	 0.114203 
938.000000 	 0.114459 
939.000000 	 0.114354 
940.000000 	 0.114139 
941.000000 	 0.114337 
942.000000 	 0.114175 
943.000000 	 0.114831 
944.000000 	 0.114970 
945.000000 	 0.115007 
946.000000 	 0.114744 
947.000000 	 0.115242 
948.000000 	 0.114925 
949.000000 	 0.114909 
950.000000 	 0.114983 
951.000000 	 0.114774 
952.000000 	 0.114190 
953.000000 	 0.114452 
954.000000 	 0.113962 
955.000000 	 0.113733 
956.000000 	 0.113210 
957.000000 	 0.113489 
958.000000 	 0.112768 
959.000000 	 0.112743 
960.000000 	 0.113266 
961.000000 	 0.113403 
962.000000 	 0.113989 
963.000000 	 0.114355 
964.000000 	 0.114533 
965.000000 	 0.114918 
966.000000 	 0.114825 
967.000000 	 0.115029 
968.000000 	 0.114614 
969.000000 	 0.114582 
970.000000 	 0.114001 
971.000000 	 0.113924 
972.000000 	 0.114099 
973.000000 	 0.114301 
974.000000 	 0.114884 
975.000000 	 0.114562 
976.000000 	 0.114731 
977.000000 	 0.115110 
978.000000 	 0.115301 
979.000000 	 0.115226 
980.000000 	 0.115444 
981.000000 	 0.115775 
982.000000 	 0.115789 
983.000000 	 0.115377 
984.000000 	 0.114831 
985.000000 	 0.115099 
986.000000 	 0.116002 
987.000000 	 0.116659 
988.000000 	 0.116548 
989.000000 	 0.117052 
990.000000 	 0.117299 
991.000000 	 0.117291 
992.000000 	 0.117642 
993.000000 	 0.117616 
994.000000 	 0.117796 
995.000000 	 0.118577 
996.000000 	 0.119575 
997.000000 	 0.118937 
998.000000 	 0.118982 
999.000000 	 0.118333 
1000.000000 	 0.118112 
1001.000000 	 0.118373 
1002.000000 	 0.118380 
1003.000000 	 0.117864 
1004.000000 	 0.117321 
1005.000000 	 0.117249 
1006.000000 	 0.116943 
1007.000000 	 0.116999 
1008.000000 	 0.116745 
1009.000000 	 0.116557 
1010.000000 	 0.116780 
1011.000000 	 0.117487 
1012.000000 	 0.117736 
1013.000000 	 0.117386 
1014.000000 	 0.116907 
1015.000000 	 0.116642 
1016.000000 	 0.116700 
1017.000000 	 0.117037 
1018.000000 	 0.117678 
1019.000000 	 0.117287 
1020.000000 	 0.116896 
1021.000000 	 0.116104 
1022.000000 	 0.115796 
1023.000000 	 0.116115 
1024.000000 	 0.116581 
1025.000000 	 0.116559 
1026.000000 	 0.116704 
1027.000000 	 0.116927 
1028.000000 	 0.117454 
1029.000000 	 0.117748 
1030.000000 	 0.118014 
1031.000000 	 0.118075 
1032.000000 	 0.118968 
1033.000000 	 0.119667 
1034.000000 	 0.118824 
1035.000000 	 0.118921 
1036.000000 	 0.118902 
1037.000000 	 0.118611 
1038.000000 	 0.118704 
1039.000000 	 0.118805 
1040.000000 	 0.119210 
1041.000000 	 0.118845 
1042.000000 	 0.118685 
1043.000000 	 0.118182 
1044.000000 	 0.117820 
1045.000000 	 0.116984 
1046.000000 	 0.117272 
1047.000000 	 0.117146 
1048.000000 	 0.116842 
1049.000000 	 0.117342 
1050.000000 	 0.117249 
1051.000000 	 0.117882 
1052.000000 	 0.117598 
1053.000000 	 0.117842 
1054.000000 	 0.117394 
1055.000000 	 0.117234 
1056.000000 	 0.117232 
1057.000000 	 0.117102 
1058.000000 	 0.116785 
1059.000000 	 0.116690 
1060.000000 	 0.116585 
1061.000000 	 0.116733 
1062.000000 	 0.116305 
1063.000000 	 0.115937 
1064.000000 	 0.116084 
1065.000000 	 0.116082 
1066.000000 	 0.115740 
1067.000000 	 0.115780 
1068.000000 	 0.115872 
1069.000000 	 0.116114 
1070.000000 	 0.116109 
1071.000000 	 0.116056 
1072.000000 	 0.116547 
1073.000000 	 0.115676 
1074.000000 	 0.115683 
1075.000000 	 0.115843 
1076.000000 	 0.115364 
1077.000000 	 0.115285 
1078.000000 	 0.114859 
1079.000000 	 0.115075 
1080.000000 	 0.115469 
1081.000000 	 0.114766 
1082.000000 	 0.115156 
1083.000000 	 0.115424 
1084.000000 	 0.115319 
1085.000000 	 0.115626 
1086.000000 	 0.115536 
1087.000000 	 0.115439 
1088.000000 	 0.115089 
1089.000000 	 0.114332 
1090.000000 	 0.115015 
1091.000000 	 0.114178 
1092.000000 	 0.113840 
1093.000000 	 0.114076 
1094.000000 	 0.114377 
1095.000000 	 0.114478 
1096.000000 	 0.114408 
1097.000000 	 0.114569 
1098.000000 	 0.114571 
1099.000000 	 0.114230 
1100.000000 	 0.114791 
1101.000000 	 0.114370 
1102.000000 	 0.114192 
1103.000000 	 0.113994 
1104.000000 	 0.113581 
1105.000000 	 0.113002 
1106.000000 	 0.112619 
1107.000000 	 0.111943 
1108.000000 	 0.112499 
1109.000000 	 0.113014 
1110.000000 	 0.113016 
1111.000000 	 0.113627 
1112.000000 	 0.113330 
1113.000000 	 0.113691 
1114.000000 	 0.113583 
1115.000000 	 0.114020 
1116.000000 	 0.114420 
1117.000000 	 0.114339 
1118.000000 	 0.113813 
1119.000000 	 0.113210 
1120.000000 	 0.113079 
1121.000000 	 0.112987 
1122.000000 	 0.112657 
1123.000000 	 0.113057 
1124.000000 	 0.113771 
1125.000000 	 0.113691 
1126.000000 	 0.114131 
1127.000000 	 0.113422 
1128.000000 	 0.114672 
1129.000000 	 0.114410 
1130.000000 	 0.114061 
1131.000000 	 0.114913 
1132.000000 	 0.115088 
1133.000000 	 0.115374 
1134.000000 	 0.115765 
1135.000000 	 0.115851 
1136.000000 	 0.116247 
1137.000000 	 0.115822 
1138.000000 	 0.115941 
1139.000000 	 0.115699 
1140.000000 	 0.115575 
1141.000000 	 0.115226 
1142.000000 	 0.115345 
1143.000000 	 0.115393 
1144.000000 	 0.115597 
1145.000000 	 0.115216 
1146.000000 	 0.115027 
1147.000000 	 0.115284 
1148.000000 	 0.115763 
1149.000000 	 0.115352 
1150.000000 	 0.115632 
1151.000000 	 0.115791 
1152.000000 	 0.115757 
1153.000000 	 0.115248 
1154.000000 	 0.114976 
1155.000000 	 0.115497 
1156.000000 	 0.115711 
1157.000000 	 0.115847 
1158.000000 	 0.116081 
1159.000000 	 0.115543 
1160.000000 	 0.115279 
1161.000000 	 0.114681 
1162.000000 	 0.114890 
1163.000000 	 0.114495 
1164.000000 	 0.114109 
1165.000000 	 0.114537 
1166.000000 	 0.113945 
1167.000000 	 0.113463 
1168.000000 	 0.114014 
1169.000000 	 0.113941 
1170.000000 	 0.114236 
1171.000000 	 0.113841 
1172.000000 	 0.113520 
1173.000000 	 0.113483 
1174.000000 	 0.113645 
1175.000000 	 0.113842 
1176.000000 	 0.113138 
1177.000000 	 0.113244 
1178.000000 	 0.113745 
1179.000000 	 0.113699 
1180.000000 	 0.113615 
1181.000000 	 0.113508 
1182.000000 	 0.113518 
1183.000000 	 0.113336 
1184.000000 	 0.112911 
1185.000000 	 0.113261 
1186.000000 	 0.113838 
1187.000000 	 0.113901 
1188.000000 	 0.113607 
1189.000000 	 0.113242 
1190.000000 	 0.112501 
1191.000000 	 0.112775 
1192.000000 	 0.113004 
1193.000000 	 0.113076 
1194.000000 	 0.112844 
1195.000000 	 0.112277 
1196.000000 	 0.112759 
1197.000000 	 0.112252 
1198.000000 	 0.112566 
1199.000000 	 0.112303 
1200.000000 	 0.112581 
1201.000000 	 0.113185 
1202.000000 	 0.112966 
1203.000000 	 0.113243 
1204.000000 	 0.113001 
1205.000000 	 0.113032 
1206.000000 	 0.112614 
1207.000000 	 0.112850 
1208.000000 	 0.113466 
1209.000000 	 0.113459 
1210.000000 	 0.112915 
1211.000000 	 0.113178 
1212.000000 	 0.112812 
1213.000000 	 0.112867 
1214.000000 	 0.113519 
1215.000000 	 0.113625 
1216.000000 	 0.113802 
1217.000000 	 0.113460 
1218.000000 	 0.113189 
1219.000000 	 0.113431 
1220.000000 	 0.112715 
1221.000000 	 0.112583 
1222.000000 	 0.112328 
1223.000000 	 0.111223 
1224.000000 	 0.111109 
1225.000000 	 0.111102 
1226.000000 	 0.110933 
1227.000000 	 0.111066 
1228.000000 	 0.111489 
1229.000000 	 0.110727 
1230.000000 	 0.110703 
1231.000000 	 0.109739 
1232.000000 	 0.109758 
1233.000000 	 0.110350 
1234.000000 	 0.110593 
1235.000000 	 0.110471 
1236.000000 	 0.109779 
1237.000000 	 0.110368 
1238.000000 	 0.110289 
1239.000000 	 0.111025 
1240.000000 	 0.110984 
1241.000000 	 0.110449 
1242.000000 	 0.111015 
1243.000000 	 0.110966 
1244.000000 	 0.111026 
1245.000000 	 0.110951 
1246.000000 	 0.110483 
1247.000000 	 0.110094 
1248.000000 	 0.110315 
1249.000000 	 0.110413 
1250.000000 	 0.110345 
1251.000000 	 0.110679 
1252.000000 	 0.111019 
1253.000000 	 0.111250 
1254.000000 	 0.111271 
1255.000000 	 0.110799 
1256.000000 	 0.111019 
1257.000000 	 0.110605 
1258.000000 	 0.110865 
1259.000000 	 0.110891 
1260.000000 	 0.110907 
1261.000000 	 0.110697 
1262.000000 	 0.110997 
1263.000000 	 0.111067 
1264.000000 	 0.111092 
1265.000000 	 0.111282 
1266.000000 	 0.111566 
1267.000000 	 0.111998 
1268.000000 	 0.111726 
1269.000000 	 0.111067 
1270.000000 	 0.110749 
1271.000000 	 0.111226 
1272.000000 	 0.111756 
1273.000000 	 0.111319 
1274.000000 	 0.110659 
1275.000000 	 0.111217 
1276.000000 	 0.110500 
1277.000000 	 0.110924 
1278.000000 	 0.111239 
1279.000000 	 0.111654 
1280.000000 	 0.111766 
1281.000000 	 0.111564 
1282.000000 	 0.111741 
1283.000000 	 0.111763 
1284.000000 	 0.112352 
1285.000000 	 0.112698 
1286.000000 	 0.112509 
1287.000000 	 0.112638 
1288.000000 	 0.112275 
1289.000000 	 0.111416 
1290.000000 	 0.111134 
1291.000000 	 0.111212 
1292.000000 	 0.111206 
1293.000000 	 0.110887 
1294.000000 	 0.110601 
1295.000000 	 0.110367 
1296.000000 	 0.109765 
1297.000000 	 0.110052 
1298.000000 	 0.110545 
1299.000000 	 0.110924 
1300.000000 	 0.110761 
1301.000000 	 0.110885 
1302.000000 	 0.110656 
1303.000000 	 0.110777 
1304.000000 	 0.110575 
1305.000000 	 0.110963 
1306.000000 	 0.110853 
1307.000000 	 0.111498 
1308.000000 	 0.111335 
1309.000000 	 0.111763 
1310.000000 	 0.111735 
1311.000000 	 0.111945 
1312.000000 	 0.112075 
1313.000000 	 0.111827 
1314.000000 	 0.111303 
1315.000000 	 0.110856 
1316.000000 	 0.111008 
1317.000000 	 0.111189 
1318.000000 	 0.110755 
1319.000000 	 0.110939 
1320.000000 	 0.111169 
1321.000000 	 0.111000 
1322.000000 	 0.111087 
1323.000000 	 0.111258 
1324.000000 	 0.111253 
1325.000000 	 0.111088 
1326.000000 	 0.111090 
1327.000000 	 0.111208 
1328.000000 	 0.111099 
1329.000000 	 0.111587 
1330.000000 	 0.111600 
1331.000000 	 0.111554 
1332.000000 	 0.111451 
1333.000000 	 0.111420 
1334.000000 	 0.110886 
1335.000000 	 0.110898 
1336.000000 	 0.111147 
1337.000000 	 0.111264 
1338.000000 	 0.111261 
1339.000000 	 0.110955 
1340.000000 	 0.111294 
1341.000000 	 0.111043 
1342.000000 	 0.110757 
1343.000000 	 0.110622 
1344.000000 	 0.110759 
1345.000000 	 0.111132 
1346.000000 	 0.111244 
1347.000000 	 0.111022 
1348.000000 	 0.110910 
1349.000000 	 0.111646 
1350.000000 	 0.111511 
1351.000000 	 0.111816 
1352.000000 	 0.111728 
1353.000000 	 0.112042 
1354.000000 	 0.112027 
1355.000000 	 0.111885 
1356.000000 	 0.112208 
1357.000000 	 0.112034 
1358.000000 	 0.111486 
1359.000000 	 0.111355 
1360.000000 	 0.111091 
1361.000000 	 0.110995 
1362.000000 	 0.111127 
1363.000000 	 0.110897 
1364.000000 	 0.111278 
1365.000000 	 0.110971 
1366.000000 	 0.111078 
1367.000000 	 0.111085 
1368.000000 	 0.111034 
1369.000000 	 0.111656 
1370.000000 	 0.111285 
1371.000000 	 0.111100 
1372.000000 	 0.110954 
1373.000000 	 0.110997 
1374.000000 	 0.111317 
1375.000000 	 0.111347 
1376.000000 	 0.110699 
1377.000000 	 0.111068 
1378.000000 	 0.111005 
1379.000000 	 0.110662 
1380.000000 	 0.110809 
1381.000000 	 0.110353 
1382.000000 	 0.110861 
1383.000000 	 0.110632 
1384.000000 	 0.111166 
1385.000000 	 0.110943 
1386.000000 	 0.110817 
1387.000000 	 0.110683 
1388.000000 	 0.110649 
1389.000000 	 0.109972 
1390.000000 	 0.109978 
1391.000000 	 0.110293 
1392.000000 	 0.109579 
1393.000000 	 0.109781 
1394.000000 	 0.109846 
1395.000000 	 0.109836 
1396.000000 	 0.109871 
1397.000000 	 0.110199 
1398.000000 	 0.109842 
1399.000000 	 0.110159 
1400.000000 	 0.109447 
1401.000000 	 0.109386 
1402.000000 	 0.109466 
1403.000000 	 0.109313 
1404.000000 	 0.108617 
1405.000000 	 0.108549 
1406.000000 	 0.108886 
1407.000000 	 0.108889 
1408.000000 	 0.108847 
1409.000000 	 0.109692 
1410.000000 	 0.109375 
1411.000000 	 0.109360 
1412.000000 	 0.108986 
1413.000000 	 0.108440 
1414.000000 	 0.108541 
1415.000000 	 0.108829 
1416.000000 	 0.109006 
1417.000000 	 0.109007 
1418.000000 	 0.108943 
1419.000000 	 0.109177 
1420.000000 	 0.108915 
1421.000000 	 0.108946 
1422.000000 	 0.108932 
1423.000000 	 0.108735 
1424.000000 	 0.109127 
1425.000000 	 0.108719 
1426.000000 	 0.108979 
1427.000000 	 0.108593 
1428.000000 	 0.108768 
1429.000000 	 0.109244 
1430.000000 	 0.109396 
1431.000000 	 0.110000 
1432.000000 	 0.110074 
1433.000000 	 0.110399 
1434.000000 	 0.111119 
1435.000000 	 0.111182 
1436.000000 	 0.111271 
1437.000000 	 0.111513 
1438.000000 	 0.110947 
1439.000000 	 0.111076 
1440.000000 	 0.111249 
1441.000000 	 0.111362 
1442.000000 	 0.111286 
1443.000000 	 0.111156 
1444.000000 	 0.111298 
1445.000000 	 0.111382 
1446.000000 	 0.111212 
1447.000000 	 0.111293 
1448.000000 	 0.111123 
1449.000000 	 0.111483 
1450.000000 	 0.111400 
1451.000000 	 0.111146 
1452.000000 	 0.111409 
1453.000000 	 0.111231 
1454.000000 	 0.110616 
1455.000000 	 0.110839 
1456.000000 	 0.110809 
1457.000000 	 0.110905 
1458.000000 	 0.110078 
1459.000000 	 0.109858 
1460.000000 	 0.109957 
1461.000000 	 0.110592 
1462.000000 	 0.110234 
1463.000000 	 0.110956 
1464.000000 	 0.111046 
1465.000000 	 0.111392 
1466.000000 	 0.111038 
1467.000000 	 0.110709 
1468.000000 	 0.110961 
1469.000000 	 0.111022 
1470.000000 	 0.111000 
1471.000000 	 0.110598 
1472.000000 	 0.111249 
1473.000000 	 0.111538 
1474.000000 	 0.111185 
1475.000000 	 0.112019 
1476.000000 	 0.112327 
1477.000000 	 0.111877 
1478.000000 	 0.111996 
1479.000000 	 0.112123 
1480.000000 	 0.112004 
1481.000000 	 0.112077 
1482.000000 	 0.111825 
1483.000000 	 0.111850 
1484.000000 	 0.111968 
1485.000000 	 0.111904 
1486.000000 	 0.112099 
1487.000000 	 0.112339 
1488.000000 	 0.112103 
1489.000000 	 0.111903 
1490.000000 	 0.112458 
1491.000000 	 0.112551 
1492.000000 	 0.112059 
1493.000000 	 0.111262 
1494.000000 	 0.111322 
1495.000000 	 0.111558 
1496.000000 	 0.112389 
1497.000000 	 0.112601 
1498.000000 	 0.112761 
1499.000000 	 0.113289 
1500.000000 	 0.113845 
1501.000000 	 0.113467 
1502.000000 	 0.113707 
1503.000000 	 0.113798 
1504.000000 	 0.113918 
1505.000000 	 0.114529 
1506.000000 	 0.114159 
1507.000000 	 0.113802 
1508.000000 	 0.114493 
1509.000000 	 0.114309 
1510.000000 	 0.114078 
1511.000000 	 0.113691 
1512.000000 	 0.114051 
1513.000000 	 0.113358 
1514.000000 	 0.113185 
1515.000000 	 0.113733 
1516.000000 	 0.113225 
1517.000000 	 0.113107 
1518.000000 	 0.112730 
1519.000000 	 0.112746 
1520.000000 	 0.112575 
1521.000000 	 0.113380 
1522.000000 	 0.112459 
1523.000000 	 0.112082 
1524.000000 	 0.111851 
1525.000000 	 0.111887 
1526.000000 	 0.111595 
1527.000000 	 0.111066 
1528.000000 	 0.111555 
1529.000000 	 0.111496 
1530.000000 	 0.111723 
1531.000000 	 0.111028 
1532.000000 	 0.110912 
1533.000000 	 0.111414 
1534.000000 	 0.112237 
1535.000000 	 0.112321 
1536.000000 	 0.112914 
1537.000000 	 0.112659 
1538.000000 	 0.112774 
1539.000000 	 0.112756 
1540.000000 	 0.113004 
1541.000000 	 0.113251 
1542.000000 	 0.113117 
1543.000000 	 0.113380 
1544.000000 	 0.113551 
1545.000000 	 0.113404 
1546.000000 	 0.112888 
1547.000000 	 0.113005 
1548.000000 	 0.112648 
1549.000000 	 0.112715 
1550.000000 	 0.112376 
1551.000000 	 0.113054 
1552.000000 	 0.112942 
1553.000000 	 0.112668 
1554.000000 	 0.113095 
1555.000000 	 0.113149 
1556.000000 	 0.113759 
1557.000000 	 0.113457 
1558.000000 	 0.113092 
1559.000000 	 0.112884 
1560.000000 	 0.112542 
1561.000000 	 0.112286 
1562.000000 	 0.112292 
1563.000000 	 0.112304 
1564.000000 	 0.112344 
1565.000000 	 0.111778 
1566.000000 	 0.111966 
1567.000000 	 0.112456 
1568.000000 	 0.112417 
1569.000000 	 0.112682 
1570.000000 	 0.112680 
1571.000000 	 0.112403 
1572.000000 	 0.112327 
1573.000000 	 0.112163 
1574.000000 	 0.112087 
1575.000000 	 0.111499 
1576.000000 	 0.111803 
1577.000000 	 0.111660 
1578.000000 	 0.111832 
1579.000000 	 0.111510 
1580.000000 	 0.110662 
1581.000000 	 0.110808 
1582.000000 	 0.110463 
1583.000000 	 0.110809 
1584.000000 	 0.110950 
1585.000000 	 0.110577 
1586.000000 	 0.110105 
1587.000000 	 0.110053 
1588.000000 	 0.110835 
1589.000000 	 0.110511 
1590.000000 	 0.110014 
1591.000000 	 0.109475 
1592.000000 	 0.109214 
1593.000000 	 0.109120 
1594.000000 	 0.108652 
1595.000000 	 0.108384 
1596.000000 	 0.109032 
1597.000000 	 0.108811 
1598.000000 	 0.108938 
1599.000000 	 0.108846 
1600.000000 	 0.108433 
1601.000000 	 0.108483 
1602.000000 	 0.108123 
1603.000000 	 0.108020 
1604.000000 	 0.108302 
1605.000000 	 0.108447 
1606.000000 	 0.109176 
1607.000000 	 0.108802 
1608.000000 	 0.109492 
1609.000000 	 0.109079 
1610.000000 	 0.108702 
1611.000000 	 0.108791 
1612.000000 	 0.108685 
1613.000000 	 0.108384 
1614.000000 	 0.107774 
1615.000000 	 0.108038 
1616.000000 	 0.107991 
1617.000000 	 0.108132 
1618.000000 	 0.108126 
1619.000000 	 0.108123 
1620.000000 	 0.108684 
1621.000000 	 0.108528 
1622.000000 	 0.108717 
1623.000000 	 0.108490 
1624.000000 	 0.108733 
1625.000000 	 0.108605 
1626.000000 	 0.108612 
1627.000000 	 0.108606 
1628.000000 	 0.108574 
1629.000000 	 0.108523 
1630.000000 	 0.108390 
1631.000000 	 0.108287 
1632.000000 	 0.107961 
1633.000000 	 0.107910 
1634.000000 	 0.107464 
1635.000000 	 0.107709 
1636.000000 	 0.107699 
1637.000000 	 0.107905 
1638.000000 	 0.107839 
1639.000000 	 0.107928 
1640.000000 	 0.107480 
1641.000000 	 0.107641 
1642.000000 	 0.107593 
1643.000000 	 0.107477 
1644.000000 	 0.108007 
1645.000000 	 0.107944 
1646.000000 	 0.108126 
1647.000000 	 0.108571 
1648.000000 	 0.108703 
1649.000000 	 0.108547 
1650.000000 	 0.108410 
1651.000000 	 0.108035 
1652.000000 	 0.108641 
1653.000000 	 0.108994 
1654.000000 	 0.108810 
1655.000000 	 0.108698 
1656.000000 	 0.108722 
1657.000000 	 0.108476 
1658.000000 	 0.108688 
1659.000000 	 0.107833 
1660.000000 	 0.108067 
1661.000000 	 0.108054 
1662.000000 	 0.108039 
1663.000000 	 0.108038 
1664.000000 	 0.107807 
1665.000000 	 0.108261 
1666.000000 	 0.107681 
1667.000000 	 0.107254 
1668.000000 	 0.107093 
1669.000000 	 0.107141 
1670.000000 	 0.106560 
1671.000000 	 0.106986 
1672.000000 	 0.106937 
1673.000000 	 0.107255 
1674.000000 	 0.107132 
1675.000000 	 0.107271 
1676.000000 	 0.107440 
1677.000000 	 0.107115 
1678.000000 	 0.107144 
1679.000000 	 0.107282 
1680.000000 	 0.107261 
1681.000000 	 0.107227 
1682.000000 	 0.107455 
1683.000000 	 0.107483 
1684.000000 	 0.107072 
1685.000000 	 0.107851 
1686.000000 	 0.107408 
1687.000000 	 0.107418 
1688.000000 	 0.107228 
1689.000000 	 0.106958 
1690.000000 	 0.106507 
1691.000000 	 0.106814 
1692.000000 	 0.106626 
1693.000000 	 0.106655 
1694.000000 	 0.107012 
1695.000000 	 0.107013 
1696.000000 	 0.107015 
1697.000000 	 0.106725 
1698.000000 	 0.106820 
1699.000000 	 0.106910 
1700.000000 	 0.106300 
1701.000000 	 0.106559 
1702.000000 	 0.106947 
1703.000000 	 0.106871 
1704.000000 	 0.106788 
1705.000000 	 0.106281 
1706.000000 	 0.106123 
1707.000000 	 0.106259 
1708.000000 	 0.105951 
1709.000000 	 0.106126 
1710.000000 	 0.106381 
1711.000000 	 0.106555 
1712.000000 	 0.106562 
1713.000000 	 0.106810 
1714.000000 	 0.107369 
1715.000000 	 0.107040 
1716.000000 	 0.107587 
1717.000000 	 0.107692 
1718.000000 	 0.107343 
1719.000000 	 0.106538 
1720.000000 	 0.106448 
1721.000000 	 0.106983 
1722.000000 	 0.106871 
1723.000000 	 0.106832 
1724.000000 	 0.107190 
1725.000000 	 0.107524 
1726.000000 	 0.108103 
1727.000000 	 0.108291 
1728.000000 	 0.108082 
1729.000000 	 0.107537 
1730.000000 	 0.107197 
1731.000000 	 0.107748 
1732.000000 	 0.108052 
1733.000000 	 0.107371 
1734.000000 	 0.107267 
1735.000000 	 0.107696 
1736.000000 	 0.108019 
1737.000000 	 0.107802 
1738.000000 	 0.107985 
1739.000000 	 0.107429 
1740.000000 	 0.106881 
1741.000000 	 0.106526 
1742.000000 	 0.106785 
1743.000000 	 0.106995 
1744.000000 	 0.107087 
1745.000000 	 0.107399 
1746.000000 	 0.107641 
1747.000000 	 0.107937 
1748.000000 	 0.108466 
1749.000000 	 0.108197 
1750.000000 	 0.108235 
1751.000000 	 0.108532 
1752.000000 	 0.109125 
1753.000000 	 0.109101 
1754.000000 	 0.109419 
1755.000000 	 0.109378 
1756.000000 	 0.109693 
1757.000000 	 0.109331 
1758.000000 	 0.108758 
1759.000000 	 0.108430 
1760.000000 	 0.107841 
1761.000000 	 0.107220 
1762.000000 	 0.107226 
1763.000000 	 0.107472 
1764.000000 	 0.107360 
1765.000000 	 0.107282 
1766.000000 	 0.107229 
1767.000000 	 0.106551 
1768.000000 	 0.106835 
1769.000000 	 0.106941 
1770.000000 	 0.107342 
1771.000000 	 0.107592 
1772.000000 	 0.107487 
1773.000000 	 0.107214 
1774.000000 	 0.107467 
1775.000000 	 0.107752 
1776.000000 	 0.107912 
1777.000000 	 0.108091 
1778.000000 	 0.108538 
1779.000000 	 0.108444 
1780.000000 	 0.109605 
1781.000000 	 0.109485 
1782.000000 	 0.109196 
1783.000000 	 0.109190 
1784.000000 	 0.108945 
1785.000000 	 0.109171 
1786.000000 	 0.109335 
1787.000000 	 0.109348 
1788.000000 	 0.109231 
1789.000000 	 0.109416 
1790.000000 	 0.109095 
1791.000000 	 0.109102 
1792.000000 	 0.109448 
1793.000000 	 0.109339 
1794.000000 	 0.110004 
1795.000000 	 0.109950 
1796.000000 	 0.109698 
1797.000000 	 0.110155 
1798.000000 	 0.109709 
1799.000000 	 0.109615 
1800.000000 	 0.109768 
1801.000000 	 0.109420 
1802.000000 	 0.109365 
1803.000000 	 0.109464 
1804.000000 	 0.109196 
1805.000000 	 0.109220 
1806.000000 	 0.109068 
1807.000000 	 0.109259 
1808.000000 	 0.108885 
1809.000000 	 0.108099 
1810.000000 	 0.108100 
1811.000000 	 0.108498 
1812.000000 	 0.108377 
1813.000000 	 0.107895 
1814.000000 	 0.108525 
1815.000000 	 0.107967 
1816.000000 	 0.108172 
1817.000000 	 0.108127 
1818.000000 	 0.108003 
1819.000000 	 0.108134 
1820.000000 	 0.108326 
1821.000000 	 0.108522 
1822.000000 	 0.108601 
1823.000000 	 0.108802 
1824.000000 	 0.108625 
1825.000000 	 0.109391 
1826.000000 	 0.110119 
1827.000000 	 0.110700 
1828.000000 	 0.110381 
1829.000000 	 0.110120 
1830.000000 	 0.110104 
1831.000000 	 0.110391 
1832.000000 	 0.110121 
1833.000000 	 0.110646 
1834.000000 	 0.110858 
1835.000000 	 0.110689 
1836.000000 	 0.110757 
1837.000000 	 0.110935 
1838.000000 	 0.110517 
1839.000000 	 0.110628 
1840.000000 	 0.110592 
1841.000000 	 0.110101 
1842.000000 	 0.110019 
1843.000000 	 0.109572 
1844.000000 	 0.109965 
1845.000000 	 0.110048 
1846.000000 	 0.109741 
1847.000000 	 0.110386 
1848.000000 	 0.110294 
1849.000000 	 0.110096 
1850.000000 	 0.110098 
1851.000000 	 0.110034 
1852.000000 	 0.110168 
1853.000000 	 0.110454 
1854.000000 	 0.110179 
1855.000000 	 0.110297 
1856.000000 	 0.110914 
1857.000000 	 0.111333 
1858.000000 	 0.110980 
1859.000000 	 0.110674 
1860.000000 	 0.110593 
1861.000000 	 0.110848 
1862.000000 	 0.111200 
1863.000000 	 0.110771 
1864.000000 	 0.111080 
1865.000000 	 0.111127 
1866.000000 	 0.111146 
1867.000000 	 0.111238 
1868.000000 	 0.110889 
1869.000000 	 0.111014 
1870.000000 	 0.110738 
1871.000000 	 0.111312 
1872.000000 	 0.111145 
1873.000000 	 0.110748 
1874.000000 	 0.110261 
1875.000000 	 0.110349 
1876.000000 	 0.110836 
1877.000000 	 0.110763 
1878.000000 	 0.110472 
1879.000000 	 0.109749 
1880.000000 	 0.109912 
1881.000000 	 0.109487 
1882.000000 	 0.109171 
1883.000000 	 0.109294 
1884.000000 	 0.108722 
1885.000000 	 0.108240 
1886.000000 	 0.108295 
1887.000000 	 0.108641 
1888.000000 	 0.109131 
1889.000000 	 0.109357 
1890.000000 	 0.108892 
1891.000000 	 0.109222 
1892.000000 	 0.109114 
1893.000000 	 0.108935 
1894.000000 	 0.108941 
1895.000000 	 0.109105 
1896.000000 	 0.109285 
1897.000000 	 0.109698 
1898.000000 	 0.109574 
1899.000000 	 0.109452 
1900.000000 	 0.108960 
1901.000000 	 0.108726 
1902.000000 	 0.108634 
1903.000000 	 0.108618 
1904.000000 	 0.108609 
1905.000000 	 0.108333 
1906.000000 	 0.108309 
1907.000000 	 0.107583 
1908.000000 	 0.107938 
1909.000000 	 0.108159 
1910.000000 	 0.108178 
1911.000000 	 0.108001 
1912.000000 	 0.108454 
1913.000000 	 0.108345 
1914.000000 	 0.108577 
1915.000000 	 0.108511 
1916.000000 	 0.108123 
1917.000000 	 0.107482 
1918.000000 	 0.108056 
1919.000000 	 0.108187 
1920.000000 	 0.107989 
1921.000000 	 0.107970 
1922.000000 	 0.107894 
1923.000000 	 0.108152 
1924.000000 	 0.108297 
1925.000000 	 0.107784 
1926.000000 	 0.107964 
1927.000000 	 0.108043 
1928.000000 	 0.107999 
1929.000000 	 0.108077 
1930.000000 	 0.107545 
1931.000000 	 0.107849 
1932.000000 	 0.107328 
1933.000000 	 0.107972 
1934.000000 	 0.107803 
1935.000000 	 0.108236 
1936.000000 	 0.107725 
1937.000000 	 0.108449 
1938.000000 	 0.109094 
1939.000000 	 0.108988 
1940.000000 	 0.108901 
1941.000000 	 0.108490 
1942.000000 	 0.108532 
1943.000000 	 0.108491 
1944.000000 	 0.107991 
1945.000000 	 0.108201 
1946.000000 	 0.108042 
1947.000000 	 0.108095 
1948.000000 	 0.107679 
1949.000000 	 0.108342 
1950.000000 	 0.108387 
1951.000000 	 0.108541 
1952.000000 	 0.108400 
1953.000000 	 0.107970 
1954.000000 	 0.108261 
1955.000000 	 0.108484 
1956.000000 	 0.108345 
1957.000000 	 0.108107 
1958.000000 	 0.107707 
1959.000000 	 0.107376 
1960.000000 	 0.107341 
1961.000000 	 0.107164 
1962.000000 	 0.106894 
1963.000000 	 0.106626 
1964.000000 	 0.106706 
1965.000000 	 0.106817 
1966.000000 	 0.106153 
1967.000000 	 0.106266 
1968.000000 	 0.105991 
1969.000000 	 0.105362 
1970.000000 	 0.105296 
1971.000000 	 0.104998 
1972.000000 	 0.104955 
1973.000000 	 0.105475 
1974.000000 	 0.105549 
1975.000000 	 0.105374 
1976.000000 	 0.104932 
1977.000000 	 0.104717 
1978.000000 	 0.104668 
1979.000000 	 0.104763 
1980.000000 	 0.104987 
1981.000000 	 0.105110 
1982.000000 	 0.105446 
1983.000000 	 0.105249 
1984.000000 	 0.105175 
1985.000000 	 0.104450 
1986.000000 	 0.104009 
1987.000000 	 0.104280 
1988.000000 	 0.103961 
1989.000000 	 0.103893 
1990.000000 	 0.104469 
1991.000000 	 0.104150 
1992.000000 	 0.104190 
1993.000000 	 0.103984 
1994.000000 	 0.104023 
1995.000000 	 0.104389 
1996.000000 	 0.104155 
1997.000000 	 0.103661 
1998.000000 	 0.103462 
1999.000000 	 0.103669 
2000.000000 	 0.103520 
2001.000000 	 0.103358 
2002.000000 	 0.103563 
2003.000000 	 0.103889 
2004.000000 	 0.103676 
2005.000000 	 0.103787 
2006.000000 	 0.103467 
2007.000000 	 0.103517 
2008.000000 	 0.103645 
2009.000000 	 0.103520 
2010.000000 	 0.102813 
2011.000000 	 0.101976 
2012.000000 	 0.102422 
2013.000000 	 0.102521 
2014.000000 	 0.102235 
2015.000000 	 0.102262 
2016.000000 	 0.102697 
2017.000000 	 0.102767 
2018.000000 	 0.102689 
2019.000000 	 0.102414 
2020.000000 	 0.102539 
2021.000000 	 0.102233 
2022.000000 	 0.102370 
2023.000000 	 0.102480 
2024.000000 	 0.102005 
2025.000000 	 0.102683 
2026.000000 	 0.102791 
2027.000000 	 0.103057 
2028.000000 	 0.102970 
2029.000000 	 0.103022 
2030.000000 	 0.102796 
2031.000000 	 0.103128 
2032.000000 	 0.102940 
2033.000000 	 0.102772 
2034.000000 	 0.103028 
2035.000000 	 0.102627 
2036.000000 	 0.102234 
2037.000000 	 0.102553 
2038.000000 	 0.102721 
2039.000000 	 0.102622 
2040.000000 	 0.102276 
2041.000000 	 0.102635 
2042.000000 	 0.102223 
2043.000000 	 0.102018 
2044.000000 	 0.101568 
2045.000000 	 0.101634 
2046.000000 	 0.101103 
2047.000000 	 0.101482 
2048.000000 	 0.101916 
2049.000000 	 0.101654 
2050.000000 	 0.101713 
2051.000000 	 0.101741 
2052.000000 	 0.101574 
2053.000000 	 0.102064 
2054.000000 	 0.102556 
2055.000000 	 0.102857 
2056.000000 	 0.103227 
2057.000000 	 0.103884 
2058.000000 	 0.103894 
2059.000000 	 0.103920 
2060.000000 	 0.104292 
2061.000000 	 0.104457 
2062.000000 	 0.104339 
2063.000000 	 0.104580 
2064.000000 	 0.104445 
2065.000000 	 0.104277 
2066.000000 	 0.103872 
2067.000000 	 0.103231 
2068.000000 	 0.103693 
2069.000000 	 0.103559 
2070.000000 	 0.103804 
2071.000000 	 0.103091 
2072.000000 	 0.102953 
2073.000000 	 0.103047 
2074.000000 	 0.103146 
2075.000000 	 0.103007 
2076.000000 	 0.102888 
2077.000000 	 0.102533 
2078.000000 	 0.102211 
2079.000000 	 0.101888 
2080.000000 	 0.102366 
2081.000000 	 0.102384 
2082.000000 	 0.102189 
2083.000000 	 0.102333 
2084.000000 	 0.102677 
2085.000000 	 0.102563 
2086.000000 	 0.102053 
2087.000000 	 0.101678 
2088.000000 	 0.101475 
2089.000000 	 0.101795 
2090.000000 	 0.101676 
2091.000000 	 0.101669 
2092.000000 	 0.102049 
2093.000000 	 0.102347 
2094.000000 	 0.102531 
2095.000000 	 0.102172 
2096.000000 	 0.102593 
2097.000000 	 0.102506 
2098.000000 	 0.102019 
2099.000000 	 0.102433 
2100.000000 	 0.103133 
2101.000000 	 0.103241 
2102.000000 	 0.102851 
2103.000000 	 0.102664 
2104.000000 	 0.102837 
2105.000000 	 0.102270 
2106.000000 	 0.102102 
2107.000000 	 0.102300 
2108.000000 	 0.102396 
2109.000000 	 0.102460 
2110.000000 	 0.102204 
2111.000000 	 0.102315 
2112.000000 	 0.101746 
2113.000000 	 0.101749 
2114.000000 	 0.102013 
2115.000000 	 0.102311 
2116.000000 	 0.102068 
2117.000000 	 0.102524 
2118.000000 	 0.102469 
2119.000000 	 0.102601 
2120.000000 	 0.102524 
2121.000000 	 0.103103 
2122.000000 	 0.103732 
2123.000000 	 0.103704 
2124.000000 	 0.103717 
2125.000000 	 0.103485 
2126.000000 	 0.103376 
2127.000000 	 0.103734 
2128.000000 	 0.103792 
2129.000000 	 0.103983 
2130.000000 	 0.104322 
2131.000000 	 0.104531 
2132.000000 	 0.104425 
2133.000000 	 0.104265 
2134.000000 	 0.103883 
2135.000000 	 0.104018 
2136.000000 	 0.104429 
2137.000000 	 0.104583 
2138.000000 	 0.104579 
2139.000000 	 0.104223 
2140.000000 	 0.104460 
2141.000000 	 0.104780 
2142.000000 	 0.105329 
2143.000000 	 0.105205 
2144.000000 	 0.105401 
2145.000000 	 0.105586 
2146.000000 	 0.106179 
2147.000000 	 0.106218 
2148.000000 	 0.106153 
2149.000000 	 0.106267 
2150.000000 	 0.105975 
2151.000000 	 0.106009 
2152.000000 	 0.106351 
2153.000000 	 0.106301 
2154.000000 	 0.106130 
2155.000000 	 0.106039 
2156.000000 	 0.105999 
2157.000000 	 0.106011 
2158.000000 	 0.106107 
2159.000000 	 0.105371 
2160.000000 	 0.104779 
2161.000000 	 0.104945 
2162.000000 	 0.105920 
2163.000000 	 0.105938 
2164.000000 	 0.106007 
2165.000000 	 0.106383 
2166.000000 	 0.106221 
2167.000000 	 0.106379 
2168.000000 	 0.106462 
2169.000000 	 0.106327 
2170.000000 	 0.106862 
2171.000000 	 0.106326 
2172.000000 	 0.105956 
2173.000000 	 0.106290 
2174.000000 	 0.106058 
2175.000000 	 0.105623 
2176.000000 	 0.105324 
2177.000000 	 0.105354 
2178.000000 	 0.105245 
2179.000000 	 0.105344 
2180.000000 	 0.104675 
2181.000000 	 0.104649 
2182.000000 	 0.104648 
2183.000000 	 0.104713 
2184.000000 	 0.104890 
2185.000000 	 0.105013 
2186.000000 	 0.104631 
2187.000000 	 0.104978 
2188.000000 	 0.105663 
2189.000000 	 0.106384 
2190.000000 	 0.106027 
2191.000000 	 0.105897 
2192.000000 	 0.106261 
2193.000000 	 0.106442 
2194.000000 	 0.106218 
2195.000000 	 0.106586 
2196.000000 	 0.106200 
2197.000000 	 0.106053 
2198.000000 	 0.105945 
2199.000000 	 0.105884 
2200.000000 	 0.105954 
2201.000000 	 0.105604 
2202.000000 	 0.105495 
2203.000000 	 0.105112 
2204.000000 	 0.105749 
2205.000000 	 0.105842 
2206.000000 	 0.105472 
2207.000000 	 0.105359 
2208.000000 	 0.105103 
2209.000000 	 0.105025 
2210.000000 	 0.105255 
2211.000000 	 0.105257 
2212.000000 	 0.105014 
2213.000000 	 0.105090 
2214.000000 	 0.105434 
2215.000000 	 0.105414 
2216.000000 	 0.105446 
2217.000000 	 0.105818 
2218.000000 	 0.105665 
2219.000000 	 0.105590 
2220.000000 	 0.105609 
2221.000000 	 0.105060 
2222.000000 	 0.104703 
2223.000000 	 0.104336 
2224.000000 	 0.104148 
2225.000000 	 0.103904 
2226.000000 	 0.104113 
2227.000000 	 0.104368 
2228.000000 	 0.104233 
2229.000000 	 0.104193 
2230.000000 	 0.104265 
2231.000000 	 0.104975 
2232.000000 	 0.104964 
2233.000000 	 0.105301 
2234.000000 	 0.105143 
2235.000000 	 0.105777 
2236.000000 	 0.105829 
2237.000000 	 0.105956 
2238.000000 	 0.105314 
2239.000000 	 0.105638 
2240.000000 	 0.105473 
2241.000000 	 0.105834 
2242.000000 	 0.105879 
2243.000000 	 0.106013 
2244.000000 	 0.105560 
2245.000000 	 0.105687 
2246.000000 	 0.105454 
2247.000000 	 0.105703 
2248.000000 	 0.105761 
2249.000000 	 0.105187 
2250.000000 	 0.104595 
2251.000000 	 0.104869 
2252.000000 	 0.104937 
2253.000000 	 0.104829 
2254.000000 	 0.104638 
2255.000000 	 0.105249 
2256.000000 	 0.105091 
2257.000000 	 0.104572 
2258.000000 	 0.104499 
2259.000000 	 0.104316 
2260.000000 	 0.104761 
2261.000000 	 0.104743 
2262.000000 	 0.104373 
2263.000000 	 0.104196 
2264.000000 	 0.104477 
2265.000000 	 0.104529 
2266.000000 	 0.104086 
2267.000000 	 0.103822 
2268.000000 	 0.103709 
2269.000000 	 0.103612 
2270.000000 	 0.103736 
2271.000000 	 0.103072 
2272.000000 	 0.102956 
2273.000000 	 0.103618 
2274.000000 	 0.104016 
2275.000000 	 0.104086 
2276.000000 	 0.104463 
2277.000000 	 0.104461 
2278.000000 	 0.104045 
2279.000000 	 0.103962 
2280.000000 	 0.103743 
2281.000000 	 0.103639 
2282.000000 	 0.103574 
2283.000000 	 0.103260 
2284.000000 	 0.103433 
2285.000000 	 0.103899 
2286.000000 	 0.104491 
2287.000000 	 0.104099 
2288.000000 	 0.104074 
2289.000000 	 0.104560 
2290.000000 	 0.104063 
2291.000000 	 0.104426 
2292.000000 	 0.104093 
2293.000000 	 0.103593 
2294.000000 	 0.103737 
2295.000000 	 0.103785 
2296.000000 	 0.104004 
2297.000000 	 0.104028 
2298.000000 	 0.104061 
2299.000000 	 0.104131 
2300.000000 	 0.103575 
2301.000000 	 0.103845 
2302.000000 	 0.103992 
2303.000000 	 0.104367 
2304.000000 	 0.104015 
2305.000000 	 0.104156 
2306.000000 	 0.104349 
2307.000000 	 0.103966 
2308.000000 	 0.104128 
2309.000000 	 0.104477 
2310.000000 	 0.103938 
2311.000000 	 0.104104 
2312.000000 	 0.103984 
2313.000000 	 0.104293 
2314.000000 	 0.104510 
2315.000000 	 0.104747 
2316.000000 	 0.104567 
2317.000000 	 0.104848 
2318.000000 	 0.104754 
2319.000000 	 0.105150 
2320.000000 	 0.105982 
2321.000000 	 0.105343 
2322.000000 	 0.105575 
2323.000000 	 0.104935 
2324.000000 	 0.105274 
2325.000000 	 0.105049 
2326.000000 	 0.104928 
2327.000000 	 0.105521 
2328.000000 	 0.105430 
2329.000000 	 0.105684 
2330.000000 	 0.105193 
2331.000000 	 0.104861 
2332.000000 	 0.104757 
2333.000000 	 0.105119 
2334.000000 	 0.105594 
2335.000000 	 0.105543 
2336.000000 	 0.105057 
2337.000000 	 0.105124 
2338.000000 	 0.105270 
2339.000000 	 0.105089 
2340.000000 	 0.104764 
2341.000000 	 0.104756 
2342.000000 	 0.104738 
2343.000000 	 0.105284 
2344.000000 	 0.105022 
2345.000000 	 0.104675 
2346.000000 	 0.104647 
2347.000000 	 0.104573 
2348.000000 	 0.104823 
2349.000000 	 0.105147 
2350.000000 	 0.105204 
2351.000000 	 0.105595 
2352.000000 	 0.105419 
2353.000000 	 0.106028 
2354.000000 	 0.105910 
2355.000000 	 0.105769 
2356.000000 	 0.105816 
2357.000000 	 0.106221 
2358.000000 	 0.106290 
2359.000000 	 0.105645 
2360.000000 	 0.105103 
2361.000000 	 0.105593 
2362.000000 	 0.105716 
2363.000000 	 0.105819 
2364.000000 	 0.105900 
2365.000000 	 0.106052 
2366.000000 	 0.106261 
2367.000000 	 0.105989 
2368.000000 	 0.105873 
2369.000000 	 0.105298 
2370.000000 	 0.105014 
2371.000000 	 0.104795 
2372.000000 	 0.104800 
2373.000000 	 0.104819 
2374.000000 	 0.105071 
2375.000000 	 0.105034 
2376.000000 	 0.104894 
2377.000000 	 0.105102 
2378.000000 	 0.105301 
2379.000000 	 0.105287 
2380.000000 	 0.105286 
2381.000000 	 0.105530 
2382.000000 	 0.105011 
2383.000000 	 0.105093 
2384.000000 	 0.104923 
2385.000000 	 0.104938 
2386.000000 	 0.105369 
2387.000000 	 0.105608 
2388.000000 	 0.105588 
2389.000000 	 0.105885 
2390.000000 	 0.105764 
2391.000000 	 0.106302 
2392.000000 	 0.106284 
2393.000000 	 0.106367 
2394.000000 	 0.106948 
2395.000000 	 0.107095 
2396.000000 	 0.107237 
2397.000000 	 0.107252 
2398.000000 	 0.107426 
2399.000000 	 0.107287 
2400.000000 	 0.107091 
2401.000000 	 0.106449 
2402.000000 	 0.106202 
2403.000000 	 0.106039 
2404.000000 	 0.105926 
2405.000000 	 0.105860 
2406.000000 	 0.105642 
2407.000000 	 0.105655 
2408.000000 	 0.105198 
2409.000000 	 0.105297 
2410.000000 	 0.105203 
2411.000000 	 0.105890 
2412.000000 	 0.105968 
2413.000000 	 0.106126 
2414.000000 	 0.106189 
2415.000000 	 0.105615 
2416.000000 	 0.104976 
2417.000000 	 0.104796 
2418.000000 	 0.104589 
2419.000000 	 0.104543 
2420.000000 	 0.104704 
2421.000000 	 0.104875 
2422.000000 	 0.104989 
2423.000000 	 0.105213 
2424.000000 	 0.105152 
2425.000000 	 0.105535 
2426.000000 	 0.105940 
2427.000000 	 0.105657 
2428.000000 	 0.105750 
2429.000000 	 0.105494 
2430.000000 	 0.105321 
2431.000000 	 0.105765 
2432.000000 	 0.105605 
2433.000000 	 0.105789 
2434.000000 	 0.105843 
2435.000000 	 0.105969 
2436.000000 	 0.105865 
2437.000000 	 0.105886 
2438.000000 	 0.105810 
2439.000000 	 0.105432 
2440.000000 	 0.105715 
2441.000000 	 0.105712 
2442.000000 	 0.105462 
2443.000000 	 0.105443 
2444.000000 	 0.105460 
2445.000000 	 0.106243 
2446.000000 	 0.106130 
2447.000000 	 0.106720 
2448.000000 	 0.106042 
2449.000000 	 0.105989 
2450.000000 	 0.106126 
2451.000000 	 0.106243 
2452.000000 	 0.106395 
2453.000000 	 0.105805 
2454.000000 	 0.105589 
2455.000000 	 0.105700 
2456.000000 	 0.105921 
2457.000000 	 0.106104 
2458.000000 	 0.106413 
2459.000000 	 0.105964 
2460.000000 	 0.106291 
2461.000000 	 0.105760 
2462.000000 	 0.105920 
2463.000000 	 0.105733 
2464.000000 	 0.105693 
2465.000000 	 0.105329 
2466.000000 	 0.105641 
2467.000000 	 0.105965 
2468.000000 	 0.106116 
2469.000000 	 0.105094 
2470.000000 	 0.104780 
2471.000000 	 0.104503 
2472.000000 	 0.104673 
2473.000000 	 0.104846 
2474.000000 	 0.105112 
2475.000000 	 0.105386 
2476.000000 	 0.105503 
2477.000000 	 0.105797 
2478.000000 	 0.105223 
2479.000000 	 0.104902 
2480.000000 	 0.105277 
2481.000000 	 0.105165 
2482.000000 	 0.105554 
2483.000000 	 0.105274 
2484.000000 	 0.104789 
2485.000000 	 0.104855 
2486.000000 	 0.104947 
2487.000000 	 0.105270 
2488.000000 	 0.105886 
2489.000000 	 0.105959 
2490.000000 	 0.106141 
2491.000000 	 0.106578 
2492.000000 	 0.106498 
2493.000000 	 0.106103 
2494.000000 	 0.106826 
2495.000000 	 0.106582 
2496.000000 	 0.106506 
2497.000000 	 0.106621 
2498.000000 	 0.106623 
2499.000000 	 0.106272 
2500.000000 	 0.106725 
2501.000000 	 0.106611 
2502.000000 	 0.106470 
2503.000000 	 0.105977 
2504.000000 	 0.105597 
2505.000000 	 0.106015 
2506.000000 	 0.106014 
2507.000000 	 0.106251 
2508.000000 	 0.105624 
2509.000000 	 0.105166 
2510.000000 	 0.105064 
2511.000000 	 0.105871 
2512.000000 	 0.105871 
2513.000000 	 0.106168 
2514.000000 	 0.105999 
2515.000000 	 0.105693 
2516.000000 	 0.105447 
2517.000000 	 0.105634 
2518.000000 	 0.106080 
2519.000000 	 0.106802 
2520.000000 	 0.106923 
2521.000000 	 0.107410 
2522.000000 	 0.107197 
2523.000000 	 0.107461 
2524.000000 	 0.107342 
2525.000000 	 0.107109 
2526.000000 	 0.107102 
2527.000000 	 0.106617 
2528.000000 	 0.106413 
2529.000000 	 0.106623 
2530.000000 	 0.106136 
2531.000000 	 0.106153 
2532.000000 	 0.105611 
2533.000000 	 0.106042 
2534.000000 	 0.106571 
2535.000000 	 0.107194 
2536.000000 	 0.108079 
2537.000000 	 0.107890 
2538.000000 	 0.107804 
2539.000000 	 0.108080 
2540.000000 	 0.108171 
2541.000000 	 0.107805 
2542.000000 	 0.107772 
2543.000000 	 0.108148 
2544.000000 	 0.108003 
2545.000000 	 0.107555 
2546.000000 	 0.107430 
2547.000000 	 0.108323 
2548.000000 	 0.108119 
2549.000000 	 0.108286 
2550.000000 	 0.108395 
2551.000000 	 0.108722 
2552.000000 	 0.108301 
2553.000000 	 0.108525 
2554.000000 	 0.108714 
2555.000000 	 0.109060 
2556.000000 	 0.108842 
2557.000000 	 0.108916 
2558.000000 	 0.108957 
2559.000000 	 0.108899 
2560.000000 	 0.108786 
2561.000000 	 0.108870 
2562.000000 	 0.109285 
2563.000000 	 0.109446 
2564.000000 	 0.109393 
2565.000000 	 0.108926 
2566.000000 	 0.108603 
2567.000000 	 0.108586 
2568.000000 	 0.108963 
2569.000000 	 0.109345 
2570.000000 	 0.109522 
2571.000000 	 0.109633 
2572.000000 	 0.109301 
2573.000000 	 0.109360 
2574.000000 	 0.110305 
2575.000000 	 0.109989 
2576.000000 	 0.110363 
2577.000000 	 0.109915 
2578.000000 	 0.110100 
2579.000000 	 0.110127 
2580.000000 	 0.110487 
2581.000000 	 0.110112 
2582.000000 	 0.110298 
2583.000000 	 0.110567 
2584.000000 	 0.110542 
2585.000000 	 0.110741 
2586.000000 	 0.110285 
2587.000000 	 0.109456 
2588.000000 	 0.109578 
2589.000000 	 0.109442 
2590.000000 	 0.109636 
2591.000000 	 0.109537 
2592.000000 	 0.109493 
2593.000000 	 0.109722 
2594.000000 	 0.110367 
2595.000000 	 0.109988 
2596.000000 	 0.109452 
2597.000000 	 0.109779 
2598.000000 	 0.109652 
2599.000000 	 0.109795 
2600.000000 	 0.109798 
2601.000000 	 0.109766 
2602.000000 	 0.110261 
2603.000000 	 0.110354 
2604.000000 	 0.109511 
2605.000000 	 0.109568 
2606.000000 	 0.110207 
2607.000000 	 0.110081 
2608.000000 	 0.110113 
2609.000000 	 0.109743 
2610.000000 	 0.109188 
2611.000000 	 0.108915 
2612.000000 	 0.109225 
2613.000000 	 0.109079 
2614.000000 	 0.109469 
2615.000000 	 0.109658 
2616.000000 	 0.109266 
2617.000000 	 0.109210 
2618.000000 	 0.109785 
2619.000000 	 0.108988 
2620.000000 	 0.108601 
2621.000000 	 0.108501 
2622.000000 	 0.109131 
2623.000000 	 0.108929 
2624.000000 	 0.108661 
2625.000000 	 0.109013 
2626.000000 	 0.109330 
2627.000000 	 0.109138 
2628.000000 	 0.109299 
2629.000000 	 0.109645 
2630.000000 	 0.109081 
2631.000000 	 0.109101 
2632.000000 	 0.109176 
2633.000000 	 0.110073 
2634.000000 	 0.109962 
2635.000000 	 0.109960 
2636.000000 	 0.110313 
2637.000000 	 0.110823 
2638.000000 	 0.111110 
2639.000000 	 0.111116 
2640.000000 	 0.111289 
2641.000000 	 0.111442 
2642.000000 	 0.111500 
2643.000000 	 0.111288 
2644.000000 	 0.111429 
2645.000000 	 0.111169 
2646.000000 	 0.110997 
2647.000000 	 0.111179 
2648.000000 	 0.111092 
2649.000000 	 0.111564 
2650.000000 	 0.111225 
2651.000000 	 0.111254 
2652.000000 	 0.111497 
2653.000000 	 0.111167 
2654.000000 	 0.110530 
2655.000000 	 0.109729 
2656.000000 	 0.109754 
2657.000000 	 0.109953 
2658.000000 	 0.110163 
2659.000000 	 0.110068 
2660.000000 	 0.110497 
2661.000000 	 0.110561 
2662.000000 	 0.110257 
2663.000000 	 0.110055 
2664.000000 	 0.109956 
2665.000000 	 0.109916 
2666.000000 	 0.109778 
2667.000000 	 0.109053 
2668.000000 	 0.108483 
2669.000000 	 0.108265 
2670.000000 	 0.108388 
2671.000000 	 0.109080 
2672.000000 	 0.109069 
2673.000000 	 0.108308 
2674.000000 	 0.108428 
2675.000000 	 0.107935 
2676.000000 	 0.108194 
2677.000000 	 0.108840 
2678.000000 	 0.108769 
2679.000000 	 0.108906 
2680.000000 	 0.108586 
2681.000000 	 0.109117 
2682.000000 	 0.108945 
2683.000000 	 0.109030 
2684.000000 	 0.108933 
2685.000000 	 0.109466 
2686.000000 	 0.109681 
2687.000000 	 0.109778 
2688.000000 	 0.109739 
2689.000000 	 0.109372 
2690.000000 	 0.109406 
2691.000000 	 0.109036 
2692.000000 	 0.108882 
2693.000000 	 0.109256 
2694.000000 	 0.109082 
2695.000000 	 0.109397 
2696.000000 	 0.109743 
2697.000000 	 0.109173 
2698.000000 	 0.108653 
2699.000000 	 0.108756 
2700.000000 	 0.108745 
2701.000000 	 0.108466 
2702.000000 	 0.108816 
2703.000000 	 0.108880 
2704.000000 	 0.108037 
2705.000000 	 0.108393 
2706.000000 	 0.108120 
2707.000000 	 0.107762 
2708.000000 	 0.107390 
2709.000000 	 0.107756 
2710.000000 	 0.107863 
2711.000000 	 0.107951 
2712.000000 	 0.107992 
2713.000000 	 0.107403 
2714.000000 	 0.106914 
2715.000000 	 0.106866 
2716.000000 	 0.107246 
2717.000000 	 0.107013 
2718.000000 	 0.106367 
2719.000000 	 0.106397 
2720.000000 	 0.105958 
2721.000000 	 0.106676 
2722.000000 	 0.106432 
2723.000000 	 0.106118 
2724.000000 	 0.106192 
2725.000000 	 0.105512 
2726.000000 	 0.104772 
2727.000000 	 0.105036 
2728.000000 	 0.104908 
2729.000000 	 0.104793 
2730.000000 	 0.104103 
2731.000000 	 0.104308 
2732.000000 	 0.104217 
2733.000000 	 0.104049 
2734.000000 	 0.103983 
2735.000000 	 0.104329 
2736.000000 	 0.104608 
2737.000000 	 0.104488 
2738.000000 	 0.104836 
2739.000000 	 0.105143 
2740.000000 	 0.105400 
2741.000000 	 0.105806 
2742.000000 	 0.105493 
2743.000000 	 0.105831 
2744.000000 	 0.106011 
2745.000000 	 0.105728 
2746.000000 	 0.105694 
2747.000000 	 0.105666 
2748.000000 	 0.105961 
2749.000000 	 0.105939 
2750.000000 	 0.105694 
2751.000000 	 0.105661 
2752.000000 	 0.106218 
2753.000000 	 0.106228 
2754.000000 	 0.105862 
2755.000000 	 0.106098 
2756.000000 	 0.106011 
2757.000000 	 0.105744 
2758.000000 	 0.104900 
2759.000000 	 0.105006 
2760.000000 	 0.105457 
2761.000000 	 0.105606 
2762.000000 	 0.106157 
2763.000000 	 0.105933 
2764.000000 	 0.106089 
2765.000000 	 0.106175 
2766.000000 	 0.105676 
2767.000000 	 0.105955 
2768.000000 	 0.106255 
2769.000000 	 0.106453 
2770.000000 	 0.106649 
2771.000000 	 0.106409 
2772.000000 	 0.106218 
2773.000000 	 0.105788 
2774.000000 	 0.105569 
2775.000000 	 0.105384 
2776.000000 	 0.104952 
2777.000000 	 0.105302 
2778.000000 	 0.105709 
2779.000000 	 0.105570 
2780.000000 	 0.105629 
2781.000000 	 0.105057 
2782.000000 	 0.104755 
2783.000000 	 0.104680 
2784.000000 	 0.105132 
2785.000000 	 0.105214 
2786.000000 	 0.104986 
2787.000000 	 0.105497 
2788.000000 	 0.105860 
2789.000000 	 0.105710 
2790.000000 	 0.105977 
2791.000000 	 0.106042 
2792.000000 	 0.106431 
2793.000000 	 0.106679 
2794.000000 	 0.106633 
2795.000000 	 0.106109 
2796.000000 	 0.105870 
2797.000000 	 0.106566 
2798.000000 	 0.106383 
2799.000000 	 0.106682 
2800.000000 	 0.106843 
2801.000000 	 0.106754 
2802.000000 	 0.106899 
2803.000000 	 0.106650 
2804.000000 	 0.106253 
2805.000000 	 0.106130 
2806.000000 	 0.106303 
2807.000000 	 0.106060 
2808.000000 	 0.105883 
2809.000000 	 0.105776 
2810.000000 	 0.105343 
2811.000000 	 0.105405 
2812.000000 	 0.105103 
2813.000000 	 0.104573 
2814.000000 	 0.104341 
2815.000000 	 0.104098 
2816.000000 	 0.103792 
2817.000000 	 0.103613 
2818.000000 	 0.103809 
2819.000000 	 0.103268 
2820.000000 	 0.103502 
2821.000000 	 0.103115 
2822.000000 	 0.103507 
2823.000000 	 0.103951 
2824.000000 	 0.103866 
2825.000000 	 0.103679 
2826.000000 	 0.103446 
2827.000000 	 0.103158 
2828.000000 	 0.102548 
2829.000000 	 0.102936 
2830.000000 	 0.102826 
2831.000000 	 0.102496 
2832.000000 	 0.102542 
2833.000000 	 0.102363 
2834.000000 	 0.102808 
2835.000000 	 0.102667 
2836.000000 	 0.103203 
2837.000000 	 0.103456 
2838.000000 	 0.103532 
2839.000000 	 0.103434 
2840.000000 	 0.103725 
2841.000000 	 0.103665 
2842.000000 	 0.104025 
2843.000000 	 0.104359 
2844.000000 	 0.104415 
2845.000000 	 0.103854 
2846.000000 	 0.103850 
2847.000000 	 0.104174 
2848.000000 	 0.103791 
2849.000000 	 0.104158 
2850.000000 	 0.104472 
2851.000000 	 0.103601 
2852.000000 	 0.103356 
2853.000000 	 0.103525 
2854.000000 	 0.103589 
2855.000000 	 0.103323 
2856.000000 	 0.102904 
2857.000000 	 0.102545 
2858.000000 	 0.102857 
2859.000000 	 0.103318 
2860.000000 	 0.102878 
2861.000000 	 0.102982 
2862.000000 	 0.103288 
2863.000000 	 0.103534 
2864.000000 	 0.103764 
2865.000000 	 0.103758 
2866.000000 	 0.104101 
2867.000000 	 0.103875 
2868.000000 	 0.103247 
2869.000000 	 0.103035 
2870.000000 	 0.103620 
2871.000000 	 0.103338 
2872.000000 	 0.103254 
2873.000000 	 0.102958 
2874.000000 	 0.102972 
2875.000000 	 0.103115 
2876.000000 	 0.102800 
2877.000000 	 0.102331 
2878.000000 	 0.102381 
2879.000000 	 0.101926 
2880.000000 	 0.102479 
2881.000000 	 0.102499 
2882.000000 	 0.103434 
2883.000000 	 0.103438 
2884.000000 	 0.103269 
2885.000000 	 0.103426 
2886.000000 	 0.103579 
2887.000000 	 0.103261 
2888.000000 	 0.103003 
2889.000000 	 0.103400 
2890.000000 	 0.103297 
2891.000000 	 0.102822 
2892.000000 	 0.103126 
2893.000000 	 0.103263 
2894.000000 	 0.102425 
2895.000000 	 0.102465 
2896.000000 	 0.103039 
2897.000000 	 0.103003 
2898.000000 	 0.103369 
2899.000000 	 0.104000 
2900.000000 	 0.104233 
2901.000000 	 0.104450 
2902.000000 	 0.104767 
2903.000000 	 0.104247 
2904.000000 	 0.103876 
2905.000000 	 0.103703 
2906.000000 	 0.103973 
2907.000000 	 0.103736 
2908.000000 	 0.103485 
2909.000000 	 0.103950 
2910.000000 	 0.104132 
2911.000000 	 0.103311 
2912.000000 	 0.103217 
2913.000000 	 0.103840 
2914.000000 	 0.103697 
2915.000000 	 0.103482 
2916.000000 	 0.102911 
2917.000000 	 0.102785 
2918.000000 	 0.102312 
2919.000000 	 0.102883 
2920.000000 	 0.103036 
2921.000000 	 0.103512 
2922.000000 	 0.103978 
2923.000000 	 0.103723 
2924.000000 	 0.103674 
2925.000000 	 0.104263 
2926.000000 	 0.103621 
2927.000000 	 0.104036 
2928.000000 	 0.104233 
2929.000000 	 0.104145 
2930.000000 	 0.104543 
2931.000000 	 0.104631 
2932.000000 	 0.104974 
2933.000000 	 0.104667 
2934.000000 	 0.104241 
2935.000000 	 0.103831 
2936.000000 	 0.104488 
2937.000000 	 0.104839 
2938.000000 	 0.104575 
2939.000000 	 0.104144 
2940.000000 	 0.104098 
2941.000000 	 0.104021 
2942.000000 	 0.104461 
2943.000000 	 0.104890 
2944.000000 	 0.104820 
2945.000000 	 0.104366 
2946.000000 	 0.104127 
2947.000000 	 0.103657 
2948.000000 	 0.103714 
2949.000000 	 0.104140 
2950.000000 	 0.104796 
2951.000000 	 0.105365 
2952.000000 	 0.104662 
2953.000000 	 0.105096 
2954.000000 	 0.105035 
2955.000000 	 0.105042 
2956.000000 	 0.104972 
2957.000000 	 0.104882 
2958.000000 	 0.104382 
2959.000000 	 0.104131 
2960.000000 	 0.104359 
2961.000000 	 0.103481 
2962.000000 	 0.103664 
2963.000000 	 0.103661 
2964.000000 	 0.103865 
2965.000000 	 0.103759 
2966.000000 	 0.103233 
2967.000000 	 0.103634 
2968.000000 	 0.103661 
2969.000000 	 0.103934 
2970.000000 	 0.103590 
2971.000000 	 0.103572 
2972.000000 	 0.103345 
2973.000000 	 0.103496 
2974.000000 	 0.103497 
2975.000000 	 0.103772 
2976.000000 	 0.103923 
2977.000000 	 0.103517 
2978.000000 	 0.103364 
2979.000000 	 0.103180 
2980.000000 	 0.103345 
2981.000000 	 0.103347 
2982.000000 	 0.102574 
2983.000000 	 0.103016 
2984.000000 	 0.102927 
2985.000000 	 0.102322 
2986.000000 	 0.102577 
2987.000000 	 0.102425 
2988.000000 	 0.102529 
2989.000000 	 0.102487 
2990.000000 	 0.102697 
2991.000000 	 0.102939 
2992.000000 	 0.102798 
2993.000000 	 0.103458 
2994.000000 	 0.103639 
2995.000000 	 0.103471 
2996.000000 	 0.103521 
2997.000000 	 0.103594 
2998.000000 	 0.103951 
2999.000000 	 0.104167 
3000.000000 	 0.103843 
3001.000000 	 0.104613 
3002.000000 	 0.104636 
3003.000000 	 0.104686 
3004.000000 	 0.104849 
3005.000000 	 0.104127 
3006.000000 	 0.104177 
3007.000000 	 0.103475 
3008.000000 	 0.103588 
3009.000000 	 0.104209 
3010.000000 	 0.104733 
3011.000000 	 0.104830 
3012.000000 	 0.104641 
3013.000000 	 0.104737 
3014.000000 	 0.104650 
3015.000000 	 0.104375 
3016.000000 	 0.104000 
3017.000000 	 0.104282 
3018.000000 	 0.104582 
3019.000000 	 0.104985 
3020.000000 	 0.104591 
3021.000000 	 0.104255 
3022.000000 	 0.104155 
3023.000000 	 0.104217 
3024.000000 	 0.104536 
3025.000000 	 0.105302 
3026.000000 	 0.105195 
3027.000000 	 0.104802 
3028.000000 	 0.105093 
3029.000000 	 0.104455 
3030.000000 	 0.104210 
3031.000000 	 0.104583 
3032.000000 	 0.104116 
3033.000000 	 0.103904 
3034.000000 	 0.104230 
3035.000000 	 0.104055 
3036.000000 	 0.103986 
3037.000000 	 0.104324 
3038.000000 	 0.104804 
3039.000000 	 0.104645 
3040.000000 	 0.103733 
3041.000000 	 0.103321 
3042.000000 	 0.103528 
3043.000000 	 0.103150 
3044.000000 	 0.103587 
3045.000000 	 0.103697 
3046.000000 	 0.103995 
3047.000000 	 0.103533 
3048.000000 	 0.103401 
3049.000000 	 0.103272 
3050.000000 	 0.102842 
3051.000000 	 0.102971 
3052.000000 	 0.103016 
3053.000000 	 0.103409 
3054.000000 	 0.103312 
3055.000000 	 0.102955 
3056.000000 	 0.102100 
3057.000000 	 0.101715 
3058.000000 	 0.102039 
3059.000000 	 0.102245 
3060.000000 	 0.102010 
3061.000000 	 0.102299 
3062.000000 	 0.102487 
3063.000000 	 0.102606 
3064.000000 	 0.102825 
3065.000000 	 0.103310 
3066.000000 	 0.102719 
3067.000000 	 0.102056 
3068.000000 	 0.101599 
3069.000000 	 0.101486 
3070.000000 	 0.100966 
3071.000000 	 0.101019 
3072.000000 	 0.101555 
3073.000000 	 0.101654 
3074.000000 	 0.102014 
3075.000000 	 0.101599 
3076.000000 	 0.101344 
3077.000000 	 0.101461 
3078.000000 	 0.101651 
3079.000000 	 0.101722 
3080.000000 	 0.101745 
3081.000000 	 0.101906 
3082.000000 	 0.101045 
3083.000000 	 0.100999 
3084.000000 	 0.100906 
3085.000000 	 0.101675 
3086.000000 	 0.101602 
3087.000000 	 0.101793 
3088.000000 	 0.101696 
3089.000000 	 0.101721 
3090.000000 	 0.102080 
3091.000000 	 0.102167 
3092.000000 	 0.102502 
3093.000000 	 0.101887 
3094.000000 	 0.102248 
3095.000000 	 0.101883 
3096.000000 	 0.101778 
3097.000000 	 0.101562 
3098.000000 	 0.101146 
3099.000000 	 0.101133 
3100.000000 	 0.101130 
3101.000000 	 0.101386 
3102.000000 	 0.101804 
3103.000000 	 0.101518 
3104.000000 	 0.101461 
3105.000000 	 0.101110 
3106.000000 	 0.101091 
3107.000000 	 0.101567 
3108.000000 	 0.101395 
3109.000000 	 0.101379 
3110.000000 	 0.101764 
3111.000000 	 0.101949 
3112.000000 	 0.101380 
3113.000000 	 0.101651 
3114.000000 	 0.101812 
3115.000000 	 0.101723 
3116.000000 	 0.101565 
3117.000000 	 0.101722 
3118.000000 	 0.102184 
3119.000000 	 0.101810 
3120.000000 	 0.102042 
3121.000000 	 0.102245 
3122.000000 	 0.102333 
3123.000000 	 0.102415 
3124.000000 	 0.102681 
3125.000000 	 0.102901 
3126.000000 	 0.102575 
3127.000000 	 0.102869 
3128.000000 	 0.103034 
3129.000000 	 0.103325 
3130.000000 	 0.103110 
3131.000000 	 0.103180 
3132.000000 	 0.102777 
3133.000000 	 0.102862 
3134.000000 	 0.103292 
3135.000000 	 0.103190 
3136.000000 	 0.102942 
3137.000000 	 0.102626 
3138.000000 	 0.102589 
3139.000000 	 0.103022 
3140.000000 	 0.102882 
3141.000000 	 0.102867 
3142.000000 	 0.103280 
3143.000000 	 0.103900 
3144.000000 	 0.103947 
3145.000000 	 0.103876 
3146.000000 	 0.103730 
3147.000000 	 0.103839 
3148.000000 	 0.103852 
3149.000000 	 0.103943 
3150.000000 	 0.103854 
3151.000000 	 0.103860 
3152.000000 	 0.103867 
3153.000000 	 0.103738 
3154.000000 	 0.103507 
3155.000000 	 0.102972 
3156.000000 	 0.102382 
3157.000000 	 0.102348 
3158.000000 	 0.102092 
3159.000000 	 0.101989 
3160.000000 	 0.101817 
3161.000000 	 0.101185 
3162.000000 	 0.100587 
3163.000000 	 0.100851 
3164.000000 	 0.101196 
3165.000000 	 0.101489 
3166.000000 	 0.101528 
3167.000000 	 0.101219 
3168.000000 	 0.100855 
3169.000000 	 0.101655 
3170.000000 	 0.101897 
3171.000000 	 0.102422 
3172.000000 	 0.102624 
3173.000000 	 0.102469 
3174.000000 	 0.102089 
3175.000000 	 0.102231 
3176.000000 	 0.101849 
3177.000000 	 0.102201 
3178.000000 	 0.102267 
3179.000000 	 0.102782 
3180.000000 	 0.102822 
3181.000000 	 0.102448 
3182.000000 	 0.102583 
3183.000000 	 0.102283 
3184.000000 	 0.102369 
3185.000000 	 0.103016 
3186.000000 	 0.102965 
3187.000000 	 0.103006 
3188.000000 	 0.102700 
3189.000000 	 0.102785 
3190.000000 	 0.102934 
3191.000000 	 0.103096 
3192.000000 	 0.102951 
3193.000000 	 0.103194 
3194.000000 	 0.103189 
3195.000000 	 0.103230 
3196.000000 	 0.103536 
3197.000000 	 0.103713 
3198.000000 	 0.103863 
3199.000000 	 0.103730 
3200.000000 	 0.104003 
3201.000000 	 0.103769 
3202.000000 	 0.103114 
3203.000000 	 0.103448 
3204.000000 	 0.103074 
3205.000000 	 0.103637 
3206.000000 	 0.103699 
3207.000000 	 0.104271 
3208.000000 	 0.104420 
3209.000000 	 0.104607 
3210.000000 	 0.104634 
3211.000000 	 0.104068 
3212.000000 	 0.104157 
3213.000000 	 0.103918 
3214.000000 	 0.103714 
3215.000000 	 0.103625 
3216.000000 	 0.103621 
3217.000000 	 0.103008 
3218.000000 	 0.103496 
3219.000000 	 0.103781 
3220.000000 	 0.103609 
3221.000000 	 0.103694 
3222.000000 	 0.103773 
3223.000000 	 0.104191 
3224.000000 	 0.104610 
3225.000000 	 0.103919 
3226.000000 	 0.103457 
3227.000000 	 0.103205 
3228.000000 	 0.103123 
3229.000000 	 0.102874 
3230.000000 	 0.102821 
3231.000000 	 0.102641 
3232.000000 	 0.102839 
3233.000000 	 0.103078 
3234.000000 	 0.103131 
3235.000000 	 0.102945 
3236.000000 	 0.103004 
3237.000000 	 0.103268 
3238.000000 	 0.103020 
3239.000000 	 0.103044 
3240.000000 	 0.103480 
3241.000000 	 0.103420 
3242.000000 	 0.104231 
3243.000000 	 0.104067 
3244.000000 	 0.104159 
3245.000000 	 0.104368 
3246.000000 	 0.104625 
3247.000000 	 0.105361 
3248.000000 	 0.105162 
3249.000000 	 0.105926 
3250.000000 	 0.106145 
3251.000000 	 0.106369 
3252.000000 	 0.106135 
3253.000000 	 0.105754 
3254.000000 	 0.105984 
3255.000000 	 0.105536 
3256.000000 	 0.105366 
3257.000000 	 0.105275 
3258.000000 	 0.104953 
3259.000000 	 0.104940 
3260.000000 	 0.104409 
3261.000000 	 0.104215 
3262.000000 	 0.104125 
3263.000000 	 0.104271 
3264.000000 	 0.104140 
3265.000000 	 0.103857 
3266.000000 	 0.103634 
3267.000000 	 0.103545 
3268.000000 	 0.103283 
3269.000000 	 0.103483 
3270.000000 	 0.102985 
3271.000000 	 0.103006 
3272.000000 	 0.103582 
3273.000000 	 0.103219 
3274.000000 	 0.103349 
3275.000000 	 0.103421 
3276.000000 	 0.103601 
3277.000000 	 0.103331 
3278.000000 	 0.103124 
3279.000000 	 0.103195 
3280.000000 	 0.103393 
3281.000000 	 0.103356 
3282.000000 	 0.103369 
3283.000000 	 0.103035 
3284.000000 	 0.103845 
3285.000000 	 0.103662 
3286.000000 	 0.103294 
3287.000000 	 0.103253 
3288.000000 	 0.103141 
3289.000000 	 0.103649 
3290.000000 	 0.103145 
3291.000000 	 0.103327 
3292.000000 	 0.102867 
3293.000000 	 0.103090 
3294.000000 	 0.103480 
3295.000000 	 0.103450 
3296.000000 	 0.103552 
3297.000000 	 0.103949 
3298.000000 	 0.104244 
3299.000000 	 0.104509 
3300.000000 	 0.104366 
3301.000000 	 0.104296 
3302.000000 	 0.104466 
3303.000000 	 0.104848 
3304.000000 	 0.104678 
3305.000000 	 0.105138 
3306.000000 	 0.105334 
3307.000000 	 0.105204 
3308.000000 	 0.105423 
3309.000000 	 0.105580 
3310.000000 	 0.105490 
3311.000000 	 0.105485 
3312.000000 	 0.105484 
3313.000000 	 0.105593 
3314.000000 	 0.106039 
3315.000000 	 0.106203 
3316.000000 	 0.105928 
3317.000000 	 0.106220 
3318.000000 	 0.106392 
3319.000000 	 0.106253 
3320.000000 	 0.106242 
3321.000000 	 0.106837 
3322.000000 	 0.106996 
3323.000000 	 0.107029 
3324.000000 	 0.107119 
3325.000000 	 0.107422 
3326.000000 	 0.107567 
3327.000000 	 0.106795 
3328.000000 	 0.106651 
3329.000000 	 0.106876 
3330.000000 	 0.106881 
3331.000000 	 0.106896 
3332.000000 	 0.107317 
3333.000000 	 0.106755 
3334.000000 	 0.107052 
3335.000000 	 0.107642 
3336.000000 	 0.107278 
3337.000000 	 0.107566 
3338.000000 	 0.107634 
3339.000000 	 0.107619 
3340.000000 	 0.107246 
3341.000000 	 0.107566 
3342.000000 	 0.106994 
3343.000000 	 0.107569 
3344.000000 	 0.107517 
3345.000000 	 0.106932 
3346.000000 	 0.107296 
3347.000000 	 0.107268 
3348.000000 	 0.107474 
3349.000000 	 0.107836 
3350.000000 	 0.107616 
3351.000000 	 0.107118 
3352.000000 	 0.107501 
3353.000000 	 0.107235 
3354.000000 	 0.106830 
3355.000000 	 0.106848 
3356.000000 	 0.106952 
3357.000000 	 0.106736 
3358.000000 	 0.106672 
3359.000000 	 0.106618 
3360.000000 	 0.107018 
3361.000000 	 0.106333 
3362.000000 	 0.105842 
3363.000000 	 0.105757 
3364.000000 	 0.105463 
3365.000000 	 0.105736 
3366.000000 	 0.105743 
3367.000000 	 0.105768 
3368.000000 	 0.105422 
3369.000000 	 0.105609 
3370.000000 	 0.105749 
3371.000000 	 0.105903 
3372.000000 	 0.105933 
3373.000000 	 0.105626 
3374.000000 	 0.105671 
3375.000000 	 0.105186 
3376.000000 	 0.105494 
3377.000000 	 0.106077 
3378.000000 	 0.106187 
3379.000000 	 0.105738 
3380.000000 	 0.106154 
3381.000000 	 0.105667 
3382.000000 	 0.105369 
3383.000000 	 0.105121 
3384.000000 	 0.105061 
3385.000000 	 0.105206 
3386.000000 	 0.105275 
3387.000000 	 0.105663 
3388.000000 	 0.105368 
3389.000000 	 0.105032 
3390.000000 	 0.104824 
3391.000000 	 0.104763 
3392.000000 	 0.104867 
3393.000000 	 0.104713 
3394.000000 	 0.104516 
3395.000000 	 0.104514 
3396.000000 	 0.104538 
3397.000000 	 0.105278 
3398.000000 	 0.105084 
3399.000000 	 0.105065 
3400.000000 	 0.104942 
3401.000000 	 0.104687 
3402.000000 	 0.104269 
3403.000000 	 0.104050 
3404.000000 	 0.104004 
3405.000000 	 0.103884 
3406.000000 	 0.103934 
3407.000000 	 0.103812 
3408.000000 	 0.103667 
3409.000000 	 0.103107 
3410.000000 	 0.103808 
3411.000000 	 0.103865 
3412.000000 	 0.104505 
3413.000000 	 0.104295 
3414.000000 	 0.104328 
3415.000000 	 0.104656 
3416.000000 	 0.104683 
3417.000000 	 0.104706 
3418.000000 	 0.105336 
3419.000000 	 0.105137 
3420.000000 	 0.104731 
3421.000000 	 0.104536 
3422.000000 	 0.104626 
3423.000000 	 0.104623 
3424.000000 	 0.104770 
3425.000000 	 0.104614 
3426.000000 	 0.104678 
3427.000000 	 0.104931 
3428.000000 	 0.104958 
3429.000000 	 0.104968 
3430.000000 	 0.105491 
3431.000000 	 0.105256 
3432.000000 	 0.105323 
3433.000000 	 0.105296 
3434.000000 	 0.105733 
3435.000000 	 0.105688 
3436.000000 	 0.105694 
3437.000000 	 0.105420 
3438.000000 	 0.105236 
3439.000000 	 0.105196 
3440.000000 	 0.104673 
3441.000000 	 0.104465 
3442.000000 	 0.104491 
3443.000000 	 0.104711 
3444.000000 	 0.104851 
3445.000000 	 0.105031 
3446.000000 	 0.105019 
3447.000000 	 0.104988 
3448.000000 	 0.104539 
3449.000000 	 0.104877 
3450.000000 	 0.104975 
3451.000000 	 0.104493 
3452.000000 	 0.104533 
3453.000000 	 0.104009 
3454.000000 	 0.103913 
3455.000000 	 0.104460 
3456.000000 	 0.104126 
3457.000000 	 0.104495 
3458.000000 	 0.104159 
3459.000000 	 0.103629 
3460.000000 	 0.103585 
3461.000000 	 0.103510 
3462.000000 	 0.103415 
3463.000000 	 0.103311 
3464.000000 	 0.103541 
3465.000000 	 0.103722 
3466.000000 	 0.104604 
3467.000000 	 0.104549 
3468.000000 	 0.104781 
3469.000000 	 0.104682 
3470.000000 	 0.105248 
3471.000000 	 0.105327 
3472.000000 	 0.105414 
3473.000000 	 0.104640 
3474.000000 	 0.104901 
3475.000000 	 0.105388 
3476.000000 	 0.105315 
3477.000000 	 0.105613 
3478.000000 	 0.105783 
3479.000000 	 0.106005 
3480.000000 	 0.105715 
3481.000000 	 0.105413 
3482.000000 	 0.105948 
3483.000000 	 0.106328 
3484.000000 	 0.106273 
3485.000000 	 0.106417 
3486.000000 	 0.106546 
3487.000000 	 0.107135 
3488.000000 	 0.107105 
3489.000000 	 0.106912 
3490.000000 	 0.107321 
3491.000000 	 0.107880 
3492.000000 	 0.107418 
3493.000000 	 0.106936 
3494.000000 	 0.107690 
3495.000000 	 0.107656 
3496.000000 	 0.107438 
3497.000000 	 0.106857 
3498.000000 	 0.106397 
3499.000000 	 0.106896 
3500.000000 	 0.107058 
3501.000000 	 0.107079 
3502.000000 	 0.106489 
3503.000000 	 0.106606 
3504.000000 	 0.106194 
3505.000000 	 0.105498 
3506.000000 	 0.105621 
3507.000000 	 0.105091 
3508.000000 	 0.105869 
3509.000000 	 0.105900 
3510.000000 	 0.105974 
3511.000000 	 0.105831 
3512.000000 	 0.105565 
3513.000000 	 0.105448 
3514.000000 	 0.105238 
3515.000000 	 0.105200 
3516.000000 	 0.104939 
3517.000000 	 0.105393 
3518.000000 	 0.105614 
3519.000000 	 0.105583 
3520.000000 	 0.105886 
3521.000000 	 0.105604 
3522.000000 	 0.105188 
3523.000000 	 0.105287 
3524.000000 	 0.105819 
3525.000000 	 0.105602 
3526.000000 	 0.105577 
3527.000000 	 0.105965 
3528.000000 	 0.105450 
3529.000000 	 0.105669 
3530.000000 	 0.105666 
3531.000000 	 0.105965 
3532.000000 	 0.106109 
3533.000000 	 0.105316 
3534.000000 	 0.104981 
3535.000000 	 0.104387 
3536.000000 	 0.104620 
3537.000000 	 0.104154 
3538.000000 	 0.104265 
3539.000000 	 0.104095 
3540.000000 	 0.104126 
3541.000000 	 0.104139 
3542.000000 	 0.104757 
3543.000000 	 0.104548 
3544.000000 	 0.103927 
3545.000000 	 0.104340 
3546.000000 	 0.104836 
3547.000000 	 0.105070 
3548.000000 	 0.104604 
3549.000000 	 0.105062 
3550.000000 	 0.104482 
3551.000000 	 0.104314 
3552.000000 	 0.104222 
3553.000000 	 0.103961 
3554.000000 	 0.103857 
3555.000000 	 0.103726 
3556.000000 	 0.103973 
3557.000000 	 0.104244 
3558.000000 	 0.104671 
3559.000000 	 0.104488 
3560.000000 	 0.104375 
3561.000000 	 0.104561 
3562.000000 	 0.104233 
3563.000000 	 0.104025 
3564.000000 	 0.103749 
3565.000000 	 0.103832 
3566.000000 	 0.104126 
3567.000000 	 0.103845 
3568.000000 	 0.104217 
3569.000000 	 0.104310 
3570.000000 	 0.104245 
3571.000000 	 0.105028 
3572.000000 	 0.105041 
3573.000000 	 0.105571 
3574.000000 	 0.104835 
3575.000000 	 0.105405 
3576.000000 	 0.105238 
3577.000000 	 0.105491 
3578.000000 	 0.105408 
3579.000000 	 0.104919 
3580.000000 	 0.105314 
3581.000000 	 0.104814 
3582.000000 	 0.104051 
3583.000000 	 0.104037 
3584.000000 	 0.103990 
3585.000000 	 0.104613 
3586.000000 	 0.104708 
3587.000000 	 0.104444 
3588.000000 	 0.104943 
3589.000000 	 0.104581 
3590.000000 	 0.103820 
3591.000000 	 0.103510 
3592.000000 	 0.104425 
3593.000000 	 0.104819 
3594.000000 	 0.105165 
3595.000000 	 0.105031 
3596.000000 	 0.105549 
3597.000000 	 0.105674 
3598.000000 	 0.105224 
3599.000000 	 0.105401 
3600.000000 	 0.105632 
3601.000000 	 0.106068 
3602.000000 	 0.105993 
3603.000000 	 0.105888 
3604.000000 	 0.105796 
3605.000000 	 0.105755 
3606.000000 	 0.106321 
3607.000000 	 0.106256 
3608.000000 	 0.106159 
3609.000000 	 0.105766 
3610.000000 	 0.106006 
3611.000000 	 0.106251 
3612.000000 	 0.107033 
3613.000000 	 0.106738 
3614.000000 	 0.106012 
3615.000000 	 0.105890 
3616.000000 	 0.105976 
3617.000000 	 0.106441 
3618.000000 	 0.106264 
3619.000000 	 0.105634 
3620.000000 	 0.105649 
3621.000000 	 0.105504 
3622.000000 	 0.105702 
3623.000000 	 0.105177 
3624.000000 	 0.104547 
3625.000000 	 0.104565 
3626.000000 	 0.104572 
3627.000000 	 0.104522 
3628.000000 	 0.104257 
3629.000000 	 0.104401 
3630.000000 	 0.104563 
3631.000000 	 0.104904 
3632.000000 	 0.105308 
3633.000000 	 0.104658 
3634.000000 	 0.104355 
3635.000000 	 0.103927 
3636.000000 	 0.104184 
3637.000000 	 0.104098 
3638.000000 	 0.103821 
3639.000000 	 0.103343 
3640.000000 	 0.103424 
3641.000000 	 0.103398 
3642.000000 	 0.103216 
3643.000000 	 0.103011 
3644.000000 	 0.102681 
3645.000000 	 0.102661 
3646.000000 	 0.102894 
3647.000000 	 0.102632 
3648.000000 	 0.103160 
3649.000000 	 0.102869 
3650.000000 	 0.102955 
3651.000000 	 0.102841 
3652.000000 	 0.102827 
3653.000000 	 0.103321 
3654.000000 	 0.103221 
3655.000000 	 0.103688 
3656.000000 	 0.103489 
3657.000000 	 0.103837 
3658.000000 	 0.103238 
3659.000000 	 0.103282 
3660.000000 	 0.103543 
3661.000000 	 0.103523 
3662.000000 	 0.103063 
3663.000000 	 0.102927 
3664.000000 	 0.103099 
3665.000000 	 0.102979 
3666.000000 	 0.102403 
3667.000000 	 0.101979 
3668.000000 	 0.102028 
3669.000000 	 0.102251 
3670.000000 	 0.102272 
3671.000000 	 0.102175 
3672.000000 	 0.101954 
3673.000000 	 0.102102 
3674.000000 	 0.102012 
3675.000000 	 0.102099 
3676.000000 	 0.101904 
3677.000000 	 0.101780 
3678.000000 	 0.101999 
3679.000000 	 0.101889 
3680.000000 	 0.101503 
3681.000000 	 0.101232 
3682.000000 	 0.101236 
3683.000000 	 0.101506 
3684.000000 	 0.101524 
3685.000000 	 0.101390 
3686.000000 	 0.100739 
3687.000000 	 0.100637 
3688.000000 	 0.100742 
3689.000000 	 0.100374 
3690.000000 	 0.099923 
3691.000000 	 0.099860 
3692.000000 	 0.100123 
3693.000000 	 0.100422 
3694.000000 	 0.100348 
3695.000000 	 0.100775 
3696.000000 	 0.100878 
3697.000000 	 0.100695 
3698.000000 	 0.101123 
3699.000000 	 0.101780 
3700.000000 	 0.101943 
3701.000000 	 0.102505 
3702.000000 	 0.102017 
3703.000000 	 0.101578 
3704.000000 	 0.101747 
3705.000000 	 0.102398 
3706.000000 	 0.102269 
3707.000000 	 0.102152 
3708.000000 	 0.102094 
3709.000000 	 0.101615 
3710.000000 	 0.102296 
3711.000000 	 0.101702 
3712.000000 	 0.101444 
3713.000000 	 0.101232 
3714.000000 	 0.101384 
3715.000000 	 0.102184 
3716.000000 	 0.102120 
3717.000000 	 0.101876 
3718.000000 	 0.102103 
3719.000000 	 0.102232 
3720.000000 	 0.101792 
3721.000000 	 0.101566 
3722.000000 	 0.101419 
3723.000000 	 0.101225 
3724.000000 	 0.101285 
3725.000000 	 0.101170 
3726.000000 	 0.101196 
3727.000000 	 0.101162 
3728.000000 	 0.101163 
3729.000000 	 0.101784 
3730.000000 	 0.102152 
3731.000000 	 0.102082 
3732.000000 	 0.101621 
3733.000000 	 0.101808 
3734.000000 	 0.101941 
3735.000000 	 0.102087 
3736.000000 	 0.101957 
3737.000000 	 0.101600 
3738.000000 	 0.101343 
3739.000000 	 0.101998 
3740.000000 	 0.101043 
3741.000000 	 0.100854 
3742.000000 	 0.100613 
3743.000000 	 0.101009 
3744.000000 	 0.101051 
3745.000000 	 0.100281 
3746.000000 	 0.100684 
3747.000000 	 0.100715 
3748.000000 	 0.100958 
3749.000000 	 0.100672 
3750.000000 	 0.100635 
3751.000000 	 0.101163 
3752.000000 	 0.101328 
3753.000000 	 0.101286 
3754.000000 	 0.101646 
3755.000000 	 0.101103 
3756.000000 	 0.100922 
3757.000000 	 0.100403 
3758.000000 	 0.100325 
3759.000000 	 0.100693 
3760.000000 	 0.101012 
3761.000000 	 0.101194 
3762.000000 	 0.100655 
3763.000000 	 0.100803 
3764.000000 	 0.101444 
3765.000000 	 0.101400 
3766.000000 	 0.101654 
3767.000000 	 0.101458 
3768.000000 	 0.101126 
3769.000000 	 0.100547 
3770.000000 	 0.100565 
3771.000000 	 0.100441 
3772.000000 	 0.100535 
3773.000000 	 0.100361 
3774.000000 	 0.100616 
3775.000000 	 0.100769 
3776.000000 	 0.100703 
3777.000000 	 0.100370 
3778.000000 	 0.100095 
3779.000000 	 0.100435 
3780.000000 	 0.100494 
3781.000000 	 0.100602 
3782.000000 	 0.100888 
3783.000000 	 0.101049 
3784.000000 	 0.101179 
3785.000000 	 0.101233 
3786.000000 	 0.101345 
3787.000000 	 0.101372 
3788.000000 	 0.101977 
3789.000000 	 0.102076 
3790.000000 	 0.102103 
3791.000000 	 0.102664 
3792.000000 	 0.102301 
3793.000000 	 0.102410 
3794.000000 	 0.101246 
3795.000000 	 0.101200 
3796.000000 	 0.101358 
3797.000000 	 0.100832 
3798.000000 	 0.101000 
3799.000000 	 0.101264 
3800.000000 	 0.100845 
3801.000000 	 0.100469 
3802.000000 	 0.100559 
3803.000000 	 0.100126 
3804.000000 	 0.100130 
3805.000000 	 0.100412 
3806.000000 	 0.100643 
3807.000000 	 0.100545 
3808.000000 	 0.100378 
3809.000000 	 0.100442 
3810.000000 	 0.100217 
3811.000000 	 0.099929 
3812.000000 	 0.099864 
3813.000000 	 0.099627 
3814.000000 	 0.100251 
3815.000000 	 0.100516 
3816.000000 	 0.099992 
3817.000000 	 0.100390 
3818.000000 	 0.100355 
3819.000000 	 0.100188 
3820.000000 	 0.100358 
3821.000000 	 0.100152 
3822.000000 	 0.100440 
3823.000000 	 0.100684 
3824.000000 	 0.100482 
3825.000000 	 0.100303 
3826.000000 	 0.100170 
3827.000000 	 0.100434 
3828.000000 	 0.100218 
3829.000000 	 0.100324 
3830.000000 	 0.100745 
3831.000000 	 0.100575 
3832.000000 	 0.100237 
3833.000000 	 0.100816 
3834.000000 	 0.100173 
3835.000000 	 0.100407 
3836.000000 	 0.100027 
3837.000000 	 0.100017 
3838.000000 	 0.100483 
3839.000000 	 0.100005 
3840.000000 	 0.100164 
3841.000000 	 0.100288 
3842.000000 	 0.100187 
3843.000000 	 0.100070 
3844.000000 	 0.099935 
3845.000000 	 0.099823 
3846.000000 	 0.099602 
3847.000000 	 0.100119 
3848.000000 	 0.100445 
3849.000000 	 0.100160 
3850.000000 	 0.100339 
3851.000000 	 0.100268 
3852.000000 	 0.100355 
3853.000000 	 0.100498 
3854.000000 	 0.100316 
3855.000000 	 0.100291 
3856.000000 	 0.100476 
3857.000000 	 0.100447 
3858.000000 	 0.100902 
3859.000000 	 0.100947 
3860.000000 	 0.101093 
3861.000000 	 0.100774 
3862.000000 	 0.100789 
3863.000000 	 0.100604 
3864.000000 	 0.100886 
3865.000000 	 0.100860 
3866.000000 	 0.101118 
3867.000000 	 0.101645 
3868.000000 	 0.101116 
3869.000000 	 0.101461 
3870.000000 	 0.101117 
3871.000000 	 0.100922 
3872.000000 	 0.100909 
3873.000000 	 0.100824 
3874.000000 	 0.101176 
3875.000000 	 0.100889 
3876.000000 	 0.100790 
3877.000000 	 0.100588 
3878.000000 	 0.100889 
3879.000000 	 0.100563 
3880.000000 	 0.100809 
3881.000000 	 0.100579 
3882.000000 	 0.100794 
3883.000000 	 0.100717 
3884.000000 	 0.100569 
3885.000000 	 0.099936 
3886.000000 	 0.099970 
3887.000000 	 0.099958 
3888.000000 	 0.099774 
3889.000000 	 0.100110 
3890.000000 	 0.100076 
3891.000000 	 0.100276 
3892.000000 	 0.100020 
3893.000000 	 0.100004 
3894.000000 	 0.100381 
3895.000000 	 0.100647 
3896.000000 	 0.100394 
3897.000000 	 0.100502 
3898.000000 	 0.100455 
3899.000000 	 0.100368 
3900.000000 	 0.100153 
3901.000000 	 0.100051 
3902.000000 	 0.100386 
3903.000000 	 0.099491 
3904.000000 	 0.099653 
3905.000000 	 0.099960 
3906.000000 	 0.099938 
3907.000000 	 0.100012 
3908.000000 	 0.100489 
3909.000000 	 0.100247 
3910.000000 	 0.100201 
3911.000000 	 0.100271 
3912.000000 	 0.100079 
3913.000000 	 0.100336 
3914.000000 	 0.100850 
3915.000000 	 0.100914 
3916.000000 	 0.101427 
3917.000000 	 0.101298 
3918.000000 	 0.101237 
3919.000000 	 0.100742 
3920.000000 	 0.100858 
3921.000000 	 0.101086 
3922.000000 	 0.100785 
3923.000000 	 0.100405 
3924.000000 	 0.100404 
3925.000000 	 0.100234 
3926.000000 	 0.100114 
3927.000000 	 0.100558 
3928.000000 	 0.100815 
3929.000000 	 0.100880 
3930.000000 	 0.100353 
3931.000000 	 0.100293 
3932.000000 	 0.100225 
3933.000000 	 0.100125 
3934.000000 	 0.100516 
3935.000000 	 0.100829 
3936.000000 	 0.100418 
3937.000000 	 0.099767 
3938.000000 	 0.099777 
3939.000000 	 0.099977 
3940.000000 	 0.100372 
3941.000000 	 0.100500 
3942.000000 	 0.100386 
3943.000000 	 0.100204 
3944.000000 	 0.100082 
3945.000000 	 0.099708 
3946.000000 	 0.099864 
3947.000000 	 0.099747 
3948.000000 	 0.099689 
3949.000000 	 0.099730 
3950.000000 	 0.099532 
3951.000000 	 0.099555 
3952.000000 	 0.099159 
3953.000000 	 0.098699 
3954.000000 	 0.098812 
3955.000000 	 0.098740 
3956.000000 	 0.098372 
3957.000000 	 0.098881 
3958.000000 	 0.098680 
3959.000000 	 0.098242 
3960.000000 	 0.098087 
3961.000000 	 0.098482 
3962.000000 	 0.098193 
3963.000000 	 0.098327 
3964.000000 	 0.098785 
3965.000000 	 0.098950 
3966.000000 	 0.098732 
3967.000000 	 0.098563 
3968.000000 	 0.098705 
3969.000000 	 0.098798 
3970.000000 	 0.098623 
3971.000000 	 0.098451 
3972.000000 	 0.098201 
3973.000000 	 0.098355 
3974.000000 	 0.097961 
3975.000000 	 0.098025 
3976.000000 	 0.097792 
3977.000000 	 0.098033 
3978.000000 	 0.097457 
3979.000000 	 0.097603 
3980.000000 	 0.097461 
3981.000000 	 0.097884 
3982.000000 	 0.098517 
3983.000000 	 0.098604 
3984.000000 	 0.098366 
3985.000000 	 0.098295 
3986.000000 	 0.098281 
3987.000000 	 0.098358 
3988.000000 	 0.098545 
3989.000000 	 0.098683 
3990.000000 	 0.098477 
3991.000000 	 0.098628 
3992.000000 	 0.098600 
3993.000000 	 0.098824 
3994.000000 	 0.098540 
3995.000000 	 0.097851 
3996.000000 	 0.097909 
3997.000000 	 0.097956 
3998.000000 	 0.097944 
3999.000000 	 0.098256 
