   9.8754467e-01
   9.8747118e-01
   9.8751736e-01
   9.8747110e-01
   9.8751347e-01
   9.8750306e-01
   9.8776587e-01
   9.8780334e-01
   9.8774327e-01
   9.8774718e-01
   9.8785005e-01
   9.8791709e-01
   9.8801644e-01
   9.8800294e-01
   9.8803697e-01
   9.8823145e-01
   9.8815413e-01
   9.8819079e-01
   9.8814251e-01
   9.8818974e-01
   9.8828460e-01
   9.8838206e-01
   9.8848439e-01
   9.8835724e-01
   9.8855920e-01
   9.8837766e-01
   9.8847088e-01
   9.8855025e-01
   9.8869005e-01
   9.8853743e-01
   9.8853750e-01
   9.8838447e-01
   9.8833687e-01
   9.8843428e-01
   9.8847342e-01
   9.8840668e-01
   9.8851838e-01
   9.8849537e-01
   9.8849088e-01
   9.8850859e-01
   9.8830303e-01
   9.8852058e-01
   9.8862494e-01
   9.8870775e-01
   9.8869882e-01
   9.8864361e-01
   9.8850957e-01
   9.8863542e-01
   9.8889296e-01
   9.8854350e-01
   9.8871127e-01
   9.8879199e-01
   9.8896420e-01
   9.8903053e-01
   9.8919698e-01
   9.8922632e-01
   9.8905318e-01
   9.8882865e-01
   9.8874082e-01
   9.8875417e-01
   9.8870439e-01
   9.8859570e-01
   9.8851079e-01
   9.8837828e-01
   9.8824325e-01
   9.8831147e-01
   9.8826205e-01
   9.8848881e-01
   9.8843845e-01
   9.8834573e-01
   9.8829427e-01
   9.8852452e-01
   9.8861892e-01
   9.8886828e-01
   9.8885067e-01
   9.8884074e-01
   9.8868258e-01
   9.8881538e-01
   9.8887125e-01
   9.8876194e-01
   9.8870705e-01
   9.8865162e-01
   9.8868222e-01
   9.8873482e-01
   9.8870794e-01
   9.8879607e-01
   9.8884218e-01
   9.8876722e-01
   9.8870797e-01
   9.8866869e-01
   9.8858022e-01
   9.8871678e-01
   9.8867912e-01
   9.8863514e-01
   9.8860052e-01
   9.8853402e-01
   9.8851979e-01
   9.8850338e-01
   9.8838886e-01
   9.8845594e-01
   9.8854707e-01
   9.8854565e-01
   9.8854891e-01
   9.8854803e-01
   9.8852980e-01
   9.8858867e-01
   9.8856833e-01
   9.8850556e-01
   9.8847670e-01
   9.8857771e-01
   9.8866089e-01
   9.8866595e-01
   9.8865544e-01
   9.8862114e-01
   9.8864284e-01
   9.8867690e-01
   9.8865049e-01
   9.8862076e-01
   9.8862452e-01
   9.8861439e-01
   9.8865201e-01
   9.8862622e-01
   9.8862213e-01
   9.8860419e-01
   9.8859583e-01
   9.8856844e-01
   9.8860125e-01
   9.8858523e-01
   9.8859697e-01
   9.8858572e-01
   9.8855385e-01
   9.8849133e-01
   9.8834499e-01
   9.8822426e-01
   9.8811170e-01
   9.8812803e-01
   9.8818117e-01
   9.8815616e-01
   9.8795780e-01
   9.8776845e-01
   9.8769272e-01
   9.8756620e-01
   9.8717979e-01
   9.8729859e-01
   9.8741532e-01
   9.8760688e-01
   9.8766468e-01
   9.8757123e-01
   9.8763809e-01
   9.8774966e-01
   9.8761103e-01
   9.8763066e-01
   9.8773672e-01
   9.8778730e-01
   9.8778346e-01
   9.8793372e-01
   9.8785840e-01
   9.8782013e-01
   9.8795684e-01
   9.8778078e-01
   9.8782681e-01
   9.8771166e-01
   9.8774550e-01
   9.8770990e-01
   9.8775808e-01
   9.8764142e-01
   9.8750248e-01
   9.8742705e-01
   9.8727358e-01
   9.8706648e-01
   9.8683984e-01
   9.8660705e-01
   9.8635651e-01
   9.8638432e-01
   9.8663542e-01
   9.8689998e-01
   9.8694474e-01
   9.8697231e-01
   9.8693727e-01
   9.8677166e-01
   9.8628996e-01
   9.8620459e-01
   9.8626319e-01
   9.8652884e-01
   9.8631722e-01
   9.8656407e-01
   9.8642662e-01
   9.8629401e-01
   9.8592327e-01
   9.8586359e-01
   9.8578120e-01
   9.8584786e-01
   9.8560151e-01
   9.8592994e-01
   9.8597466e-01
   9.8621721e-01
   9.8632687e-01
   9.8590444e-01
   9.8563377e-01
   9.8584917e-01
   9.8578845e-01
   9.8560122e-01
   9.8500274e-01
   9.8505198e-01
   9.8498402e-01
   9.8526676e-01
   9.8520137e-01
   9.8557420e-01
   9.8546292e-01
   9.8608190e-01
   9.8606011e-01
   9.8587661e-01
   9.8576482e-01
   9.8560655e-01
   9.8590090e-01
   9.8594976e-01
   9.8572322e-01
   9.8562192e-01
   9.8530786e-01
   9.8514012e-01
   9.8523754e-01
   9.8539489e-01
   9.8507002e-01
   9.8510013e-01
   9.8524412e-01
   9.8553668e-01
   9.8546045e-01
   9.8532098e-01
   9.8497483e-01
   9.8477506e-01
   9.8488502e-01
   9.8487226e-01
   9.8485525e-01
   9.8464430e-01
   9.8454708e-01
   9.8406250e-01
   9.8397593e-01
   9.8374192e-01
   9.8360280e-01
   9.8391426e-01
   9.8366790e-01
   9.8344523e-01
   9.8326176e-01
   9.8321345e-01
   9.8316161e-01
   9.8262661e-01
   9.8309034e-01
   9.8298178e-01
   9.8286276e-01
   9.8251203e-01
   9.8211881e-01
   9.8227600e-01
   9.8222906e-01
   9.8187152e-01
   9.8173929e-01
   9.8153400e-01
   9.8192585e-01
   9.8200232e-01
   9.8256994e-01
   9.8217827e-01
   9.8230193e-01
   9.8262906e-01
   9.8299379e-01
   9.8303775e-01
   9.8249934e-01
   9.8272727e-01
   9.8325183e-01
   9.8342404e-01
   9.8339880e-01
   9.8331829e-01
   9.8298344e-01
   9.8283089e-01
   9.8275528e-01
   9.8269500e-01
   9.8274710e-01
   9.8329960e-01
   9.8313743e-01
   9.8301354e-01
   9.8293651e-01
   9.8303159e-01
   9.8284975e-01
   9.8248758e-01
   9.8259950e-01
   9.8287830e-01
   9.8260076e-01
   9.8258419e-01
   9.8284022e-01
   9.8245360e-01
   9.8243712e-01
   9.8238669e-01
   9.8256162e-01
   9.8271732e-01
   9.8262001e-01
   9.8295750e-01
   9.8275025e-01
   9.8295508e-01
   9.8320291e-01
   9.8361903e-01
   9.8323352e-01
   9.8318997e-01
   9.8319974e-01
   9.8345035e-01
   9.8324348e-01
   9.8328157e-01
   9.8368077e-01
   9.8400418e-01
   9.8395288e-01
   9.8390582e-01
   9.8397299e-01
   9.8386499e-01
   9.8378975e-01
   9.8362865e-01
   9.8331162e-01
   9.8315653e-01
   9.8332608e-01
   9.8356265e-01
   9.8400585e-01
   9.8383961e-01
   9.8390232e-01
   9.8383559e-01
   9.8396704e-01
   9.8382558e-01
   9.8363263e-01
   9.8347854e-01
   9.8317892e-01
   9.8333647e-01
   9.8319126e-01
   9.8363999e-01
   9.8389493e-01
   9.8393785e-01
   9.8422212e-01
   9.8437534e-01
   9.8432122e-01
   9.8425032e-01
   9.8444591e-01
   9.8408015e-01
   9.8400235e-01
   9.8409382e-01
   9.8442661e-01
   9.8445186e-01
   9.8438039e-01
   9.8458632e-01
   9.8457297e-01
   9.8466800e-01
   9.8486581e-01
   9.8495519e-01
   9.8481044e-01
   9.8496696e-01
   9.8502221e-01
   9.8521433e-01
   9.8512327e-01
   9.8486111e-01
   9.8477687e-01
   9.8447954e-01
   9.8459657e-01
   9.8445864e-01
   9.8454346e-01
   9.8442952e-01
   9.8443161e-01
   9.8438762e-01
   9.8432554e-01
   9.8441344e-01
   9.8440631e-01
   9.8450923e-01
   9.8444075e-01
   9.8435073e-01
   9.8431147e-01
   9.8426291e-01
   9.8419060e-01
   9.8417228e-01
   9.8419907e-01
   9.8439271e-01
   9.8445700e-01
   9.8443641e-01
   9.8432991e-01
   9.8420680e-01
   9.8424682e-01
   9.8421943e-01
   9.8412439e-01
   9.8423160e-01
   9.8425509e-01
   9.8432305e-01
   9.8414255e-01
   9.8419162e-01
   9.8412893e-01
   9.8396900e-01
   9.8408162e-01
   9.8409691e-01
   9.8427623e-01
   9.8424340e-01
   9.8402236e-01
   9.8412166e-01
   9.8411216e-01
   9.8431631e-01
   9.8441931e-01
   9.8460868e-01
   9.8455119e-01
   9.8457719e-01
   9.8451736e-01
   9.8471124e-01
   9.8474504e-01
   9.8458053e-01
   9.8435809e-01
   9.8442025e-01
   9.8462094e-01
   9.8451376e-01
   9.8446906e-01
   9.8451870e-01
   9.8440831e-01
   9.8441101e-01
   9.8435969e-01
   9.8436018e-01
   9.8429278e-01
   9.8437821e-01
   9.8433533e-01
   9.8440378e-01
   9.8436572e-01
   9.8435393e-01
   9.8433243e-01
   9.8423941e-01
   9.8419705e-01
   9.8419660e-01
   9.8433021e-01
   9.8445760e-01
   9.8438894e-01
   9.8440264e-01
   9.8433379e-01
   9.8428616e-01
   9.8426516e-01
   9.8432482e-01
   9.8430552e-01
   9.8428549e-01
   9.8431426e-01
   9.8437055e-01
   9.8446009e-01
   9.8440847e-01
   9.8442206e-01
   9.8445912e-01
   9.8441223e-01
   9.8445908e-01
   9.8439357e-01
   9.8435493e-01
   9.8434629e-01
   9.8433871e-01
   9.8430614e-01
   9.8434275e-01
   9.8430643e-01
   9.8432388e-01
   9.8427754e-01
   9.8434073e-01
   9.8435422e-01
   9.8442335e-01
   9.8439745e-01
   9.8449923e-01
   9.8441287e-01
   9.8450963e-01
   9.8456873e-01
   9.8463165e-01
   9.8468357e-01
   9.8467902e-01
   9.8490478e-01
   9.8487238e-01
   9.8473463e-01
   9.8489381e-01
   9.8504025e-01
   9.8497111e-01
   9.8499667e-01
   9.8483111e-01
   9.8482244e-01
   9.8472676e-01
   9.8497585e-01
   9.8494154e-01
   9.8515494e-01
   9.8523626e-01
   9.8516969e-01
   9.8507384e-01
   9.8487412e-01
   9.8484396e-01
   9.8488295e-01
   9.8467750e-01
   9.8491366e-01
   9.8480637e-01
   9.8474025e-01
   9.8476065e-01
   9.8473035e-01
   9.8473445e-01
   9.8473765e-01
   9.8479930e-01
   9.8443153e-01
   9.8441379e-01
   9.8439510e-01
   9.8431594e-01
   9.8404545e-01
   9.8408667e-01
   9.8420820e-01
   9.8429503e-01
   9.8419923e-01
   9.8446687e-01
   9.8435588e-01
   9.8451349e-01
   9.8439641e-01
   9.8438102e-01
   9.8434656e-01
   9.8441745e-01
   9.8423607e-01
   9.8442205e-01
   9.8435542e-01
   9.8431908e-01
   9.8445490e-01
   9.8449902e-01
   9.8458791e-01
   9.8456315e-01
   9.8458510e-01
   9.8458998e-01
   9.8457337e-01
   9.8454405e-01
   9.8457400e-01
   9.8455475e-01
   9.8455865e-01
   9.8455682e-01
   9.8457525e-01
   9.8457248e-01
   9.8458011e-01
   9.8456098e-01
   9.8456506e-01
   9.8456342e-01
   9.8457447e-01
   9.8457066e-01
   9.8458300e-01
   9.8464614e-01
   9.8466855e-01
   9.8461175e-01
   9.8462097e-01
   9.8464242e-01
   9.8466011e-01
   9.8459851e-01
   9.8459662e-01
   9.8453923e-01
   9.8453960e-01
   9.8454519e-01
   9.8452224e-01
   9.8454539e-01
   9.8453146e-01
   9.8445013e-01
   9.8446118e-01
   9.8445002e-01
   9.8451590e-01
   9.8451727e-01
   9.8450292e-01
   9.8445835e-01
   9.8441606e-01
   9.8442142e-01
   9.8444934e-01
   9.8451205e-01
   9.8451991e-01
   9.8452101e-01
   9.8461279e-01
   9.8463619e-01
   9.8460946e-01
   9.8454449e-01
   9.8455881e-01
   9.8451984e-01
   9.8455577e-01
   9.8456286e-01
   9.8455869e-01
   9.8457891e-01
   9.8458684e-01
   9.8467731e-01
   9.8463761e-01
   9.8454014e-01
   9.8452287e-01
   9.8454298e-01
   9.8452445e-01
   9.8455103e-01
   9.8459132e-01
   9.8458600e-01
   9.8448765e-01
   9.8448843e-01
   9.8452818e-01
   9.8449513e-01
   9.8450177e-01
   9.8450160e-01
   9.8450410e-01
   9.8451206e-01
   9.8452530e-01
   9.8451856e-01
   9.8452098e-01
   9.8455446e-01
   9.8455004e-01
   9.8444101e-01
   9.8443297e-01
   9.8440491e-01
   9.8451210e-01
   9.8456288e-01
   9.8450575e-01
   9.8451790e-01
   9.8454099e-01
   9.8451990e-01
   9.8447309e-01
   9.8446961e-01
   9.8447031e-01
   9.8448927e-01
   9.8450170e-01
   9.8443971e-01
   9.8443959e-01
   9.8450028e-01
   9.8448167e-01
   9.8444292e-01
   9.8446442e-01
   9.8451688e-01
   9.8455638e-01
   9.8441319e-01
   9.8440538e-01
   9.8446886e-01
   9.8456035e-01
   9.8455859e-01
   9.8458703e-01
   9.8459727e-01
   9.8461325e-01
   9.8460513e-01
   9.8460953e-01
   9.8461337e-01
   9.8466726e-01
   9.8473098e-01
   9.8469387e-01
   9.8466375e-01
   9.8459015e-01
   9.8463554e-01
   9.8464386e-01
   9.8456634e-01
   9.8460780e-01
   9.8444885e-01
   9.8441128e-01
   9.8455924e-01
   9.8469249e-01
   9.8478104e-01
   9.8472598e-01
   9.8477290e-01
   9.8482525e-01
   9.8496923e-01
   9.8487346e-01
   9.8496161e-01
   9.8479045e-01
   9.8474082e-01
   9.8454791e-01
   9.8441775e-01
   9.8433134e-01
   9.8435896e-01
   9.8445203e-01
   9.8474866e-01
   9.8488955e-01
   9.8487291e-01
   9.8538875e-01
   9.8543523e-01
   9.8549992e-01
   9.8520376e-01
   9.8506607e-01
   9.8509693e-01
   9.8505900e-01
   9.8509103e-01
   9.8519765e-01
   9.8515884e-01
   9.8504361e-01
   9.8516586e-01
   9.8499437e-01
   9.8486518e-01
   9.8483165e-01
   9.8456431e-01
   9.8459081e-01
   9.8469935e-01
   9.8478859e-01
   9.8486862e-01
   9.8484299e-01
   9.8464478e-01
   9.8458524e-01
   9.8448200e-01
   9.8446124e-01
   9.8459291e-01
   9.8463685e-01
   9.8467997e-01
   9.8462820e-01
   9.8473094e-01
   9.8467402e-01
   9.8460746e-01
   9.8472917e-01
   9.8466886e-01
   9.8478195e-01
   9.8469822e-01
   9.8462105e-01
   9.8473527e-01
   9.8497830e-01
   9.8501114e-01
   9.8510760e-01
   9.8514686e-01
   9.8525297e-01
   9.8527981e-01
   9.8549695e-01
   9.8566239e-01
   9.8577629e-01
   9.8612644e-01
   9.8600972e-01
   9.8597660e-01
   9.8604288e-01
   9.8612218e-01
   9.8586030e-01
   9.8610538e-01
   9.8591588e-01
   9.8591643e-01
   9.8614062e-01
   9.8612279e-01
   9.8630251e-01
   9.8646629e-01
   9.8630729e-01
   9.8602246e-01
   9.8611516e-01
   9.8609396e-01
   9.8627787e-01
   9.8634363e-01
   9.8612976e-01
   9.8619740e-01
   9.8636231e-01
   9.8636533e-01
   9.8644423e-01
   9.8638066e-01
   9.8621197e-01
   9.8625239e-01
   9.8617520e-01
   9.8632110e-01
   9.8639727e-01
   9.8620065e-01
   9.8624373e-01
   9.8627795e-01
   9.8642760e-01
   9.8630571e-01
   9.8639698e-01
   9.8645481e-01
   9.8672460e-01
   9.8657460e-01
   9.8658302e-01
   9.8665485e-01
   9.8683388e-01
   9.8676457e-01
   9.8665151e-01
   9.8666147e-01
   9.8685533e-01
   9.8679578e-01
   9.8662465e-01
   9.8667205e-01
   9.8682818e-01
   9.8674358e-01
   9.8687575e-01
   9.8684577e-01
   9.8705520e-01
   9.8729984e-01
   9.8726484e-01
   9.8736797e-01
   9.8725036e-01
   9.8722066e-01
   9.8698686e-01
   9.8694119e-01
   9.8699888e-01
   9.8684311e-01
   9.8685907e-01
   9.8694911e-01
   9.8693065e-01
   9.8694766e-01
   9.8709008e-01
   9.8708773e-01
   9.8710963e-01
   9.8721697e-01
   9.8705783e-01
   9.8702163e-01
   9.8730369e-01
   9.8744318e-01
   9.8731448e-01
   9.8719282e-01
   9.8711327e-01
   9.8715721e-01
   9.8724180e-01
   9.8723020e-01
   9.8714676e-01
   9.8713431e-01
   9.8715374e-01
   9.8712325e-01
   9.8704042e-01
   9.8715713e-01
   9.8719446e-01
   9.8721609e-01
   9.8712649e-01
   9.8718201e-01
   9.8733490e-01
   9.8730015e-01
   9.8734498e-01
   9.8742054e-01
   9.8769204e-01
   9.8770881e-01
   9.8750684e-01
   9.8750422e-01
   9.8743362e-01
   9.8762029e-01
   9.8761678e-01
   9.8769273e-01
   9.8784527e-01
   9.8792236e-01
   9.8791134e-01
   9.8765551e-01
   9.8768431e-01
   9.8771382e-01
   9.8784052e-01
   9.8811211e-01
   9.8804389e-01
   9.8816249e-01
   9.8830732e-01
   9.8838197e-01
   9.8825788e-01
   9.8814487e-01
   9.8836649e-01
   9.8833691e-01
   9.8815681e-01
   9.8835084e-01
   9.8831821e-01
   9.8841612e-01
   9.8813898e-01
   9.8803204e-01
   9.8804011e-01
   9.8811583e-01
   9.8832273e-01
   9.8851778e-01
   9.8863487e-01
   9.8877034e-01
   9.8866505e-01
   9.8885203e-01
   9.8897907e-01
   9.8907271e-01
   9.8916311e-01
   9.8921796e-01
   9.8928107e-01
   9.8928754e-01
   9.8901227e-01
   9.8918945e-01
   9.8926642e-01
   9.8887795e-01
   9.8890094e-01
   9.8883156e-01
   9.8882194e-01
   9.8875063e-01
   9.8868126e-01
   9.8885606e-01
   9.8891670e-01
   9.8902275e-01
   9.8919359e-01
   9.8893101e-01
   9.8915393e-01
   9.8894873e-01
   9.8882944e-01
   9.8875246e-01
   9.8884700e-01
   9.8905987e-01
   9.8911229e-01
   9.8915809e-01
   9.8904208e-01
   9.8933583e-01
   9.8936591e-01
   9.8937364e-01
   9.8948983e-01
   9.8930442e-01
   9.8933907e-01
   9.8940615e-01
   9.8932352e-01
   9.8908889e-01
   9.8899300e-01
   9.8889611e-01
   9.8867397e-01
   9.8873860e-01
   9.8876177e-01
   9.8861823e-01
   9.8855181e-01
   9.8847784e-01
   9.8842376e-01
   9.8843082e-01
   9.8851868e-01
   9.8864034e-01
   9.8869804e-01
   9.8862212e-01
   9.8859381e-01
   9.8860758e-01
   9.8871246e-01
   9.8874373e-01
   9.8870456e-01
   9.8867762e-01
   9.8868508e-01
   9.8886085e-01
   9.8893344e-01
   9.8882830e-01
   9.8894702e-01
   9.8892304e-01
   9.8874721e-01
   9.8877883e-01
   9.8868556e-01
   9.8878826e-01
   9.8872746e-01
   9.8890133e-01
   9.8889858e-01
   9.8892732e-01
   9.8892988e-01
   9.8895778e-01
   9.8892434e-01
   9.8909381e-01
   9.8905937e-01
   9.8902628e-01
   9.8902142e-01
   9.8897266e-01
   9.8905327e-01
   9.8916882e-01
   9.8924620e-01
   9.8926376e-01
   9.8912257e-01
   9.8901697e-01
   9.8907734e-01
   9.8906163e-01
   9.8897516e-01
   9.8905995e-01
   9.8916599e-01
   9.8916293e-01
   9.8911806e-01
   9.8913463e-01
   9.8932239e-01
   9.8920300e-01
   9.8938834e-01
   9.8934895e-01
   9.8944036e-01
   9.8942851e-01
   9.8947847e-01
   9.8959470e-01
   9.8956942e-01
   9.8971273e-01
   9.8964270e-01
   9.8967500e-01
   9.8948374e-01
   9.8940094e-01
   9.8937814e-01
   9.8935517e-01
   9.8930481e-01
   9.8937203e-01
   9.8945385e-01
   9.8944447e-01
   9.8942929e-01
   9.8948582e-01
   9.8953561e-01
   9.8950455e-01
   9.8944373e-01
   9.8940390e-01
   9.8938455e-01
   9.8945032e-01
   9.8954187e-01
   9.8940401e-01
   9.8939648e-01
   9.8939301e-01
   9.8935915e-01
   9.8931782e-01
   9.8927876e-01
   9.8931969e-01
   9.8927740e-01
   9.8931747e-01
   9.8944667e-01
   9.8944369e-01
   9.8943263e-01
   9.8948008e-01
   9.8949273e-01
   9.8940923e-01
   9.8937270e-01
   9.8939781e-01
   9.8938085e-01
   9.8944008e-01
   9.8946414e-01
   9.8957466e-01
   9.8976913e-01
   9.8970544e-01
   9.8959062e-01
   9.8960037e-01
   9.8952915e-01
   9.8960350e-01
   9.8952704e-01
   9.8948496e-01
   9.8944805e-01
   9.8941558e-01
   9.8942249e-01
   9.8943452e-01
   9.8940321e-01
   9.8941849e-01
   9.8942651e-01
   9.8952294e-01
   9.8953263e-01
   9.8958959e-01
   9.8971315e-01
   9.8975812e-01
   9.8959810e-01
   9.8960351e-01
   9.8959084e-01
   9.8958085e-01
   9.8959074e-01
   9.8955142e-01
   9.8959016e-01
   9.8959495e-01
   9.8960125e-01
   9.8972793e-01
   9.8970628e-01
   9.8960175e-01
   9.8959977e-01
   9.8964234e-01
   9.8958986e-01
   9.8953229e-01
   9.8947121e-01
   9.8943217e-01
   9.8955007e-01
   9.8952274e-01
   9.8949747e-01
   9.8950579e-01
   9.8947888e-01
   9.8948197e-01
   9.8946884e-01
   9.8953422e-01
   9.8952300e-01
   9.8952573e-01
   9.8952784e-01
   9.8953205e-01
   9.8954186e-01
   9.8955375e-01
   9.8956964e-01
   9.8953925e-01
   9.8950531e-01
   9.8948759e-01
   9.8947997e-01
   9.8947334e-01
   9.8948238e-01
   9.8949152e-01
   9.8949201e-01
   9.8947677e-01
   9.8947533e-01
   9.8945705e-01
   9.8948636e-01
   9.8955609e-01
   9.8959878e-01
   9.8959536e-01
   9.8957738e-01
   9.8959264e-01
   9.8958921e-01
   9.8957647e-01
   9.8956394e-01
   9.8957644e-01
   9.8961229e-01
   9.8963696e-01
   9.8962503e-01
   9.8961523e-01
   9.8961443e-01
   9.8963676e-01
   9.8964828e-01
   9.8964769e-01
   9.8959940e-01
   9.8962201e-01
   9.8963154e-01
   9.8962387e-01
   9.8961000e-01
   9.8962500e-01
   9.8968045e-01
   9.8970836e-01
   9.8983244e-01
   9.8995149e-01
   9.9019759e-01
   9.9011465e-01
   9.8995745e-01
   9.9000635e-01
   9.8997151e-01
   9.8997734e-01
   9.9011040e-01
   9.9031879e-01
   9.9013075e-01
   9.9023673e-01
   9.9040827e-01
   9.9032965e-01
   9.9021945e-01
   9.9026490e-01
   9.9020526e-01
   9.9021009e-01
   9.9026704e-01
   9.9052380e-01
   9.9054978e-01
   9.9062171e-01
   9.9056772e-01
   9.9043398e-01
   9.9040115e-01
   9.9044975e-01
   9.9039662e-01
   9.9047417e-01
   9.9040204e-01
   9.9035362e-01
   9.9040041e-01
   9.9050671e-01
   9.9056762e-01
   9.9071819e-01
   9.9072766e-01
   9.9077654e-01
   9.9080717e-01
   9.9101665e-01
   9.9114293e-01
   9.9136724e-01
   9.9107107e-01
   9.9133521e-01
   9.9133568e-01
   9.9138256e-01
   9.9136933e-01
   9.9133836e-01
   9.9142572e-01
   9.9132268e-01
   9.9132653e-01
   9.9103593e-01
   9.9103499e-01
   9.9086883e-01
   9.9096720e-01
   9.9097909e-01
   9.9086153e-01
   9.9088310e-01
   9.9092945e-01
   9.9098771e-01
   9.9094599e-01
   9.9102167e-01
   9.9115584e-01
   9.9110771e-01
   9.9125081e-01
   9.9149229e-01
   9.9157671e-01
   9.9158018e-01
   9.9152017e-01
   9.9148303e-01
   9.9121907e-01
   9.9120016e-01
   9.9134000e-01
   9.9148016e-01
   9.9155726e-01
   9.9160030e-01
   9.9203954e-01
   9.9201321e-01
   9.9203552e-01
   9.9238213e-01
   9.9248345e-01
   9.9243635e-01
   9.9288104e-01
   9.9316689e-01
   9.9275495e-01
   9.9261971e-01
   9.9276740e-01
   9.9285438e-01
   9.9268759e-01
   9.9269215e-01
   9.9250761e-01
   9.9202193e-01
   9.9221997e-01
   9.9208764e-01
   9.9200495e-01
   9.9185674e-01
   9.9181034e-01
   9.9178193e-01
   9.9203883e-01
   9.9217397e-01
   9.9198045e-01
   9.9191797e-01
   9.9184173e-01
   9.9191426e-01
   9.9191794e-01
   9.9188132e-01
   9.9188316e-01
   9.9201564e-01
   9.9206551e-01
   9.9209824e-01
   9.9205283e-01
   9.9202482e-01
   9.9197922e-01
   9.9173367e-01
   9.9189972e-01
   9.9192979e-01
   9.9174541e-01
   9.9171698e-01
   9.9165853e-01
   9.9165422e-01
   9.9154504e-01
   9.9159936e-01
   9.9169188e-01
   9.9164619e-01
   9.9171632e-01
   9.9185532e-01
   9.9169927e-01
   9.9173955e-01
   9.9175139e-01
   9.9174920e-01
   9.9175452e-01
   9.9173549e-01
   9.9163787e-01
   9.9147492e-01
   9.9157360e-01
   9.9155433e-01
   9.9153999e-01
   9.9144752e-01
   9.9149260e-01
   9.9168370e-01
   9.9161713e-01
   9.9170673e-01
   9.9161966e-01
   9.9150995e-01
   9.9163563e-01
   9.9139314e-01
   9.9153326e-01
   9.9134379e-01
   9.9123920e-01
   9.9141373e-01
   9.9125857e-01
   9.9116349e-01
   9.9112519e-01
   9.9097080e-01
   9.9098115e-01
   9.9116742e-01
   9.9121547e-01
   9.9127196e-01
   9.9145130e-01
   9.9137610e-01
   9.9121699e-01
   9.9121679e-01
   9.9113387e-01
   9.9111167e-01
   9.9115150e-01
   9.9119601e-01
   9.9119994e-01
   9.9123099e-01
   9.9123355e-01
   9.9121645e-01
   9.9117763e-01
   9.9110362e-01
   9.9104824e-01
   9.9114043e-01
   9.9118745e-01
   9.9116422e-01
   9.9116117e-01
   9.9116476e-01
   9.9128944e-01
   9.9128131e-01
   9.9123695e-01
   9.9127875e-01
   9.9127543e-01
   9.9137412e-01
   9.9139948e-01
   9.9137820e-01
   9.9138510e-01
   9.9138410e-01
   9.9136757e-01
   9.9138756e-01
   9.9140447e-01
   9.9142681e-01
   9.9146425e-01
   9.9149468e-01
   9.9148062e-01
   9.9145331e-01
   9.9134357e-01
   9.9140294e-01
   9.9141903e-01
   9.9143776e-01
   9.9139434e-01
   9.9141422e-01
   9.9144585e-01
   9.9148367e-01
   9.9139801e-01
   9.9135988e-01
   9.9136797e-01
   9.9137427e-01
   9.9135729e-01
   9.9136454e-01
   9.9135957e-01
   9.9138622e-01
   9.9141078e-01
   9.9141814e-01
   9.9140550e-01
   9.9141659e-01
   9.9140648e-01
   9.9140307e-01
   9.9141794e-01
   9.9142875e-01
   9.9145276e-01
   9.9148414e-01
   9.9146142e-01
   9.9154164e-01
   9.9149109e-01
   9.9153488e-01
   9.9163290e-01
   9.9168030e-01
   9.9170008e-01
   9.9162427e-01
   9.9150196e-01
   9.9152264e-01
   9.9145540e-01
   9.9137837e-01
   9.9129291e-01
   9.9130388e-01
   9.9129302e-01
   9.9127101e-01
   9.9129676e-01
   9.9130204e-01
   9.9141505e-01
   9.9145574e-01
   9.9141922e-01
   9.9140145e-01
   9.9145932e-01
   9.9149393e-01
   9.9153435e-01
   9.9152589e-01
   9.9163531e-01
   9.9157279e-01
   9.9157903e-01
   9.9154051e-01
   9.9151895e-01
   9.9145421e-01
   9.9134343e-01
   9.9125854e-01
   9.9135841e-01
   9.9139658e-01
   9.9139173e-01
   9.9136857e-01
   9.9137458e-01
   9.9137613e-01
   9.9142154e-01
   9.9148520e-01
   9.9157918e-01
   9.9165599e-01
   9.9166615e-01
   9.9172480e-01
   9.9184063e-01
   9.9185920e-01
   9.9182846e-01
   9.9182044e-01
   9.9177036e-01
   9.9172620e-01
   9.9182756e-01
   9.9179762e-01
   9.9188269e-01
   9.9191330e-01
   9.9193798e-01
   9.9191563e-01
   9.9193360e-01
   9.9199971e-01
   9.9204214e-01
   9.9217601e-01
   9.9230759e-01
   9.9215191e-01
   9.9221341e-01
   9.9218847e-01
   9.9239770e-01
   9.9245848e-01
   9.9241706e-01
   9.9236583e-01
   9.9227758e-01
   9.9226735e-01
   9.9226123e-01
   9.9202380e-01
   9.9198821e-01
   9.9207240e-01
   9.9212391e-01
   9.9211869e-01
   9.9213672e-01
   9.9215867e-01
   9.9212901e-01
   9.9214338e-01
   9.9210910e-01
   9.9215498e-01
   9.9219065e-01
   9.9210200e-01
   9.9213994e-01
   9.9212990e-01
   9.9214627e-01
   9.9225070e-01
   9.9236109e-01
   9.9244220e-01
   9.9227050e-01
   9.9229980e-01
   9.9217672e-01
   9.9211497e-01
   9.9208402e-01
   9.9208949e-01
   9.9202567e-01
   9.9198679e-01
   9.9197860e-01
   9.9196468e-01
   9.9193956e-01
   9.9188802e-01
   9.9187119e-01
   9.9195120e-01
   9.9201992e-01
   9.9197719e-01
   9.9196649e-01
   9.9197604e-01
   9.9202808e-01
   9.9194697e-01
   9.9182804e-01
   9.9189814e-01
   9.9188319e-01
   9.9191509e-01
   9.9195289e-01
   9.9194330e-01
   9.9198678e-01
   9.9205726e-01
   9.9208947e-01
   9.9208244e-01
   9.9215714e-01
   9.9215188e-01
   9.9213291e-01
   9.9205309e-01
   9.9215311e-01
   9.9214097e-01
   9.9226796e-01
   9.9231322e-01
   9.9237144e-01
   9.9235035e-01
   9.9242384e-01
   9.9258718e-01
   9.9254662e-01
   9.9259784e-01
   9.9258895e-01
   9.9246558e-01
   9.9243164e-01
   9.9241039e-01
   9.9243726e-01
   9.9235030e-01
   9.9229700e-01
   9.9240168e-01
   9.9243119e-01
   9.9242767e-01
   9.9240422e-01
   9.9236914e-01
   9.9235072e-01
   9.9227242e-01
   9.9231655e-01
   9.9227120e-01
   9.9232522e-01
   9.9237292e-01
   9.9242100e-01
   9.9247113e-01
   9.9248469e-01
   9.9235257e-01
   9.9231261e-01
   9.9237205e-01
   9.9232543e-01
   9.9228547e-01
   9.9221569e-01
   9.9218038e-01
   9.9217267e-01
   9.9216667e-01
   9.9216113e-01
   9.9215449e-01
   9.9216087e-01
   9.9215938e-01
   9.9218340e-01
   9.9217520e-01
   9.9213784e-01
   9.9216007e-01
   9.9219198e-01
   9.9216975e-01
   9.9220484e-01
   9.9218701e-01
   9.9219472e-01
   9.9215720e-01
   9.9215960e-01
   9.9215364e-01
   9.9210658e-01
   9.9213698e-01
   9.9215979e-01
   9.9217580e-01
   9.9217005e-01
   9.9223627e-01
   9.9223142e-01
   9.9223336e-01
   9.9226526e-01
   9.9224608e-01
   9.9216774e-01
   9.9215067e-01
   9.9215203e-01
   9.9214075e-01
   9.9206194e-01
   9.9212126e-01
   9.9216315e-01
   9.9215751e-01
   9.9218175e-01
   9.9224458e-01
   9.9229235e-01
   9.9230882e-01
   9.9237362e-01
   9.9237039e-01
   9.9242232e-01
   9.9251842e-01
   9.9248071e-01
   9.9244827e-01
   9.9237223e-01
   9.9236007e-01
   9.9240072e-01
   9.9231754e-01
   9.9229415e-01
   9.9236002e-01
   9.9240012e-01
   9.9237306e-01
   9.9238623e-01
   9.9230861e-01
   9.9224528e-01
   9.9229576e-01
   9.9228168e-01
   9.9232351e-01
   9.9227400e-01
   9.9223981e-01
   9.9220122e-01
   9.9209003e-01
   9.9217289e-01
   9.9209403e-01
   9.9214313e-01
   9.9201814e-01
   9.9195689e-01
   9.9196024e-01
   9.9175043e-01
   9.9175866e-01
   9.9159493e-01
   9.9158424e-01
   9.9170764e-01
   9.9170182e-01
   9.9163602e-01
   9.9158645e-01
   9.9176238e-01
   9.9173326e-01
   9.9165206e-01
   9.9143705e-01
   9.9156756e-01
   9.9135708e-01
   9.9144031e-01
   9.9144546e-01
   9.9133626e-01
   9.9149361e-01
   9.9143323e-01
   9.9131704e-01
   9.9111063e-01
   9.9096644e-01
   9.9091893e-01
   9.9133196e-01
   9.9112742e-01
   9.9124571e-01
   9.9131189e-01
   9.9121520e-01
   9.9140668e-01
   9.9140073e-01
   9.9129019e-01
   9.9135780e-01
   9.9143972e-01
   9.9135700e-01
   9.9154980e-01
   9.9184371e-01
   9.9181569e-01
   9.9173629e-01
   9.9192047e-01
   9.9171808e-01
   9.9159372e-01
   9.9166382e-01
   9.9150612e-01
   9.9151352e-01
   9.9145340e-01
   9.9138159e-01
   9.9141591e-01
   9.9122058e-01
   9.9123228e-01
   9.9116538e-01
   9.9129872e-01
   9.9118869e-01
   9.9131995e-01
   9.9139095e-01
   9.9141006e-01
   9.9114245e-01
   9.9107599e-01
   9.9105711e-01
   9.9101984e-01
   9.9105182e-01
   9.9105052e-01
   9.9095066e-01
   9.9082285e-01
   9.9083886e-01
   9.9076389e-01
   9.9066530e-01
   9.9062828e-01
   9.9054471e-01
   9.9069887e-01
   9.9066310e-01
   9.9066422e-01
   9.9059447e-01
   9.9058998e-01
   9.9037146e-01
   9.9039049e-01
   9.9029706e-01
   9.9041887e-01
   9.9055354e-01
   9.9058440e-01
   9.9052606e-01
   9.9044220e-01
   9.9055479e-01
   9.9048479e-01
   9.9044827e-01
   9.9052743e-01
   9.9056040e-01
   9.9062149e-01
   9.9066546e-01
   9.9055513e-01
   9.9053146e-01
   9.9020773e-01
   9.9009928e-01
   9.9034245e-01
   9.9048338e-01
   9.9047865e-01
   9.9041169e-01
   9.9056235e-01
   9.9047196e-01
   9.9034452e-01
   9.9037197e-01
   9.9061148e-01
   9.9063791e-01
   9.9034649e-01
   9.9026037e-01
   9.9019161e-01
   9.9016033e-01
   9.9031322e-01
   9.9039067e-01
   9.9071850e-01
   9.9074866e-01
   9.9095860e-01
   9.9093414e-01
   9.9067882e-01
   9.9075503e-01
   9.9063630e-01
   9.9058163e-01
   9.9069130e-01
   9.9088854e-01
   9.9084973e-01
   9.9089475e-01
   9.9079306e-01
   9.9070244e-01
   9.9084824e-01
   9.9090876e-01
   9.9107660e-01
   9.9091884e-01
   9.9093450e-01
   9.9114784e-01
   9.9121053e-01
   9.9125816e-01
   9.9135861e-01
   9.9165984e-01
   9.9148331e-01
   9.9148048e-01
   9.9145285e-01
   9.9125051e-01
   9.9131068e-01
   9.9122079e-01
   9.9124568e-01
   9.9111584e-01
   9.9112853e-01
   9.9107959e-01
   9.9106061e-01
   9.9094280e-01
   9.9093065e-01
   9.9097388e-01
   9.9105218e-01
   9.9126291e-01
   9.9126010e-01
   9.9142750e-01
   9.9138896e-01
   9.9140912e-01
   9.9137585e-01
   9.9143378e-01
   9.9149938e-01
   9.9130322e-01
   9.9131141e-01
   9.9134940e-01
   9.9148649e-01
   9.9164444e-01
   9.9181063e-01
   9.9176010e-01
   9.9168452e-01
   9.9163546e-01
   9.9150249e-01
   9.9168334e-01
   9.9171675e-01
   9.9154942e-01
   9.9165267e-01
   9.9162436e-01
   9.9156710e-01
   9.9166872e-01
   9.9162556e-01
   9.9156098e-01
   9.9155786e-01
   9.9143184e-01
   9.9128453e-01
   9.9117371e-01
   9.9128975e-01
   9.9136566e-01
   9.9148600e-01
   9.9159175e-01
   9.9139317e-01
   9.9139656e-01
   9.9144329e-01
   9.9149983e-01
   9.9145215e-01
   9.9145040e-01
   9.9141683e-01
   9.9165755e-01
   9.9172833e-01
   9.9189199e-01
   9.9199282e-01
   9.9191178e-01
   9.9194107e-01
   9.9211698e-01
   9.9211675e-01
   9.9219670e-01
   9.9207369e-01
   9.9211254e-01
   9.9219601e-01
   9.9200125e-01
   9.9190227e-01
   9.9203607e-01
   9.9213240e-01
   9.9210320e-01
   9.9223893e-01
   9.9225377e-01
   9.9214588e-01
   9.9201913e-01
   9.9212570e-01
   9.9226172e-01
   9.9228183e-01
   9.9228532e-01
   9.9246678e-01
   9.9240590e-01
   9.9225953e-01
   9.9232449e-01
   9.9238457e-01
   9.9203506e-01
   9.9231897e-01
   9.9250022e-01
   9.9263769e-01
   9.9300292e-01
   9.9311894e-01
   9.9288001e-01
   9.9293896e-01
   9.9266050e-01
   9.9258501e-01
   9.9250117e-01
   9.9249608e-01
   9.9241659e-01
   9.9239424e-01
   9.9245639e-01
   9.9247639e-01
   9.9227677e-01
   9.9247475e-01
   9.9239188e-01
   9.9238534e-01
   9.9248647e-01
   9.9261759e-01
   9.9255725e-01
   9.9268593e-01
   9.9272877e-01
   9.9288347e-01
   9.9283091e-01
   9.9284687e-01
   9.9307427e-01
   9.9300906e-01
   9.9313410e-01
   9.9303941e-01
   9.9310593e-01
   9.9315712e-01
   9.9320119e-01
   9.9330944e-01
   9.9322150e-01
   9.9316558e-01
   9.9302803e-01
   9.9299018e-01
   9.9305485e-01
   9.9316085e-01
   9.9293017e-01
   9.9309375e-01
   9.9292771e-01
   9.9282586e-01
   9.9293566e-01
   9.9314495e-01
   9.9318576e-01
   9.9320663e-01
   9.9325441e-01
   9.9342513e-01
   9.9356605e-01
   9.9322666e-01
   9.9320467e-01
   9.9341144e-01
   9.9320604e-01
   9.9335737e-01
   9.9331592e-01
   9.9314182e-01
   9.9303234e-01
   9.9326126e-01
   9.9339907e-01
   9.9346202e-01
   9.9368631e-01
   9.9377230e-01
   9.9362720e-01
   9.9387368e-01
   9.9384574e-01
   9.9390456e-01
   9.9356882e-01
   9.9345695e-01
   9.9351083e-01
   9.9354715e-01
   9.9364268e-01
   9.9350230e-01
   9.9366662e-01
   9.9377055e-01
   9.9385851e-01
   9.9375538e-01
   9.9385173e-01
   9.9380988e-01
   9.9382226e-01
   9.9368488e-01
   9.9386218e-01
   9.9362330e-01
   9.9343866e-01
   9.9320638e-01
   9.9326360e-01
   9.9332841e-01
   9.9344775e-01
   9.9334761e-01
   9.9343433e-01
   9.9356833e-01
   9.9364109e-01
   9.9366573e-01
   9.9362765e-01
   9.9380095e-01
   9.9380680e-01
   9.9362192e-01
   9.9346605e-01
   9.9334472e-01
   9.9335121e-01
   9.9341151e-01
   9.9339645e-01
   9.9335902e-01
   9.9319235e-01
   9.9311174e-01
   9.9316939e-01
   9.9321197e-01
   9.9317335e-01
   9.9310914e-01
   9.9308252e-01
   9.9322145e-01
   9.9337311e-01
   9.9333444e-01
   9.9333129e-01
   9.9321637e-01
   9.9321828e-01
   9.9313746e-01
   9.9305167e-01
   9.9286137e-01
   9.9303931e-01
   9.9304296e-01
   9.9302957e-01
   9.9296077e-01
   9.9294968e-01
   9.9296894e-01
   9.9300915e-01
   9.9311470e-01
   9.9311123e-01
   9.9299778e-01
   9.9306509e-01
   9.9310442e-01
   9.9301321e-01
   9.9302820e-01
   9.9313626e-01
   9.9308168e-01
   9.9312632e-01
   9.9310544e-01
   9.9310087e-01
   9.9318008e-01
   9.9323340e-01
   9.9297898e-01
   9.9290228e-01
   9.9287340e-01
   9.9281537e-01
   9.9283223e-01
   9.9283075e-01
   9.9271812e-01
   9.9278056e-01
   9.9274143e-01
   9.9292926e-01
   9.9286861e-01
   9.9291808e-01
   9.9281402e-01
   9.9280168e-01
   9.9288650e-01
   9.9293939e-01
   9.9306275e-01
   9.9308822e-01
   9.9322271e-01
   9.9327738e-01
   9.9324753e-01
   9.9318040e-01
   9.9341159e-01
   9.9329002e-01
   9.9342753e-01
   9.9345021e-01
   9.9349504e-01
   9.9343511e-01
   9.9347022e-01
   9.9341445e-01
   9.9331999e-01
   9.9330467e-01
   9.9341478e-01
   9.9333686e-01
   9.9321713e-01
   9.9318616e-01
   9.9324760e-01
   9.9300178e-01
   9.9307127e-01
   9.9311864e-01
   9.9310567e-01
   9.9306889e-01
   9.9293694e-01
   9.9286052e-01
   9.9297845e-01
   9.9314326e-01
   9.9310620e-01
   9.9315071e-01
   9.9315011e-01
   9.9311426e-01
   9.9318584e-01
   9.9321849e-01
   9.9321786e-01
   9.9327338e-01
   9.9334018e-01
   9.9335259e-01
   9.9335465e-01
   9.9328324e-01
   9.9326044e-01
   9.9330023e-01
   9.9341110e-01
   9.9332548e-01
   9.9325112e-01
   9.9327343e-01
   9.9324384e-01
   9.9327943e-01
   9.9325617e-01
   9.9329614e-01
   9.9323779e-01
   9.9341261e-01
   9.9338813e-01
   9.9334768e-01
   9.9324042e-01
   9.9330114e-01
   9.9338303e-01
   9.9358963e-01
   9.9370957e-01
   9.9353523e-01
   9.9356736e-01
   9.9370751e-01
   9.9365446e-01
   9.9358074e-01
   9.9352057e-01
   9.9355566e-01
   9.9345527e-01
   9.9345073e-01
   9.9348381e-01
   9.9357373e-01
   9.9353260e-01
   9.9353747e-01
   9.9345403e-01
   9.9346627e-01
   9.9347298e-01
   9.9364670e-01
   9.9378154e-01
   9.9368282e-01
   9.9368917e-01
   9.9387784e-01
   9.9395828e-01
   9.9394243e-01
   9.9386312e-01
   9.9376335e-01
   9.9366009e-01
   9.9373444e-01
   9.9376850e-01
   9.9389928e-01
   9.9405359e-01
   9.9432617e-01
   9.9442240e-01
   9.9462187e-01
   9.9467739e-01
   9.9486817e-01
   9.9500295e-01
   9.9499185e-01
   9.9490719e-01
   9.9493719e-01
   9.9536382e-01
   9.9564979e-01
   9.9581620e-01
   9.9568853e-01
