1.000000 	 0.073356 
2.000000 	 0.073177 
3.000000 	 0.073251 
4.000000 	 0.073122 
5.000000 	 0.073202 
6.000000 	 0.072615 
7.000000 	 0.072656 
8.000000 	 0.073234 
9.000000 	 0.073302 
10.000000 	 0.073144 
11.000000 	 0.073024 
12.000000 	 0.072753 
13.000000 	 0.073068 
14.000000 	 0.072871 
15.000000 	 0.072720 
16.000000 	 0.072479 
17.000000 	 0.072444 
18.000000 	 0.072466 
19.000000 	 0.072254 
20.000000 	 0.072481 
21.000000 	 0.072386 
22.000000 	 0.072465 
23.000000 	 0.072665 
24.000000 	 0.072719 
25.000000 	 0.072848 
26.000000 	 0.072448 
27.000000 	 0.072407 
28.000000 	 0.072347 
29.000000 	 0.072343 
30.000000 	 0.072405 
31.000000 	 0.072496 
32.000000 	 0.072358 
33.000000 	 0.072066 
34.000000 	 0.072232 
35.000000 	 0.072578 
36.000000 	 0.072645 
37.000000 	 0.072825 
38.000000 	 0.072856 
39.000000 	 0.072919 
40.000000 	 0.073500 
41.000000 	 0.073257 
42.000000 	 0.073054 
43.000000 	 0.073035 
44.000000 	 0.072914 
45.000000 	 0.073190 
46.000000 	 0.073331 
47.000000 	 0.073476 
48.000000 	 0.073441 
49.000000 	 0.073584 
50.000000 	 0.073432 
51.000000 	 0.073072 
52.000000 	 0.073415 
53.000000 	 0.073334 
54.000000 	 0.072884 
55.000000 	 0.072705 
56.000000 	 0.072869 
57.000000 	 0.073174 
58.000000 	 0.073170 
59.000000 	 0.073122 
60.000000 	 0.073480 
61.000000 	 0.073238 
62.000000 	 0.073219 
63.000000 	 0.073537 
64.000000 	 0.073744 
65.000000 	 0.073611 
66.000000 	 0.073628 
67.000000 	 0.072966 
68.000000 	 0.073049 
69.000000 	 0.073505 
70.000000 	 0.073538 
71.000000 	 0.073147 
72.000000 	 0.072734 
73.000000 	 0.072336 
74.000000 	 0.072291 
75.000000 	 0.072302 
76.000000 	 0.072474 
77.000000 	 0.072011 
78.000000 	 0.072230 
79.000000 	 0.072260 
80.000000 	 0.072371 
81.000000 	 0.072396 
82.000000 	 0.072478 
83.000000 	 0.072464 
84.000000 	 0.072632 
85.000000 	 0.072473 
86.000000 	 0.072580 
87.000000 	 0.072666 
88.000000 	 0.072782 
89.000000 	 0.072801 
90.000000 	 0.073052 
91.000000 	 0.072821 
92.000000 	 0.072889 
93.000000 	 0.072721 
94.000000 	 0.072633 
95.000000 	 0.072873 
96.000000 	 0.072699 
97.000000 	 0.072620 
98.000000 	 0.072897 
99.000000 	 0.072633 
100.000000 	 0.072183 
101.000000 	 0.072184 
102.000000 	 0.072140 
103.000000 	 0.072164 
104.000000 	 0.072402 
105.000000 	 0.072117 
106.000000 	 0.072562 
107.000000 	 0.072884 
108.000000 	 0.072940 
109.000000 	 0.072627 
110.000000 	 0.072188 
111.000000 	 0.072206 
112.000000 	 0.072167 
113.000000 	 0.072480 
114.000000 	 0.072137 
115.000000 	 0.071983 
116.000000 	 0.071872 
117.000000 	 0.072144 
118.000000 	 0.072088 
119.000000 	 0.072139 
120.000000 	 0.072073 
121.000000 	 0.072100 
122.000000 	 0.072039 
123.000000 	 0.072003 
124.000000 	 0.072118 
125.000000 	 0.072217 
126.000000 	 0.071979 
127.000000 	 0.072188 
128.000000 	 0.072216 
129.000000 	 0.072523 
130.000000 	 0.072660 
131.000000 	 0.072798 
132.000000 	 0.073298 
133.000000 	 0.073516 
134.000000 	 0.073785 
135.000000 	 0.073733 
136.000000 	 0.073602 
137.000000 	 0.073641 
138.000000 	 0.073996 
139.000000 	 0.074306 
140.000000 	 0.074360 
141.000000 	 0.074542 
142.000000 	 0.075042 
143.000000 	 0.074848 
144.000000 	 0.074665 
145.000000 	 0.074342 
146.000000 	 0.074254 
147.000000 	 0.074236 
148.000000 	 0.074105 
149.000000 	 0.073880 
150.000000 	 0.074127 
151.000000 	 0.074058 
152.000000 	 0.073863 
153.000000 	 0.073687 
154.000000 	 0.073682 
155.000000 	 0.073350 
156.000000 	 0.073464 
157.000000 	 0.073534 
158.000000 	 0.073242 
159.000000 	 0.073524 
160.000000 	 0.073398 
161.000000 	 0.073642 
162.000000 	 0.073541 
163.000000 	 0.073618 
164.000000 	 0.073511 
165.000000 	 0.073730 
166.000000 	 0.074021 
167.000000 	 0.074194 
168.000000 	 0.074416 
169.000000 	 0.074664 
170.000000 	 0.074954 
171.000000 	 0.075210 
172.000000 	 0.075418 
173.000000 	 0.075224 
174.000000 	 0.074892 
175.000000 	 0.074564 
176.000000 	 0.074435 
177.000000 	 0.074368 
178.000000 	 0.074371 
179.000000 	 0.074502 
180.000000 	 0.075140 
181.000000 	 0.075171 
182.000000 	 0.075091 
183.000000 	 0.074727 
184.000000 	 0.074901 
185.000000 	 0.074567 
186.000000 	 0.074695 
187.000000 	 0.074773 
188.000000 	 0.075172 
189.000000 	 0.075166 
190.000000 	 0.075201 
191.000000 	 0.075069 
192.000000 	 0.075285 
193.000000 	 0.074888 
194.000000 	 0.074796 
195.000000 	 0.074440 
196.000000 	 0.074252 
197.000000 	 0.074795 
198.000000 	 0.075056 
199.000000 	 0.074770 
200.000000 	 0.074800 
201.000000 	 0.074950 
202.000000 	 0.075543 
203.000000 	 0.075425 
204.000000 	 0.075426 
205.000000 	 0.075096 
206.000000 	 0.075107 
207.000000 	 0.074681 
208.000000 	 0.074758 
209.000000 	 0.074007 
210.000000 	 0.074007 
211.000000 	 0.074230 
212.000000 	 0.074291 
213.000000 	 0.074442 
214.000000 	 0.074037 
215.000000 	 0.073929 
216.000000 	 0.074220 
217.000000 	 0.074306 
218.000000 	 0.074651 
219.000000 	 0.074791 
220.000000 	 0.074630 
221.000000 	 0.074408 
222.000000 	 0.074748 
223.000000 	 0.074680 
224.000000 	 0.074455 
225.000000 	 0.074048 
226.000000 	 0.074105 
227.000000 	 0.074248 
228.000000 	 0.074632 
229.000000 	 0.074831 
230.000000 	 0.074650 
231.000000 	 0.074531 
232.000000 	 0.074505 
233.000000 	 0.074691 
234.000000 	 0.074754 
235.000000 	 0.075201 
236.000000 	 0.075214 
237.000000 	 0.075356 
238.000000 	 0.075426 
239.000000 	 0.075110 
240.000000 	 0.075350 
241.000000 	 0.075408 
242.000000 	 0.075478 
243.000000 	 0.075428 
244.000000 	 0.075414 
245.000000 	 0.075742 
246.000000 	 0.075325 
247.000000 	 0.075434 
248.000000 	 0.075416 
249.000000 	 0.075682 
250.000000 	 0.075902 
251.000000 	 0.075800 
252.000000 	 0.075925 
253.000000 	 0.076039 
254.000000 	 0.076032 
255.000000 	 0.076060 
256.000000 	 0.075750 
257.000000 	 0.075473 
258.000000 	 0.074979 
259.000000 	 0.075245 
260.000000 	 0.075049 
261.000000 	 0.074890 
262.000000 	 0.074693 
263.000000 	 0.074585 
264.000000 	 0.074884 
265.000000 	 0.074682 
266.000000 	 0.074166 
267.000000 	 0.073886 
268.000000 	 0.073848 
269.000000 	 0.073823 
270.000000 	 0.074005 
271.000000 	 0.074043 
272.000000 	 0.073946 
273.000000 	 0.073900 
274.000000 	 0.073771 
275.000000 	 0.073176 
276.000000 	 0.073235 
277.000000 	 0.073413 
278.000000 	 0.073545 
279.000000 	 0.073472 
280.000000 	 0.073644 
281.000000 	 0.074189 
282.000000 	 0.073990 
283.000000 	 0.073750 
284.000000 	 0.073981 
285.000000 	 0.074058 
286.000000 	 0.073851 
287.000000 	 0.074046 
288.000000 	 0.074269 
289.000000 	 0.074208 
290.000000 	 0.074025 
291.000000 	 0.073793 
292.000000 	 0.073796 
293.000000 	 0.073336 
294.000000 	 0.073508 
295.000000 	 0.073398 
296.000000 	 0.073346 
297.000000 	 0.072862 
298.000000 	 0.073019 
299.000000 	 0.073270 
300.000000 	 0.073316 
301.000000 	 0.073225 
302.000000 	 0.073297 
303.000000 	 0.073316 
304.000000 	 0.073004 
305.000000 	 0.072800 
306.000000 	 0.072894 
307.000000 	 0.073270 
308.000000 	 0.073286 
309.000000 	 0.073242 
310.000000 	 0.073248 
311.000000 	 0.073502 
312.000000 	 0.073817 
313.000000 	 0.073739 
314.000000 	 0.073678 
315.000000 	 0.073340 
316.000000 	 0.072823 
317.000000 	 0.072965 
318.000000 	 0.072953 
319.000000 	 0.073196 
320.000000 	 0.073367 
321.000000 	 0.073171 
322.000000 	 0.073454 
323.000000 	 0.073140 
324.000000 	 0.073376 
325.000000 	 0.073299 
326.000000 	 0.073321 
327.000000 	 0.072996 
328.000000 	 0.072820 
329.000000 	 0.072658 
330.000000 	 0.072075 
331.000000 	 0.072085 
332.000000 	 0.072143 
333.000000 	 0.071992 
334.000000 	 0.072267 
335.000000 	 0.072332 
336.000000 	 0.072327 
337.000000 	 0.072594 
338.000000 	 0.072300 
339.000000 	 0.071936 
340.000000 	 0.071978 
341.000000 	 0.071566 
342.000000 	 0.071441 
343.000000 	 0.071481 
344.000000 	 0.071072 
345.000000 	 0.071062 
346.000000 	 0.071026 
347.000000 	 0.071211 
348.000000 	 0.071172 
349.000000 	 0.071305 
350.000000 	 0.071640 
351.000000 	 0.071847 
352.000000 	 0.071988 
353.000000 	 0.072023 
354.000000 	 0.071705 
355.000000 	 0.071874 
356.000000 	 0.071982 
357.000000 	 0.072168 
358.000000 	 0.072032 
359.000000 	 0.071791 
360.000000 	 0.071561 
361.000000 	 0.071302 
362.000000 	 0.071234 
363.000000 	 0.071092 
364.000000 	 0.071064 
365.000000 	 0.071421 
366.000000 	 0.071424 
367.000000 	 0.071550 
368.000000 	 0.071583 
369.000000 	 0.071737 
370.000000 	 0.071841 
371.000000 	 0.071603 
372.000000 	 0.071520 
373.000000 	 0.071490 
374.000000 	 0.071663 
375.000000 	 0.071790 
376.000000 	 0.071868 
377.000000 	 0.072058 
378.000000 	 0.072148 
379.000000 	 0.071867 
380.000000 	 0.071897 
381.000000 	 0.071827 
382.000000 	 0.072102 
383.000000 	 0.071827 
384.000000 	 0.072248 
385.000000 	 0.072253 
386.000000 	 0.071981 
387.000000 	 0.072143 
388.000000 	 0.071838 
389.000000 	 0.071955 
390.000000 	 0.072256 
391.000000 	 0.072045 
392.000000 	 0.071951 
393.000000 	 0.071430 
394.000000 	 0.071488 
395.000000 	 0.071355 
396.000000 	 0.071576 
397.000000 	 0.071433 
398.000000 	 0.071760 
399.000000 	 0.071274 
400.000000 	 0.071430 
401.000000 	 0.071600 
402.000000 	 0.071543 
403.000000 	 0.071109 
404.000000 	 0.070853 
405.000000 	 0.071269 
406.000000 	 0.071253 
407.000000 	 0.071163 
408.000000 	 0.071243 
409.000000 	 0.071221 
410.000000 	 0.071375 
411.000000 	 0.071191 
412.000000 	 0.071534 
413.000000 	 0.071492 
414.000000 	 0.071578 
415.000000 	 0.071462 
416.000000 	 0.071443 
417.000000 	 0.071477 
418.000000 	 0.071390 
419.000000 	 0.071652 
420.000000 	 0.071754 
421.000000 	 0.071844 
422.000000 	 0.071657 
423.000000 	 0.071386 
424.000000 	 0.071418 
425.000000 	 0.071000 
426.000000 	 0.071154 
427.000000 	 0.071194 
428.000000 	 0.071377 
429.000000 	 0.071317 
430.000000 	 0.071283 
431.000000 	 0.071361 
432.000000 	 0.071419 
433.000000 	 0.070979 
434.000000 	 0.070580 
435.000000 	 0.070476 
436.000000 	 0.070398 
437.000000 	 0.070643 
438.000000 	 0.070392 
439.000000 	 0.070551 
440.000000 	 0.070613 
441.000000 	 0.070586 
442.000000 	 0.070566 
443.000000 	 0.071066 
444.000000 	 0.071302 
445.000000 	 0.071083 
446.000000 	 0.071358 
447.000000 	 0.071285 
448.000000 	 0.071563 
449.000000 	 0.071528 
450.000000 	 0.071618 
451.000000 	 0.071356 
452.000000 	 0.071627 
453.000000 	 0.071578 
454.000000 	 0.071667 
455.000000 	 0.071265 
456.000000 	 0.071037 
457.000000 	 0.071008 
458.000000 	 0.070662 
459.000000 	 0.070741 
460.000000 	 0.070626 
461.000000 	 0.070383 
462.000000 	 0.070523 
463.000000 	 0.070702 
464.000000 	 0.070349 
465.000000 	 0.070273 
466.000000 	 0.069995 
467.000000 	 0.069892 
468.000000 	 0.069734 
469.000000 	 0.069688 
470.000000 	 0.069863 
471.000000 	 0.069961 
472.000000 	 0.069740 
473.000000 	 0.069761 
474.000000 	 0.069728 
475.000000 	 0.069191 
476.000000 	 0.069218 
477.000000 	 0.069348 
478.000000 	 0.069219 
479.000000 	 0.069212 
480.000000 	 0.069710 
481.000000 	 0.069669 
482.000000 	 0.069567 
483.000000 	 0.069720 
484.000000 	 0.069413 
485.000000 	 0.069358 
486.000000 	 0.069498 
487.000000 	 0.069499 
488.000000 	 0.069396 
489.000000 	 0.069544 
490.000000 	 0.069509 
491.000000 	 0.069290 
492.000000 	 0.068631 
493.000000 	 0.068660 
494.000000 	 0.068858 
495.000000 	 0.069120 
496.000000 	 0.068981 
497.000000 	 0.069480 
498.000000 	 0.069354 
499.000000 	 0.069751 
500.000000 	 0.069311 
501.000000 	 0.069203 
502.000000 	 0.069104 
503.000000 	 0.069192 
504.000000 	 0.069047 
505.000000 	 0.069506 
506.000000 	 0.069391 
507.000000 	 0.069302 
508.000000 	 0.069750 
509.000000 	 0.069840 
510.000000 	 0.070277 
511.000000 	 0.070241 
512.000000 	 0.070268 
513.000000 	 0.070161 
514.000000 	 0.070244 
515.000000 	 0.070249 
516.000000 	 0.070552 
517.000000 	 0.070863 
518.000000 	 0.070783 
519.000000 	 0.070822 
520.000000 	 0.070625 
521.000000 	 0.070523 
522.000000 	 0.070477 
523.000000 	 0.070502 
524.000000 	 0.070687 
525.000000 	 0.070845 
526.000000 	 0.070588 
527.000000 	 0.070421 
528.000000 	 0.070669 
529.000000 	 0.070867 
530.000000 	 0.070564 
531.000000 	 0.070751 
532.000000 	 0.070754 
533.000000 	 0.070445 
534.000000 	 0.070368 
535.000000 	 0.070529 
536.000000 	 0.070080 
537.000000 	 0.069738 
538.000000 	 0.069857 
539.000000 	 0.069908 
540.000000 	 0.069854 
541.000000 	 0.069973 
542.000000 	 0.069865 
543.000000 	 0.069591 
544.000000 	 0.069628 
545.000000 	 0.069641 
546.000000 	 0.069925 
547.000000 	 0.070046 
548.000000 	 0.069961 
549.000000 	 0.069723 
550.000000 	 0.069869 
551.000000 	 0.069947 
552.000000 	 0.070027 
553.000000 	 0.070612 
554.000000 	 0.070448 
555.000000 	 0.070135 
556.000000 	 0.070597 
557.000000 	 0.070308 
558.000000 	 0.070268 
559.000000 	 0.070179 
560.000000 	 0.070157 
561.000000 	 0.069960 
562.000000 	 0.070149 
563.000000 	 0.070262 
564.000000 	 0.070347 
565.000000 	 0.070658 
566.000000 	 0.070763 
567.000000 	 0.070434 
568.000000 	 0.070660 
569.000000 	 0.070649 
570.000000 	 0.070761 
571.000000 	 0.070671 
572.000000 	 0.070714 
573.000000 	 0.070743 
574.000000 	 0.070547 
575.000000 	 0.070649 
576.000000 	 0.070685 
577.000000 	 0.070690 
578.000000 	 0.070342 
579.000000 	 0.070535 
580.000000 	 0.070457 
581.000000 	 0.070330 
582.000000 	 0.070210 
583.000000 	 0.070280 
584.000000 	 0.070331 
585.000000 	 0.070349 
586.000000 	 0.070368 
587.000000 	 0.070396 
588.000000 	 0.070608 
589.000000 	 0.070987 
590.000000 	 0.070987 
591.000000 	 0.071130 
592.000000 	 0.070830 
593.000000 	 0.070533 
594.000000 	 0.070654 
595.000000 	 0.070602 
596.000000 	 0.070785 
597.000000 	 0.070649 
598.000000 	 0.070594 
599.000000 	 0.070510 
600.000000 	 0.070803 
601.000000 	 0.070467 
602.000000 	 0.070483 
603.000000 	 0.070750 
604.000000 	 0.070729 
605.000000 	 0.070389 
606.000000 	 0.070874 
607.000000 	 0.071120 
608.000000 	 0.071011 
609.000000 	 0.070963 
610.000000 	 0.071055 
611.000000 	 0.071178 
612.000000 	 0.071259 
613.000000 	 0.071014 
614.000000 	 0.070788 
615.000000 	 0.070833 
616.000000 	 0.070537 
617.000000 	 0.070274 
618.000000 	 0.070402 
619.000000 	 0.070367 
620.000000 	 0.070337 
621.000000 	 0.070224 
622.000000 	 0.070338 
623.000000 	 0.070332 
624.000000 	 0.070451 
625.000000 	 0.070300 
626.000000 	 0.070241 
627.000000 	 0.070529 
628.000000 	 0.070774 
629.000000 	 0.071371 
630.000000 	 0.071310 
631.000000 	 0.071360 
632.000000 	 0.071581 
633.000000 	 0.071366 
634.000000 	 0.070793 
635.000000 	 0.070948 
636.000000 	 0.070936 
637.000000 	 0.070994 
638.000000 	 0.071085 
639.000000 	 0.070779 
640.000000 	 0.070866 
641.000000 	 0.071023 
642.000000 	 0.071184 
643.000000 	 0.071391 
644.000000 	 0.071594 
645.000000 	 0.071836 
646.000000 	 0.071899 
647.000000 	 0.071824 
648.000000 	 0.071764 
649.000000 	 0.071609 
650.000000 	 0.071698 
651.000000 	 0.071532 
652.000000 	 0.071220 
653.000000 	 0.071192 
654.000000 	 0.071331 
655.000000 	 0.071250 
656.000000 	 0.071354 
657.000000 	 0.071223 
658.000000 	 0.071253 
659.000000 	 0.071713 
660.000000 	 0.071462 
661.000000 	 0.071275 
662.000000 	 0.071370 
663.000000 	 0.071545 
664.000000 	 0.071644 
665.000000 	 0.071940 
666.000000 	 0.071650 
667.000000 	 0.071556 
668.000000 	 0.071493 
669.000000 	 0.071600 
670.000000 	 0.071420 
671.000000 	 0.071148 
672.000000 	 0.071124 
673.000000 	 0.071180 
674.000000 	 0.071230 
675.000000 	 0.071486 
676.000000 	 0.071347 
677.000000 	 0.070990 
678.000000 	 0.070882 
679.000000 	 0.070640 
680.000000 	 0.070985 
681.000000 	 0.070742 
682.000000 	 0.070891 
683.000000 	 0.071156 
684.000000 	 0.071072 
685.000000 	 0.070896 
686.000000 	 0.070805 
687.000000 	 0.071260 
688.000000 	 0.071605 
689.000000 	 0.071632 
690.000000 	 0.071150 
691.000000 	 0.070793 
692.000000 	 0.070435 
693.000000 	 0.070762 
694.000000 	 0.070765 
695.000000 	 0.070881 
696.000000 	 0.070837 
697.000000 	 0.070821 
698.000000 	 0.070734 
699.000000 	 0.070326 
700.000000 	 0.070417 
701.000000 	 0.070725 
702.000000 	 0.070795 
703.000000 	 0.070782 
704.000000 	 0.071036 
705.000000 	 0.071024 
706.000000 	 0.070952 
707.000000 	 0.070946 
708.000000 	 0.070590 
709.000000 	 0.070314 
710.000000 	 0.070506 
711.000000 	 0.070373 
712.000000 	 0.070457 
713.000000 	 0.070337 
714.000000 	 0.070421 
715.000000 	 0.070058 
716.000000 	 0.069986 
717.000000 	 0.070175 
718.000000 	 0.070591 
719.000000 	 0.070594 
720.000000 	 0.070256 
721.000000 	 0.070672 
722.000000 	 0.070627 
723.000000 	 0.070735 
724.000000 	 0.070419 
725.000000 	 0.070432 
726.000000 	 0.070796 
727.000000 	 0.070341 
728.000000 	 0.070173 
729.000000 	 0.070018 
730.000000 	 0.070210 
731.000000 	 0.070110 
732.000000 	 0.069997 
733.000000 	 0.070220 
734.000000 	 0.070579 
735.000000 	 0.070613 
736.000000 	 0.070033 
737.000000 	 0.070129 
738.000000 	 0.070256 
739.000000 	 0.070357 
740.000000 	 0.070344 
741.000000 	 0.070118 
742.000000 	 0.069746 
743.000000 	 0.069930 
744.000000 	 0.070060 
745.000000 	 0.069714 
746.000000 	 0.070040 
747.000000 	 0.070143 
748.000000 	 0.070424 
749.000000 	 0.070123 
750.000000 	 0.070549 
751.000000 	 0.070633 
752.000000 	 0.070408 
753.000000 	 0.070134 
754.000000 	 0.070404 
755.000000 	 0.070401 
756.000000 	 0.070471 
757.000000 	 0.070386 
758.000000 	 0.070429 
759.000000 	 0.070447 
760.000000 	 0.070506 
761.000000 	 0.070680 
762.000000 	 0.070456 
763.000000 	 0.070346 
764.000000 	 0.070524 
765.000000 	 0.070704 
766.000000 	 0.070987 
767.000000 	 0.070612 
768.000000 	 0.070724 
769.000000 	 0.070388 
770.000000 	 0.070220 
771.000000 	 0.069950 
772.000000 	 0.070017 
773.000000 	 0.069916 
774.000000 	 0.070109 
775.000000 	 0.069677 
776.000000 	 0.069327 
777.000000 	 0.069443 
778.000000 	 0.069690 
779.000000 	 0.069739 
780.000000 	 0.069871 
781.000000 	 0.070039 
782.000000 	 0.070059 
783.000000 	 0.070253 
784.000000 	 0.070780 
785.000000 	 0.070906 
786.000000 	 0.070781 
787.000000 	 0.070715 
788.000000 	 0.070909 
789.000000 	 0.070757 
790.000000 	 0.070340 
791.000000 	 0.070156 
792.000000 	 0.069992 
793.000000 	 0.070049 
794.000000 	 0.069696 
795.000000 	 0.069182 
796.000000 	 0.069125 
797.000000 	 0.069223 
798.000000 	 0.069638 
799.000000 	 0.069604 
800.000000 	 0.069581 
801.000000 	 0.069963 
802.000000 	 0.069627 
803.000000 	 0.069866 
804.000000 	 0.069817 
805.000000 	 0.070243 
806.000000 	 0.070433 
807.000000 	 0.070577 
808.000000 	 0.070609 
809.000000 	 0.070464 
810.000000 	 0.070437 
811.000000 	 0.070167 
812.000000 	 0.070236 
813.000000 	 0.070018 
814.000000 	 0.070231 
815.000000 	 0.070242 
816.000000 	 0.070446 
817.000000 	 0.070318 
818.000000 	 0.070257 
819.000000 	 0.070219 
820.000000 	 0.070116 
821.000000 	 0.070073 
822.000000 	 0.069911 
823.000000 	 0.070484 
824.000000 	 0.070273 
825.000000 	 0.070017 
826.000000 	 0.069903 
827.000000 	 0.069856 
828.000000 	 0.070062 
829.000000 	 0.070035 
830.000000 	 0.069820 
831.000000 	 0.069944 
832.000000 	 0.070084 
833.000000 	 0.070173 
834.000000 	 0.070016 
835.000000 	 0.070082 
836.000000 	 0.070119 
837.000000 	 0.070042 
838.000000 	 0.070246 
839.000000 	 0.070621 
840.000000 	 0.070177 
841.000000 	 0.070471 
842.000000 	 0.070500 
843.000000 	 0.070450 
844.000000 	 0.070264 
845.000000 	 0.070481 
846.000000 	 0.070533 
847.000000 	 0.070459 
848.000000 	 0.070255 
849.000000 	 0.070262 
850.000000 	 0.070052 
851.000000 	 0.069715 
852.000000 	 0.069982 
853.000000 	 0.070279 
854.000000 	 0.070019 
855.000000 	 0.070456 
856.000000 	 0.070504 
857.000000 	 0.070502 
858.000000 	 0.070390 
859.000000 	 0.070487 
860.000000 	 0.070322 
861.000000 	 0.070033 
862.000000 	 0.070161 
863.000000 	 0.070256 
864.000000 	 0.070578 
865.000000 	 0.070436 
866.000000 	 0.070144 
867.000000 	 0.069765 
868.000000 	 0.069726 
869.000000 	 0.069900 
870.000000 	 0.070076 
871.000000 	 0.070093 
872.000000 	 0.070178 
873.000000 	 0.070240 
874.000000 	 0.070219 
875.000000 	 0.070122 
876.000000 	 0.070352 
877.000000 	 0.070436 
878.000000 	 0.070579 
879.000000 	 0.070599 
880.000000 	 0.070330 
881.000000 	 0.070102 
882.000000 	 0.070264 
883.000000 	 0.070254 
884.000000 	 0.070324 
885.000000 	 0.070613 
886.000000 	 0.070305 
887.000000 	 0.070383 
888.000000 	 0.070198 
889.000000 	 0.069813 
890.000000 	 0.070056 
891.000000 	 0.069934 
892.000000 	 0.069969 
893.000000 	 0.069957 
894.000000 	 0.069897 
895.000000 	 0.069843 
896.000000 	 0.069717 
897.000000 	 0.069774 
898.000000 	 0.070210 
899.000000 	 0.070341 
900.000000 	 0.070443 
901.000000 	 0.069757 
902.000000 	 0.069853 
903.000000 	 0.069922 
904.000000 	 0.069847 
905.000000 	 0.069633 
906.000000 	 0.069471 
907.000000 	 0.069447 
908.000000 	 0.069595 
909.000000 	 0.069825 
910.000000 	 0.069744 
911.000000 	 0.069886 
912.000000 	 0.069618 
913.000000 	 0.069870 
914.000000 	 0.069746 
915.000000 	 0.069694 
916.000000 	 0.069747 
917.000000 	 0.069727 
918.000000 	 0.069484 
919.000000 	 0.069658 
920.000000 	 0.069662 
921.000000 	 0.069383 
922.000000 	 0.069676 
923.000000 	 0.069228 
924.000000 	 0.069451 
925.000000 	 0.070026 
926.000000 	 0.069767 
927.000000 	 0.069881 
928.000000 	 0.069651 
929.000000 	 0.069571 
930.000000 	 0.069679 
931.000000 	 0.069697 
932.000000 	 0.069700 
933.000000 	 0.069761 
934.000000 	 0.069875 
935.000000 	 0.069471 
936.000000 	 0.069718 
937.000000 	 0.069516 
938.000000 	 0.069837 
939.000000 	 0.069790 
940.000000 	 0.070123 
941.000000 	 0.069739 
942.000000 	 0.069606 
943.000000 	 0.069626 
944.000000 	 0.069427 
945.000000 	 0.069620 
946.000000 	 0.069935 
947.000000 	 0.069975 
948.000000 	 0.069467 
949.000000 	 0.069214 
950.000000 	 0.069399 
951.000000 	 0.069359 
952.000000 	 0.069284 
953.000000 	 0.069589 
954.000000 	 0.069332 
955.000000 	 0.069544 
956.000000 	 0.069437 
957.000000 	 0.069636 
958.000000 	 0.069836 
959.000000 	 0.069931 
960.000000 	 0.069983 
961.000000 	 0.069732 
962.000000 	 0.069806 
963.000000 	 0.070132 
964.000000 	 0.069815 
965.000000 	 0.069727 
966.000000 	 0.069474 
967.000000 	 0.069420 
968.000000 	 0.069204 
969.000000 	 0.069452 
970.000000 	 0.069574 
971.000000 	 0.069857 
972.000000 	 0.069933 
973.000000 	 0.069292 
974.000000 	 0.069415 
975.000000 	 0.069466 
976.000000 	 0.069242 
977.000000 	 0.069143 
978.000000 	 0.068774 
979.000000 	 0.068662 
980.000000 	 0.068521 
981.000000 	 0.068354 
982.000000 	 0.068656 
983.000000 	 0.068773 
984.000000 	 0.068706 
985.000000 	 0.068737 
986.000000 	 0.068569 
987.000000 	 0.068554 
988.000000 	 0.068705 
989.000000 	 0.068743 
990.000000 	 0.068823 
991.000000 	 0.068978 
992.000000 	 0.068695 
993.000000 	 0.068895 
994.000000 	 0.069408 
995.000000 	 0.069275 
996.000000 	 0.069209 
997.000000 	 0.069083 
998.000000 	 0.069038 
999.000000 	 0.069112 
1000.000000 	 0.068915 
1001.000000 	 0.069299 
1002.000000 	 0.069094 
1003.000000 	 0.069068 
1004.000000 	 0.068552 
1005.000000 	 0.068654 
1006.000000 	 0.068889 
1007.000000 	 0.068768 
1008.000000 	 0.069038 
1009.000000 	 0.069227 
1010.000000 	 0.069282 
1011.000000 	 0.069615 
1012.000000 	 0.069840 
1013.000000 	 0.069984 
1014.000000 	 0.069429 
1015.000000 	 0.069379 
1016.000000 	 0.069487 
1017.000000 	 0.069474 
1018.000000 	 0.069447 
1019.000000 	 0.069407 
1020.000000 	 0.069662 
1021.000000 	 0.069296 
1022.000000 	 0.069397 
1023.000000 	 0.069577 
1024.000000 	 0.069398 
1025.000000 	 0.069390 
1026.000000 	 0.069306 
1027.000000 	 0.069585 
1028.000000 	 0.069786 
1029.000000 	 0.069247 
1030.000000 	 0.069296 
1031.000000 	 0.069557 
1032.000000 	 0.069585 
1033.000000 	 0.069588 
1034.000000 	 0.069500 
1035.000000 	 0.069387 
1036.000000 	 0.069375 
1037.000000 	 0.069657 
1038.000000 	 0.069640 
1039.000000 	 0.069941 
1040.000000 	 0.069726 
1041.000000 	 0.069447 
1042.000000 	 0.069252 
1043.000000 	 0.068947 
1044.000000 	 0.068726 
1045.000000 	 0.068635 
1046.000000 	 0.068594 
1047.000000 	 0.068624 
1048.000000 	 0.069005 
1049.000000 	 0.068590 
1050.000000 	 0.068680 
1051.000000 	 0.068865 
1052.000000 	 0.069049 
1053.000000 	 0.069185 
1054.000000 	 0.069414 
1055.000000 	 0.069414 
1056.000000 	 0.068944 
1057.000000 	 0.068818 
1058.000000 	 0.069058 
1059.000000 	 0.069244 
1060.000000 	 0.069234 
1061.000000 	 0.069193 
1062.000000 	 0.069148 
1063.000000 	 0.069010 
1064.000000 	 0.069361 
1065.000000 	 0.069439 
1066.000000 	 0.069068 
1067.000000 	 0.068876 
1068.000000 	 0.068747 
1069.000000 	 0.068774 
1070.000000 	 0.068888 
1071.000000 	 0.069200 
1072.000000 	 0.069139 
1073.000000 	 0.069634 
1074.000000 	 0.069720 
1075.000000 	 0.069971 
1076.000000 	 0.069863 
1077.000000 	 0.069882 
1078.000000 	 0.069891 
1079.000000 	 0.069846 
1080.000000 	 0.069447 
1081.000000 	 0.069106 
1082.000000 	 0.069026 
1083.000000 	 0.069036 
1084.000000 	 0.069072 
1085.000000 	 0.069334 
1086.000000 	 0.069262 
1087.000000 	 0.068931 
1088.000000 	 0.068668 
1089.000000 	 0.068662 
1090.000000 	 0.068770 
1091.000000 	 0.068841 
1092.000000 	 0.068972 
1093.000000 	 0.069279 
1094.000000 	 0.069510 
1095.000000 	 0.069681 
1096.000000 	 0.069368 
1097.000000 	 0.069694 
1098.000000 	 0.069687 
1099.000000 	 0.069341 
1100.000000 	 0.069319 
1101.000000 	 0.069103 
1102.000000 	 0.068990 
1103.000000 	 0.068575 
1104.000000 	 0.068769 
1105.000000 	 0.068657 
1106.000000 	 0.068448 
1107.000000 	 0.068391 
1108.000000 	 0.068684 
1109.000000 	 0.068780 
1110.000000 	 0.068861 
1111.000000 	 0.068651 
1112.000000 	 0.068656 
1113.000000 	 0.068567 
1114.000000 	 0.068459 
1115.000000 	 0.067977 
1116.000000 	 0.067839 
1117.000000 	 0.067803 
1118.000000 	 0.068092 
1119.000000 	 0.068226 
1120.000000 	 0.068342 
1121.000000 	 0.068410 
1122.000000 	 0.068278 
1123.000000 	 0.067772 
1124.000000 	 0.067693 
1125.000000 	 0.067600 
1126.000000 	 0.067863 
1127.000000 	 0.067586 
1128.000000 	 0.067775 
1129.000000 	 0.068160 
1130.000000 	 0.068143 
1131.000000 	 0.067909 
1132.000000 	 0.068249 
1133.000000 	 0.068224 
1134.000000 	 0.068035 
1135.000000 	 0.067626 
1136.000000 	 0.067757 
1137.000000 	 0.067902 
1138.000000 	 0.068049 
1139.000000 	 0.067923 
1140.000000 	 0.068302 
1141.000000 	 0.067912 
1142.000000 	 0.068280 
1143.000000 	 0.068499 
1144.000000 	 0.068450 
1145.000000 	 0.068548 
1146.000000 	 0.068597 
1147.000000 	 0.068738 
1148.000000 	 0.069172 
1149.000000 	 0.068991 
1150.000000 	 0.069335 
1151.000000 	 0.069651 
1152.000000 	 0.069675 
1153.000000 	 0.069731 
1154.000000 	 0.069742 
1155.000000 	 0.069844 
1156.000000 	 0.069718 
1157.000000 	 0.069574 
1158.000000 	 0.069546 
1159.000000 	 0.069854 
1160.000000 	 0.070010 
1161.000000 	 0.069880 
1162.000000 	 0.069835 
1163.000000 	 0.069555 
1164.000000 	 0.069540 
1165.000000 	 0.069530 
1166.000000 	 0.069457 
1167.000000 	 0.069346 
1168.000000 	 0.069141 
1169.000000 	 0.069017 
1170.000000 	 0.069013 
1171.000000 	 0.069154 
1172.000000 	 0.069065 
1173.000000 	 0.068792 
1174.000000 	 0.068689 
1175.000000 	 0.068702 
1176.000000 	 0.068936 
1177.000000 	 0.069086 
1178.000000 	 0.069335 
1179.000000 	 0.069405 
1180.000000 	 0.069440 
1181.000000 	 0.069383 
1182.000000 	 0.069435 
1183.000000 	 0.069178 
1184.000000 	 0.069576 
1185.000000 	 0.069668 
1186.000000 	 0.069472 
1187.000000 	 0.069427 
1188.000000 	 0.069335 
1189.000000 	 0.069621 
1190.000000 	 0.069584 
1191.000000 	 0.069709 
1192.000000 	 0.069947 
1193.000000 	 0.070149 
1194.000000 	 0.070271 
1195.000000 	 0.070334 
1196.000000 	 0.070855 
1197.000000 	 0.071087 
1198.000000 	 0.071075 
1199.000000 	 0.070948 
1200.000000 	 0.070786 
1201.000000 	 0.070509 
1202.000000 	 0.070578 
1203.000000 	 0.070335 
1204.000000 	 0.070738 
1205.000000 	 0.070464 
1206.000000 	 0.070808 
1207.000000 	 0.070886 
1208.000000 	 0.070864 
1209.000000 	 0.071010 
1210.000000 	 0.070906 
1211.000000 	 0.071350 
1212.000000 	 0.071240 
1213.000000 	 0.070915 
1214.000000 	 0.071103 
1215.000000 	 0.071046 
1216.000000 	 0.071211 
1217.000000 	 0.071490 
1218.000000 	 0.071352 
1219.000000 	 0.070893 
1220.000000 	 0.070755 
1221.000000 	 0.070650 
1222.000000 	 0.070180 
1223.000000 	 0.070359 
1224.000000 	 0.070519 
1225.000000 	 0.070467 
1226.000000 	 0.070616 
1227.000000 	 0.070724 
1228.000000 	 0.070562 
1229.000000 	 0.070450 
1230.000000 	 0.070258 
1231.000000 	 0.070138 
1232.000000 	 0.070110 
1233.000000 	 0.070210 
1234.000000 	 0.070321 
1235.000000 	 0.070612 
1236.000000 	 0.070635 
1237.000000 	 0.070351 
1238.000000 	 0.070153 
1239.000000 	 0.070221 
1240.000000 	 0.070190 
1241.000000 	 0.070171 
1242.000000 	 0.069713 
1243.000000 	 0.069735 
1244.000000 	 0.069891 
1245.000000 	 0.069751 
1246.000000 	 0.069643 
1247.000000 	 0.069059 
1248.000000 	 0.069153 
1249.000000 	 0.068913 
1250.000000 	 0.068897 
1251.000000 	 0.068707 
1252.000000 	 0.068578 
1253.000000 	 0.068821 
1254.000000 	 0.068712 
1255.000000 	 0.068500 
1256.000000 	 0.068472 
1257.000000 	 0.068578 
1258.000000 	 0.068672 
1259.000000 	 0.068462 
1260.000000 	 0.067871 
1261.000000 	 0.068049 
1262.000000 	 0.068190 
1263.000000 	 0.068330 
1264.000000 	 0.068188 
1265.000000 	 0.068390 
1266.000000 	 0.068263 
1267.000000 	 0.068337 
1268.000000 	 0.068071 
1269.000000 	 0.068026 
1270.000000 	 0.068239 
1271.000000 	 0.068199 
1272.000000 	 0.068182 
1273.000000 	 0.068157 
1274.000000 	 0.068166 
1275.000000 	 0.068314 
1276.000000 	 0.068910 
1277.000000 	 0.068882 
1278.000000 	 0.068819 
1279.000000 	 0.068677 
1280.000000 	 0.068318 
1281.000000 	 0.068215 
1282.000000 	 0.068632 
1283.000000 	 0.068998 
1284.000000 	 0.068782 
1285.000000 	 0.068964 
1286.000000 	 0.069049 
1287.000000 	 0.068611 
1288.000000 	 0.068798 
1289.000000 	 0.068917 
1290.000000 	 0.068708 
1291.000000 	 0.068699 
1292.000000 	 0.068690 
1293.000000 	 0.069037 
1294.000000 	 0.069143 
1295.000000 	 0.069205 
1296.000000 	 0.069402 
1297.000000 	 0.069736 
1298.000000 	 0.070104 
1299.000000 	 0.070013 
1300.000000 	 0.070090 
1301.000000 	 0.070030 
1302.000000 	 0.069868 
1303.000000 	 0.069853 
1304.000000 	 0.069447 
1305.000000 	 0.069236 
1306.000000 	 0.069456 
1307.000000 	 0.069639 
1308.000000 	 0.069439 
1309.000000 	 0.069146 
1310.000000 	 0.069320 
1311.000000 	 0.069352 
1312.000000 	 0.069230 
1313.000000 	 0.069569 
1314.000000 	 0.069569 
1315.000000 	 0.069707 
1316.000000 	 0.069610 
1317.000000 	 0.069883 
1318.000000 	 0.070029 
1319.000000 	 0.070391 
1320.000000 	 0.070232 
1321.000000 	 0.070208 
1322.000000 	 0.070050 
1323.000000 	 0.069858 
1324.000000 	 0.069744 
1325.000000 	 0.069926 
1326.000000 	 0.069701 
1327.000000 	 0.069841 
1328.000000 	 0.069584 
1329.000000 	 0.069537 
1330.000000 	 0.069371 
1331.000000 	 0.069474 
1332.000000 	 0.069138 
1333.000000 	 0.069134 
1334.000000 	 0.068852 
1335.000000 	 0.068800 
1336.000000 	 0.068876 
1337.000000 	 0.068779 
1338.000000 	 0.069002 
1339.000000 	 0.068781 
1340.000000 	 0.068612 
1341.000000 	 0.068800 
1342.000000 	 0.068567 
1343.000000 	 0.068907 
1344.000000 	 0.068822 
1345.000000 	 0.068734 
1346.000000 	 0.068111 
1347.000000 	 0.068365 
1348.000000 	 0.068381 
1349.000000 	 0.067858 
1350.000000 	 0.068042 
1351.000000 	 0.068429 
1352.000000 	 0.068062 
1353.000000 	 0.068079 
1354.000000 	 0.068261 
1355.000000 	 0.068406 
1356.000000 	 0.068788 
1357.000000 	 0.068789 
1358.000000 	 0.068540 
1359.000000 	 0.068523 
1360.000000 	 0.068774 
1361.000000 	 0.068761 
1362.000000 	 0.068657 
1363.000000 	 0.068409 
1364.000000 	 0.068479 
1365.000000 	 0.068334 
1366.000000 	 0.068332 
1367.000000 	 0.068445 
1368.000000 	 0.068754 
1369.000000 	 0.068905 
1370.000000 	 0.068803 
1371.000000 	 0.068786 
1372.000000 	 0.068891 
1373.000000 	 0.068790 
1374.000000 	 0.068831 
1375.000000 	 0.068950 
1376.000000 	 0.069020 
1377.000000 	 0.069078 
1378.000000 	 0.069348 
1379.000000 	 0.069422 
1380.000000 	 0.069431 
1381.000000 	 0.069581 
1382.000000 	 0.069498 
1383.000000 	 0.068902 
1384.000000 	 0.068530 
1385.000000 	 0.068862 
1386.000000 	 0.068652 
1387.000000 	 0.068509 
1388.000000 	 0.068697 
1389.000000 	 0.068803 
1390.000000 	 0.068987 
1391.000000 	 0.068497 
1392.000000 	 0.068790 
1393.000000 	 0.068607 
1394.000000 	 0.069005 
1395.000000 	 0.069153 
1396.000000 	 0.069267 
1397.000000 	 0.069302 
1398.000000 	 0.069605 
1399.000000 	 0.069426 
1400.000000 	 0.069549 
1401.000000 	 0.069383 
1402.000000 	 0.069468 
1403.000000 	 0.069557 
1404.000000 	 0.069558 
1405.000000 	 0.069206 
1406.000000 	 0.069080 
1407.000000 	 0.069171 
1408.000000 	 0.069217 
1409.000000 	 0.069333 
1410.000000 	 0.069442 
1411.000000 	 0.069130 
1412.000000 	 0.069049 
1413.000000 	 0.069073 
1414.000000 	 0.069026 
1415.000000 	 0.068439 
1416.000000 	 0.068410 
1417.000000 	 0.068037 
1418.000000 	 0.068056 
1419.000000 	 0.067946 
1420.000000 	 0.067892 
1421.000000 	 0.067768 
1422.000000 	 0.067722 
1423.000000 	 0.067932 
1424.000000 	 0.067955 
1425.000000 	 0.067893 
1426.000000 	 0.067933 
1427.000000 	 0.067604 
1428.000000 	 0.067496 
1429.000000 	 0.067596 
1430.000000 	 0.067733 
1431.000000 	 0.067790 
1432.000000 	 0.067852 
1433.000000 	 0.067798 
1434.000000 	 0.068225 
1435.000000 	 0.067970 
1436.000000 	 0.067902 
1437.000000 	 0.067922 
1438.000000 	 0.067784 
1439.000000 	 0.067806 
1440.000000 	 0.067610 
1441.000000 	 0.067739 
1442.000000 	 0.067916 
1443.000000 	 0.067527 
1444.000000 	 0.067274 
1445.000000 	 0.067248 
1446.000000 	 0.067314 
1447.000000 	 0.067221 
1448.000000 	 0.067390 
1449.000000 	 0.067215 
1450.000000 	 0.067203 
1451.000000 	 0.067223 
1452.000000 	 0.067382 
1453.000000 	 0.067099 
1454.000000 	 0.067103 
1455.000000 	 0.067327 
1456.000000 	 0.067598 
1457.000000 	 0.067394 
1458.000000 	 0.067288 
1459.000000 	 0.067430 
1460.000000 	 0.067361 
1461.000000 	 0.067613 
1462.000000 	 0.067453 
1463.000000 	 0.067607 
1464.000000 	 0.067830 
1465.000000 	 0.067760 
1466.000000 	 0.067498 
1467.000000 	 0.067291 
1468.000000 	 0.067060 
1469.000000 	 0.067277 
1470.000000 	 0.067357 
1471.000000 	 0.067434 
1472.000000 	 0.067622 
1473.000000 	 0.067941 
1474.000000 	 0.067805 
1475.000000 	 0.067622 
1476.000000 	 0.068192 
1477.000000 	 0.068550 
1478.000000 	 0.068716 
1479.000000 	 0.068728 
1480.000000 	 0.068690 
1481.000000 	 0.068825 
1482.000000 	 0.069516 
1483.000000 	 0.069303 
1484.000000 	 0.069067 
1485.000000 	 0.069072 
1486.000000 	 0.068895 
1487.000000 	 0.068626 
1488.000000 	 0.068472 
1489.000000 	 0.068718 
1490.000000 	 0.068436 
1491.000000 	 0.068566 
1492.000000 	 0.068374 
1493.000000 	 0.068640 
1494.000000 	 0.068884 
1495.000000 	 0.068784 
1496.000000 	 0.069246 
1497.000000 	 0.069000 
1498.000000 	 0.069211 
1499.000000 	 0.069134 
1500.000000 	 0.069282 
1501.000000 	 0.069168 
1502.000000 	 0.069131 
1503.000000 	 0.069282 
1504.000000 	 0.068986 
1505.000000 	 0.069139 
1506.000000 	 0.069376 
1507.000000 	 0.069295 
1508.000000 	 0.069129 
1509.000000 	 0.068937 
1510.000000 	 0.069132 
1511.000000 	 0.069439 
1512.000000 	 0.069544 
1513.000000 	 0.069804 
1514.000000 	 0.069348 
1515.000000 	 0.069685 
1516.000000 	 0.069524 
1517.000000 	 0.069928 
1518.000000 	 0.070107 
1519.000000 	 0.070117 
1520.000000 	 0.070633 
1521.000000 	 0.070537 
1522.000000 	 0.070876 
1523.000000 	 0.070880 
1524.000000 	 0.070566 
1525.000000 	 0.070599 
1526.000000 	 0.070737 
1527.000000 	 0.070704 
1528.000000 	 0.070351 
1529.000000 	 0.070451 
1530.000000 	 0.070552 
1531.000000 	 0.070908 
1532.000000 	 0.070646 
1533.000000 	 0.071087 
1534.000000 	 0.070908 
1535.000000 	 0.070862 
1536.000000 	 0.071101 
1537.000000 	 0.070831 
1538.000000 	 0.070825 
1539.000000 	 0.071118 
1540.000000 	 0.071355 
1541.000000 	 0.071589 
1542.000000 	 0.071668 
1543.000000 	 0.070985 
1544.000000 	 0.071240 
1545.000000 	 0.070984 
1546.000000 	 0.070802 
1547.000000 	 0.070990 
1548.000000 	 0.070596 
1549.000000 	 0.070584 
1550.000000 	 0.070859 
1551.000000 	 0.070698 
1552.000000 	 0.070528 
1553.000000 	 0.070690 
1554.000000 	 0.070276 
1555.000000 	 0.069574 
1556.000000 	 0.069588 
1557.000000 	 0.069696 
1558.000000 	 0.069281 
1559.000000 	 0.069661 
1560.000000 	 0.070009 
1561.000000 	 0.069881 
1562.000000 	 0.070204 
1563.000000 	 0.070166 
1564.000000 	 0.070240 
1565.000000 	 0.070379 
1566.000000 	 0.070220 
1567.000000 	 0.070624 
1568.000000 	 0.070573 
1569.000000 	 0.070670 
1570.000000 	 0.070413 
1571.000000 	 0.070676 
1572.000000 	 0.070388 
1573.000000 	 0.070181 
1574.000000 	 0.070054 
1575.000000 	 0.070662 
1576.000000 	 0.070780 
1577.000000 	 0.070771 
1578.000000 	 0.070849 
1579.000000 	 0.070725 
1580.000000 	 0.070688 
1581.000000 	 0.070788 
1582.000000 	 0.071005 
1583.000000 	 0.070993 
1584.000000 	 0.071103 
1585.000000 	 0.071210 
1586.000000 	 0.071211 
1587.000000 	 0.071297 
1588.000000 	 0.071051 
1589.000000 	 0.071033 
1590.000000 	 0.070916 
1591.000000 	 0.070979 
1592.000000 	 0.070962 
1593.000000 	 0.071278 
1594.000000 	 0.071212 
1595.000000 	 0.071334 
1596.000000 	 0.071081 
1597.000000 	 0.070809 
1598.000000 	 0.070725 
1599.000000 	 0.070791 
1600.000000 	 0.070907 
1601.000000 	 0.070721 
1602.000000 	 0.070773 
1603.000000 	 0.070746 
1604.000000 	 0.070589 
1605.000000 	 0.070471 
1606.000000 	 0.070332 
1607.000000 	 0.070225 
1608.000000 	 0.070393 
1609.000000 	 0.070412 
1610.000000 	 0.070939 
1611.000000 	 0.071066 
1612.000000 	 0.070657 
1613.000000 	 0.070391 
1614.000000 	 0.070373 
1615.000000 	 0.070492 
1616.000000 	 0.070247 
1617.000000 	 0.070535 
1618.000000 	 0.070664 
1619.000000 	 0.070672 
1620.000000 	 0.070312 
1621.000000 	 0.070392 
1622.000000 	 0.070872 
1623.000000 	 0.070840 
1624.000000 	 0.070870 
1625.000000 	 0.070911 
1626.000000 	 0.070610 
1627.000000 	 0.070485 
1628.000000 	 0.070054 
1629.000000 	 0.070050 
1630.000000 	 0.069710 
1631.000000 	 0.070030 
1632.000000 	 0.070321 
1633.000000 	 0.070138 
1634.000000 	 0.070392 
1635.000000 	 0.070292 
1636.000000 	 0.070016 
1637.000000 	 0.069894 
1638.000000 	 0.070021 
1639.000000 	 0.070120 
1640.000000 	 0.070232 
1641.000000 	 0.070314 
1642.000000 	 0.069983 
1643.000000 	 0.069827 
1644.000000 	 0.069696 
1645.000000 	 0.069922 
1646.000000 	 0.069982 
1647.000000 	 0.069724 
1648.000000 	 0.069811 
1649.000000 	 0.069793 
1650.000000 	 0.069832 
1651.000000 	 0.069466 
1652.000000 	 0.069411 
1653.000000 	 0.069403 
1654.000000 	 0.069497 
1655.000000 	 0.069660 
1656.000000 	 0.069708 
1657.000000 	 0.069778 
1658.000000 	 0.069652 
1659.000000 	 0.069622 
1660.000000 	 0.069431 
1661.000000 	 0.069395 
1662.000000 	 0.069264 
1663.000000 	 0.069252 
1664.000000 	 0.069243 
1665.000000 	 0.069163 
1666.000000 	 0.068916 
1667.000000 	 0.068510 
1668.000000 	 0.068624 
1669.000000 	 0.068101 
1670.000000 	 0.068320 
1671.000000 	 0.068232 
1672.000000 	 0.068104 
1673.000000 	 0.067979 
1674.000000 	 0.068275 
1675.000000 	 0.068306 
1676.000000 	 0.068454 
1677.000000 	 0.068606 
1678.000000 	 0.068567 
1679.000000 	 0.068508 
1680.000000 	 0.068573 
1681.000000 	 0.068745 
1682.000000 	 0.069002 
1683.000000 	 0.069147 
1684.000000 	 0.069176 
1685.000000 	 0.068918 
1686.000000 	 0.068922 
1687.000000 	 0.069135 
1688.000000 	 0.068511 
1689.000000 	 0.068230 
1690.000000 	 0.068173 
1691.000000 	 0.068494 
1692.000000 	 0.068508 
1693.000000 	 0.068595 
1694.000000 	 0.068837 
1695.000000 	 0.068906 
1696.000000 	 0.069322 
1697.000000 	 0.069195 
1698.000000 	 0.068783 
1699.000000 	 0.068717 
1700.000000 	 0.068702 
1701.000000 	 0.068316 
1702.000000 	 0.068430 
1703.000000 	 0.068416 
1704.000000 	 0.068634 
1705.000000 	 0.068569 
1706.000000 	 0.068279 
1707.000000 	 0.068313 
1708.000000 	 0.068159 
1709.000000 	 0.067543 
1710.000000 	 0.067830 
1711.000000 	 0.067527 
1712.000000 	 0.067636 
1713.000000 	 0.067846 
1714.000000 	 0.067632 
1715.000000 	 0.067660 
1716.000000 	 0.067896 
1717.000000 	 0.067998 
1718.000000 	 0.068129 
1719.000000 	 0.068353 
1720.000000 	 0.068622 
1721.000000 	 0.068698 
1722.000000 	 0.068896 
1723.000000 	 0.068680 
1724.000000 	 0.068564 
1725.000000 	 0.068230 
1726.000000 	 0.068410 
1727.000000 	 0.068524 
1728.000000 	 0.068722 
1729.000000 	 0.068478 
1730.000000 	 0.068802 
1731.000000 	 0.068807 
1732.000000 	 0.069009 
1733.000000 	 0.068650 
1734.000000 	 0.068491 
1735.000000 	 0.068302 
1736.000000 	 0.068666 
1737.000000 	 0.068486 
1738.000000 	 0.068356 
1739.000000 	 0.068579 
1740.000000 	 0.068090 
1741.000000 	 0.068181 
1742.000000 	 0.068273 
1743.000000 	 0.068188 
1744.000000 	 0.067792 
1745.000000 	 0.067862 
1746.000000 	 0.067635 
1747.000000 	 0.067961 
1748.000000 	 0.067685 
1749.000000 	 0.067659 
1750.000000 	 0.067770 
1751.000000 	 0.067849 
1752.000000 	 0.067734 
1753.000000 	 0.067982 
1754.000000 	 0.067594 
1755.000000 	 0.067358 
1756.000000 	 0.067226 
1757.000000 	 0.067215 
1758.000000 	 0.067439 
1759.000000 	 0.067999 
1760.000000 	 0.067865 
1761.000000 	 0.067847 
1762.000000 	 0.067900 
1763.000000 	 0.067975 
1764.000000 	 0.067844 
1765.000000 	 0.067500 
1766.000000 	 0.067609 
1767.000000 	 0.067737 
1768.000000 	 0.067532 
1769.000000 	 0.067459 
1770.000000 	 0.067658 
1771.000000 	 0.067615 
1772.000000 	 0.067697 
1773.000000 	 0.067493 
1774.000000 	 0.067099 
1775.000000 	 0.066625 
1776.000000 	 0.066251 
1777.000000 	 0.066197 
1778.000000 	 0.066191 
1779.000000 	 0.066410 
1780.000000 	 0.066572 
1781.000000 	 0.065977 
1782.000000 	 0.065752 
1783.000000 	 0.065625 
1784.000000 	 0.065390 
1785.000000 	 0.065849 
1786.000000 	 0.065957 
1787.000000 	 0.066045 
1788.000000 	 0.066066 
1789.000000 	 0.065819 
1790.000000 	 0.065840 
1791.000000 	 0.066051 
1792.000000 	 0.066095 
1793.000000 	 0.066384 
1794.000000 	 0.066399 
1795.000000 	 0.066118 
1796.000000 	 0.066058 
1797.000000 	 0.065572 
1798.000000 	 0.065678 
1799.000000 	 0.065397 
1800.000000 	 0.065640 
1801.000000 	 0.065722 
1802.000000 	 0.066149 
1803.000000 	 0.066030 
1804.000000 	 0.065894 
1805.000000 	 0.066005 
1806.000000 	 0.066152 
1807.000000 	 0.066143 
1808.000000 	 0.066320 
1809.000000 	 0.066376 
1810.000000 	 0.066398 
1811.000000 	 0.066632 
1812.000000 	 0.066666 
1813.000000 	 0.066529 
1814.000000 	 0.066475 
1815.000000 	 0.066678 
1816.000000 	 0.066484 
1817.000000 	 0.066216 
1818.000000 	 0.065992 
1819.000000 	 0.065588 
1820.000000 	 0.065489 
1821.000000 	 0.065408 
1822.000000 	 0.065562 
1823.000000 	 0.065779 
1824.000000 	 0.065900 
1825.000000 	 0.065807 
1826.000000 	 0.065723 
1827.000000 	 0.065620 
1828.000000 	 0.066081 
1829.000000 	 0.066532 
1830.000000 	 0.066534 
1831.000000 	 0.066560 
1832.000000 	 0.066583 
1833.000000 	 0.066318 
1834.000000 	 0.066412 
1835.000000 	 0.066184 
1836.000000 	 0.066233 
1837.000000 	 0.066126 
1838.000000 	 0.066127 
1839.000000 	 0.066210 
1840.000000 	 0.066462 
1841.000000 	 0.066243 
1842.000000 	 0.066311 
1843.000000 	 0.066383 
1844.000000 	 0.066559 
1845.000000 	 0.066186 
1846.000000 	 0.065886 
1847.000000 	 0.065911 
1848.000000 	 0.065839 
1849.000000 	 0.065789 
1850.000000 	 0.065858 
1851.000000 	 0.065545 
1852.000000 	 0.065785 
1853.000000 	 0.065823 
1854.000000 	 0.065896 
1855.000000 	 0.065843 
1856.000000 	 0.065679 
1857.000000 	 0.065781 
1858.000000 	 0.065483 
1859.000000 	 0.065242 
1860.000000 	 0.065140 
1861.000000 	 0.065733 
1862.000000 	 0.065706 
1863.000000 	 0.066000 
1864.000000 	 0.065766 
1865.000000 	 0.065590 
1866.000000 	 0.065686 
1867.000000 	 0.065584 
1868.000000 	 0.065800 
1869.000000 	 0.065860 
1870.000000 	 0.065355 
1871.000000 	 0.065364 
1872.000000 	 0.065586 
1873.000000 	 0.065172 
1874.000000 	 0.065363 
1875.000000 	 0.065482 
1876.000000 	 0.065620 
1877.000000 	 0.065739 
1878.000000 	 0.065408 
1879.000000 	 0.065425 
1880.000000 	 0.065775 
1881.000000 	 0.065732 
1882.000000 	 0.065635 
1883.000000 	 0.065742 
1884.000000 	 0.065624 
1885.000000 	 0.065435 
1886.000000 	 0.065371 
1887.000000 	 0.065369 
1888.000000 	 0.065203 
1889.000000 	 0.065273 
1890.000000 	 0.065114 
1891.000000 	 0.065538 
1892.000000 	 0.065429 
1893.000000 	 0.065548 
1894.000000 	 0.065066 
1895.000000 	 0.064773 
1896.000000 	 0.064888 
1897.000000 	 0.065106 
1898.000000 	 0.065503 
1899.000000 	 0.065563 
1900.000000 	 0.065574 
1901.000000 	 0.065687 
1902.000000 	 0.065888 
1903.000000 	 0.065846 
1904.000000 	 0.066115 
1905.000000 	 0.065939 
1906.000000 	 0.066233 
1907.000000 	 0.066258 
1908.000000 	 0.066519 
1909.000000 	 0.066370 
1910.000000 	 0.066206 
1911.000000 	 0.065801 
1912.000000 	 0.065371 
1913.000000 	 0.065450 
1914.000000 	 0.065696 
1915.000000 	 0.065605 
1916.000000 	 0.065715 
1917.000000 	 0.065457 
1918.000000 	 0.065465 
1919.000000 	 0.065528 
1920.000000 	 0.065625 
1921.000000 	 0.065650 
1922.000000 	 0.065509 
1923.000000 	 0.065579 
1924.000000 	 0.065427 
1925.000000 	 0.065129 
1926.000000 	 0.065452 
1927.000000 	 0.065993 
1928.000000 	 0.065954 
1929.000000 	 0.066123 
1930.000000 	 0.066012 
1931.000000 	 0.066051 
1932.000000 	 0.066272 
1933.000000 	 0.066316 
1934.000000 	 0.066199 
1935.000000 	 0.066299 
1936.000000 	 0.066008 
1937.000000 	 0.065695 
1938.000000 	 0.065646 
1939.000000 	 0.065476 
1940.000000 	 0.065656 
1941.000000 	 0.065948 
1942.000000 	 0.065509 
1943.000000 	 0.065970 
1944.000000 	 0.065969 
1945.000000 	 0.066122 
1946.000000 	 0.065754 
1947.000000 	 0.066130 
1948.000000 	 0.066133 
1949.000000 	 0.066094 
1950.000000 	 0.065659 
1951.000000 	 0.065970 
1952.000000 	 0.065844 
1953.000000 	 0.065853 
1954.000000 	 0.065482 
1955.000000 	 0.065852 
1956.000000 	 0.066224 
1957.000000 	 0.066697 
1958.000000 	 0.066805 
1959.000000 	 0.066789 
1960.000000 	 0.066875 
1961.000000 	 0.066763 
1962.000000 	 0.066956 
1963.000000 	 0.066968 
1964.000000 	 0.066653 
1965.000000 	 0.066638 
1966.000000 	 0.066559 
1967.000000 	 0.066270 
1968.000000 	 0.066468 
1969.000000 	 0.066536 
1970.000000 	 0.066955 
1971.000000 	 0.066943 
1972.000000 	 0.067019 
1973.000000 	 0.066993 
1974.000000 	 0.067245 
1975.000000 	 0.067173 
1976.000000 	 0.067317 
1977.000000 	 0.067568 
1978.000000 	 0.067459 
1979.000000 	 0.067421 
1980.000000 	 0.067648 
1981.000000 	 0.067980 
1982.000000 	 0.068182 
1983.000000 	 0.068319 
1984.000000 	 0.068303 
1985.000000 	 0.068282 
1986.000000 	 0.068083 
1987.000000 	 0.067805 
1988.000000 	 0.067786 
1989.000000 	 0.068158 
1990.000000 	 0.068085 
1991.000000 	 0.068140 
1992.000000 	 0.067948 
1993.000000 	 0.068092 
1994.000000 	 0.068148 
1995.000000 	 0.068352 
1996.000000 	 0.067884 
1997.000000 	 0.068143 
1998.000000 	 0.068213 
1999.000000 	 0.068180 
2000.000000 	 0.068299 
2001.000000 	 0.068175 
2002.000000 	 0.067990 
2003.000000 	 0.068081 
2004.000000 	 0.068406 
2005.000000 	 0.068874 
2006.000000 	 0.069044 
2007.000000 	 0.069237 
2008.000000 	 0.069316 
2009.000000 	 0.069437 
2010.000000 	 0.069499 
2011.000000 	 0.069532 
2012.000000 	 0.069659 
2013.000000 	 0.069586 
2014.000000 	 0.069927 
2015.000000 	 0.069651 
2016.000000 	 0.069699 
2017.000000 	 0.069581 
2018.000000 	 0.069590 
2019.000000 	 0.069845 
2020.000000 	 0.069986 
2021.000000 	 0.070175 
2022.000000 	 0.069985 
2023.000000 	 0.070364 
2024.000000 	 0.070092 
2025.000000 	 0.070053 
2026.000000 	 0.070161 
2027.000000 	 0.070363 
2028.000000 	 0.070087 
2029.000000 	 0.070076 
2030.000000 	 0.069797 
2031.000000 	 0.069628 
2032.000000 	 0.069736 
2033.000000 	 0.069820 
2034.000000 	 0.069736 
2035.000000 	 0.069981 
2036.000000 	 0.069985 
2037.000000 	 0.069970 
2038.000000 	 0.070014 
2039.000000 	 0.069904 
2040.000000 	 0.070126 
2041.000000 	 0.070167 
2042.000000 	 0.070281 
2043.000000 	 0.070183 
2044.000000 	 0.070194 
2045.000000 	 0.070024 
2046.000000 	 0.070343 
2047.000000 	 0.070723 
2048.000000 	 0.070281 
2049.000000 	 0.070438 
2050.000000 	 0.070323 
2051.000000 	 0.070758 
2052.000000 	 0.070783 
2053.000000 	 0.070759 
2054.000000 	 0.070705 
2055.000000 	 0.070477 
2056.000000 	 0.070222 
2057.000000 	 0.070048 
2058.000000 	 0.070026 
2059.000000 	 0.070127 
2060.000000 	 0.069744 
2061.000000 	 0.069537 
2062.000000 	 0.069470 
2063.000000 	 0.069348 
2064.000000 	 0.069375 
2065.000000 	 0.069270 
2066.000000 	 0.069107 
2067.000000 	 0.069019 
2068.000000 	 0.069166 
2069.000000 	 0.069061 
2070.000000 	 0.069287 
2071.000000 	 0.069173 
2072.000000 	 0.069625 
2073.000000 	 0.069551 
2074.000000 	 0.069511 
2075.000000 	 0.069168 
2076.000000 	 0.069313 
2077.000000 	 0.069480 
2078.000000 	 0.069204 
2079.000000 	 0.069069 
2080.000000 	 0.068893 
2081.000000 	 0.069037 
2082.000000 	 0.069186 
2083.000000 	 0.069176 
2084.000000 	 0.069324 
2085.000000 	 0.069478 
2086.000000 	 0.069321 
2087.000000 	 0.069217 
2088.000000 	 0.069109 
2089.000000 	 0.069021 
2090.000000 	 0.069232 
2091.000000 	 0.069165 
2092.000000 	 0.068899 
2093.000000 	 0.068700 
2094.000000 	 0.068629 
2095.000000 	 0.068362 
2096.000000 	 0.068158 
2097.000000 	 0.067680 
2098.000000 	 0.067580 
2099.000000 	 0.067684 
2100.000000 	 0.067615 
2101.000000 	 0.067723 
2102.000000 	 0.067838 
2103.000000 	 0.068002 
2104.000000 	 0.068170 
2105.000000 	 0.068347 
2106.000000 	 0.068357 
2107.000000 	 0.068290 
2108.000000 	 0.068385 
2109.000000 	 0.068326 
2110.000000 	 0.068365 
2111.000000 	 0.068271 
2112.000000 	 0.068266 
2113.000000 	 0.067996 
2114.000000 	 0.068206 
2115.000000 	 0.067950 
2116.000000 	 0.067712 
2117.000000 	 0.067646 
2118.000000 	 0.067081 
2119.000000 	 0.066825 
2120.000000 	 0.066958 
2121.000000 	 0.067026 
2122.000000 	 0.067185 
2123.000000 	 0.067179 
2124.000000 	 0.067354 
2125.000000 	 0.067284 
2126.000000 	 0.067295 
2127.000000 	 0.067057 
2128.000000 	 0.066823 
2129.000000 	 0.066842 
2130.000000 	 0.067010 
2131.000000 	 0.067097 
2132.000000 	 0.067373 
2133.000000 	 0.067069 
2134.000000 	 0.067032 
2135.000000 	 0.067009 
2136.000000 	 0.066978 
2137.000000 	 0.067144 
2138.000000 	 0.067175 
2139.000000 	 0.067409 
2140.000000 	 0.067021 
2141.000000 	 0.067190 
2142.000000 	 0.067173 
2143.000000 	 0.067034 
2144.000000 	 0.067121 
2145.000000 	 0.066860 
2146.000000 	 0.067394 
2147.000000 	 0.067131 
2148.000000 	 0.067147 
2149.000000 	 0.067023 
2150.000000 	 0.067036 
2151.000000 	 0.066933 
2152.000000 	 0.067142 
2153.000000 	 0.067052 
2154.000000 	 0.067063 
2155.000000 	 0.067237 
2156.000000 	 0.067164 
2157.000000 	 0.066994 
2158.000000 	 0.067472 
2159.000000 	 0.067699 
2160.000000 	 0.067726 
2161.000000 	 0.067680 
2162.000000 	 0.067937 
2163.000000 	 0.068009 
2164.000000 	 0.067981 
2165.000000 	 0.068192 
2166.000000 	 0.068443 
2167.000000 	 0.068469 
2168.000000 	 0.068415 
2169.000000 	 0.068500 
2170.000000 	 0.068551 
2171.000000 	 0.068461 
2172.000000 	 0.068031 
2173.000000 	 0.068018 
2174.000000 	 0.068243 
2175.000000 	 0.068130 
2176.000000 	 0.068167 
2177.000000 	 0.068125 
2178.000000 	 0.067850 
2179.000000 	 0.068023 
2180.000000 	 0.067943 
2181.000000 	 0.068190 
2182.000000 	 0.068108 
2183.000000 	 0.067900 
2184.000000 	 0.067923 
2185.000000 	 0.067874 
2186.000000 	 0.067595 
2187.000000 	 0.067574 
2188.000000 	 0.067273 
2189.000000 	 0.067200 
2190.000000 	 0.067318 
2191.000000 	 0.067200 
2192.000000 	 0.067277 
2193.000000 	 0.066900 
2194.000000 	 0.067075 
2195.000000 	 0.067093 
2196.000000 	 0.067097 
2197.000000 	 0.067108 
2198.000000 	 0.067138 
2199.000000 	 0.066977 
2200.000000 	 0.067090 
2201.000000 	 0.067115 
2202.000000 	 0.067261 
2203.000000 	 0.067277 
2204.000000 	 0.067399 
2205.000000 	 0.067457 
2206.000000 	 0.067674 
2207.000000 	 0.067663 
2208.000000 	 0.067532 
2209.000000 	 0.067609 
2210.000000 	 0.067600 
2211.000000 	 0.067190 
2212.000000 	 0.067382 
2213.000000 	 0.067272 
2214.000000 	 0.067322 
2215.000000 	 0.067403 
2216.000000 	 0.067348 
2217.000000 	 0.067210 
2218.000000 	 0.067008 
2219.000000 	 0.067059 
2220.000000 	 0.067004 
2221.000000 	 0.066994 
2222.000000 	 0.066778 
2223.000000 	 0.066898 
2224.000000 	 0.067074 
2225.000000 	 0.067118 
2226.000000 	 0.067023 
2227.000000 	 0.066973 
2228.000000 	 0.066541 
2229.000000 	 0.066615 
2230.000000 	 0.067043 
2231.000000 	 0.066936 
2232.000000 	 0.066897 
2233.000000 	 0.066730 
2234.000000 	 0.066657 
2235.000000 	 0.066657 
2236.000000 	 0.066658 
2237.000000 	 0.066510 
2238.000000 	 0.066440 
2239.000000 	 0.066029 
2240.000000 	 0.066246 
2241.000000 	 0.066296 
2242.000000 	 0.066378 
2243.000000 	 0.066300 
2244.000000 	 0.066448 
2245.000000 	 0.066414 
2246.000000 	 0.065928 
2247.000000 	 0.066069 
2248.000000 	 0.065836 
2249.000000 	 0.065811 
2250.000000 	 0.065507 
2251.000000 	 0.065044 
2252.000000 	 0.065169 
2253.000000 	 0.065207 
2254.000000 	 0.065274 
2255.000000 	 0.065208 
2256.000000 	 0.065564 
2257.000000 	 0.065589 
2258.000000 	 0.065578 
2259.000000 	 0.065670 
2260.000000 	 0.065230 
2261.000000 	 0.064920 
2262.000000 	 0.064963 
2263.000000 	 0.065189 
2264.000000 	 0.065115 
2265.000000 	 0.065142 
2266.000000 	 0.065250 
2267.000000 	 0.065303 
2268.000000 	 0.065431 
2269.000000 	 0.065698 
2270.000000 	 0.065867 
2271.000000 	 0.066180 
2272.000000 	 0.066382 
2273.000000 	 0.066481 
2274.000000 	 0.066106 
2275.000000 	 0.066427 
2276.000000 	 0.066307 
2277.000000 	 0.066096 
2278.000000 	 0.065885 
2279.000000 	 0.065936 
2280.000000 	 0.065580 
2281.000000 	 0.065674 
2282.000000 	 0.065484 
2283.000000 	 0.065561 
2284.000000 	 0.065362 
2285.000000 	 0.065206 
2286.000000 	 0.065486 
2287.000000 	 0.065006 
2288.000000 	 0.065113 
2289.000000 	 0.065079 
2290.000000 	 0.065144 
2291.000000 	 0.065247 
2292.000000 	 0.065349 
2293.000000 	 0.065447 
2294.000000 	 0.065188 
2295.000000 	 0.064829 
2296.000000 	 0.064769 
2297.000000 	 0.065152 
2298.000000 	 0.064943 
2299.000000 	 0.064866 
2300.000000 	 0.064607 
2301.000000 	 0.064793 
2302.000000 	 0.064713 
2303.000000 	 0.064506 
2304.000000 	 0.064295 
2305.000000 	 0.064307 
2306.000000 	 0.064112 
2307.000000 	 0.064041 
2308.000000 	 0.064194 
2309.000000 	 0.064277 
2310.000000 	 0.064247 
2311.000000 	 0.064298 
2312.000000 	 0.064538 
2313.000000 	 0.064380 
2314.000000 	 0.064452 
2315.000000 	 0.064415 
2316.000000 	 0.064518 
2317.000000 	 0.064457 
2318.000000 	 0.064350 
2319.000000 	 0.064055 
2320.000000 	 0.064370 
2321.000000 	 0.064351 
2322.000000 	 0.064829 
2323.000000 	 0.064996 
2324.000000 	 0.064821 
2325.000000 	 0.064985 
2326.000000 	 0.064670 
2327.000000 	 0.064492 
2328.000000 	 0.064574 
2329.000000 	 0.064653 
2330.000000 	 0.064465 
2331.000000 	 0.064528 
2332.000000 	 0.064716 
2333.000000 	 0.064333 
2334.000000 	 0.064750 
2335.000000 	 0.064876 
2336.000000 	 0.064559 
2337.000000 	 0.064352 
2338.000000 	 0.064543 
2339.000000 	 0.064641 
2340.000000 	 0.064579 
2341.000000 	 0.064659 
2342.000000 	 0.064546 
2343.000000 	 0.064413 
2344.000000 	 0.064335 
2345.000000 	 0.064545 
2346.000000 	 0.064361 
2347.000000 	 0.064330 
2348.000000 	 0.064116 
2349.000000 	 0.064205 
2350.000000 	 0.064483 
2351.000000 	 0.064560 
2352.000000 	 0.064968 
2353.000000 	 0.064982 
2354.000000 	 0.065157 
2355.000000 	 0.064942 
2356.000000 	 0.065033 
2357.000000 	 0.065137 
2358.000000 	 0.065398 
2359.000000 	 0.065699 
2360.000000 	 0.065616 
2361.000000 	 0.065672 
2362.000000 	 0.065436 
2363.000000 	 0.065617 
2364.000000 	 0.065819 
2365.000000 	 0.065954 
2366.000000 	 0.066058 
2367.000000 	 0.066352 
2368.000000 	 0.066177 
2369.000000 	 0.065834 
2370.000000 	 0.065422 
2371.000000 	 0.065328 
2372.000000 	 0.065400 
2373.000000 	 0.065575 
2374.000000 	 0.065819 
2375.000000 	 0.065590 
2376.000000 	 0.065487 
2377.000000 	 0.065629 
2378.000000 	 0.065655 
2379.000000 	 0.065551 
2380.000000 	 0.065432 
2381.000000 	 0.065653 
2382.000000 	 0.065835 
2383.000000 	 0.065549 
2384.000000 	 0.065956 
2385.000000 	 0.065983 
2386.000000 	 0.065611 
2387.000000 	 0.065465 
2388.000000 	 0.065448 
2389.000000 	 0.065712 
2390.000000 	 0.065691 
2391.000000 	 0.065826 
2392.000000 	 0.065785 
2393.000000 	 0.065384 
2394.000000 	 0.065013 
2395.000000 	 0.065063 
2396.000000 	 0.065098 
2397.000000 	 0.065096 
2398.000000 	 0.065031 
2399.000000 	 0.064939 
2400.000000 	 0.065187 
2401.000000 	 0.065698 
2402.000000 	 0.065852 
2403.000000 	 0.065173 
2404.000000 	 0.065397 
2405.000000 	 0.065527 
2406.000000 	 0.065438 
2407.000000 	 0.065710 
2408.000000 	 0.065719 
2409.000000 	 0.065823 
2410.000000 	 0.065966 
2411.000000 	 0.066060 
2412.000000 	 0.065621 
2413.000000 	 0.065692 
2414.000000 	 0.065565 
2415.000000 	 0.065695 
2416.000000 	 0.065710 
2417.000000 	 0.065857 
2418.000000 	 0.066012 
2419.000000 	 0.066055 
2420.000000 	 0.065852 
2421.000000 	 0.065556 
2422.000000 	 0.065420 
2423.000000 	 0.065591 
2424.000000 	 0.065846 
2425.000000 	 0.066086 
2426.000000 	 0.066352 
2427.000000 	 0.066226 
2428.000000 	 0.065775 
2429.000000 	 0.065877 
2430.000000 	 0.065901 
2431.000000 	 0.065705 
2432.000000 	 0.065870 
2433.000000 	 0.065631 
2434.000000 	 0.065799 
2435.000000 	 0.065728 
2436.000000 	 0.065694 
2437.000000 	 0.065854 
2438.000000 	 0.065727 
2439.000000 	 0.065995 
2440.000000 	 0.066215 
2441.000000 	 0.066294 
2442.000000 	 0.066679 
2443.000000 	 0.066619 
2444.000000 	 0.066454 
2445.000000 	 0.066445 
2446.000000 	 0.066280 
2447.000000 	 0.066145 
2448.000000 	 0.065679 
2449.000000 	 0.065534 
2450.000000 	 0.065568 
2451.000000 	 0.065459 
2452.000000 	 0.065208 
2453.000000 	 0.065353 
2454.000000 	 0.065447 
2455.000000 	 0.065414 
2456.000000 	 0.065260 
2457.000000 	 0.065244 
2458.000000 	 0.065272 
2459.000000 	 0.064735 
2460.000000 	 0.064811 
2461.000000 	 0.065106 
2462.000000 	 0.064791 
2463.000000 	 0.064562 
2464.000000 	 0.064686 
2465.000000 	 0.064609 
2466.000000 	 0.064867 
2467.000000 	 0.064828 
2468.000000 	 0.064997 
2469.000000 	 0.064606 
2470.000000 	 0.064725 
2471.000000 	 0.064286 
2472.000000 	 0.064206 
2473.000000 	 0.064311 
2474.000000 	 0.064249 
2475.000000 	 0.064563 
2476.000000 	 0.064721 
2477.000000 	 0.064569 
2478.000000 	 0.064912 
2479.000000 	 0.064898 
2480.000000 	 0.065102 
2481.000000 	 0.065192 
2482.000000 	 0.065275 
2483.000000 	 0.065129 
2484.000000 	 0.065073 
2485.000000 	 0.065197 
2486.000000 	 0.065049 
2487.000000 	 0.065791 
2488.000000 	 0.066128 
2489.000000 	 0.066147 
2490.000000 	 0.066110 
2491.000000 	 0.065949 
2492.000000 	 0.065689 
2493.000000 	 0.065636 
2494.000000 	 0.065827 
2495.000000 	 0.065930 
2496.000000 	 0.065825 
2497.000000 	 0.066136 
2498.000000 	 0.066088 
2499.000000 	 0.066037 
2500.000000 	 0.065748 
2501.000000 	 0.065670 
2502.000000 	 0.065523 
2503.000000 	 0.065897 
2504.000000 	 0.066096 
2505.000000 	 0.066296 
2506.000000 	 0.066173 
2507.000000 	 0.066716 
2508.000000 	 0.066945 
2509.000000 	 0.066856 
2510.000000 	 0.066703 
2511.000000 	 0.066903 
2512.000000 	 0.066993 
2513.000000 	 0.066841 
2514.000000 	 0.066624 
2515.000000 	 0.066603 
2516.000000 	 0.066277 
2517.000000 	 0.066356 
2518.000000 	 0.066269 
2519.000000 	 0.066227 
2520.000000 	 0.066315 
2521.000000 	 0.066030 
2522.000000 	 0.066197 
2523.000000 	 0.066182 
2524.000000 	 0.066103 
2525.000000 	 0.066246 
2526.000000 	 0.066373 
2527.000000 	 0.066001 
2528.000000 	 0.065445 
2529.000000 	 0.065488 
2530.000000 	 0.065687 
2531.000000 	 0.065653 
2532.000000 	 0.065665 
2533.000000 	 0.065590 
2534.000000 	 0.065871 
2535.000000 	 0.065891 
2536.000000 	 0.065940 
2537.000000 	 0.066138 
2538.000000 	 0.066187 
2539.000000 	 0.066360 
2540.000000 	 0.066550 
2541.000000 	 0.066660 
2542.000000 	 0.066433 
2543.000000 	 0.066619 
2544.000000 	 0.066476 
2545.000000 	 0.066136 
2546.000000 	 0.066407 
2547.000000 	 0.066363 
2548.000000 	 0.066881 
2549.000000 	 0.066417 
2550.000000 	 0.065886 
2551.000000 	 0.065799 
2552.000000 	 0.065956 
2553.000000 	 0.065946 
2554.000000 	 0.065905 
2555.000000 	 0.065658 
2556.000000 	 0.065607 
2557.000000 	 0.065716 
2558.000000 	 0.066004 
2559.000000 	 0.065860 
2560.000000 	 0.065974 
2561.000000 	 0.065942 
2562.000000 	 0.065984 
2563.000000 	 0.066074 
2564.000000 	 0.066001 
2565.000000 	 0.065876 
2566.000000 	 0.065488 
2567.000000 	 0.065652 
2568.000000 	 0.066096 
2569.000000 	 0.066230 
2570.000000 	 0.065879 
2571.000000 	 0.065987 
2572.000000 	 0.065730 
2573.000000 	 0.065622 
2574.000000 	 0.065641 
2575.000000 	 0.066076 
2576.000000 	 0.066059 
2577.000000 	 0.065911 
2578.000000 	 0.066212 
2579.000000 	 0.066086 
2580.000000 	 0.066096 
2581.000000 	 0.066002 
2582.000000 	 0.065979 
2583.000000 	 0.065887 
2584.000000 	 0.065945 
2585.000000 	 0.065934 
2586.000000 	 0.065673 
2587.000000 	 0.065715 
2588.000000 	 0.066169 
2589.000000 	 0.066304 
2590.000000 	 0.065923 
2591.000000 	 0.065599 
2592.000000 	 0.065555 
2593.000000 	 0.065780 
2594.000000 	 0.065736 
2595.000000 	 0.065555 
2596.000000 	 0.065716 
2597.000000 	 0.065991 
2598.000000 	 0.066078 
2599.000000 	 0.065927 
2600.000000 	 0.066131 
2601.000000 	 0.065883 
2602.000000 	 0.066302 
2603.000000 	 0.065990 
2604.000000 	 0.065738 
2605.000000 	 0.065855 
2606.000000 	 0.065849 
2607.000000 	 0.065863 
2608.000000 	 0.065535 
2609.000000 	 0.065301 
2610.000000 	 0.065670 
2611.000000 	 0.065590 
2612.000000 	 0.065610 
2613.000000 	 0.065401 
2614.000000 	 0.065393 
2615.000000 	 0.065457 
2616.000000 	 0.065483 
2617.000000 	 0.065446 
2618.000000 	 0.065489 
2619.000000 	 0.065482 
2620.000000 	 0.065474 
2621.000000 	 0.065293 
2622.000000 	 0.065103 
2623.000000 	 0.065220 
2624.000000 	 0.065338 
2625.000000 	 0.065595 
2626.000000 	 0.065437 
2627.000000 	 0.065359 
2628.000000 	 0.065343 
2629.000000 	 0.065262 
2630.000000 	 0.065706 
2631.000000 	 0.065466 
2632.000000 	 0.065200 
2633.000000 	 0.065376 
2634.000000 	 0.064980 
2635.000000 	 0.065132 
2636.000000 	 0.064976 
2637.000000 	 0.064808 
2638.000000 	 0.064674 
2639.000000 	 0.064856 
2640.000000 	 0.064607 
2641.000000 	 0.064878 
2642.000000 	 0.064863 
2643.000000 	 0.065141 
2644.000000 	 0.065208 
2645.000000 	 0.065348 
2646.000000 	 0.065348 
2647.000000 	 0.065084 
2648.000000 	 0.064454 
2649.000000 	 0.064144 
2650.000000 	 0.064295 
2651.000000 	 0.063677 
2652.000000 	 0.063658 
2653.000000 	 0.063556 
2654.000000 	 0.063965 
2655.000000 	 0.064133 
2656.000000 	 0.064174 
2657.000000 	 0.064237 
2658.000000 	 0.063964 
2659.000000 	 0.063994 
2660.000000 	 0.064172 
2661.000000 	 0.064320 
2662.000000 	 0.064018 
2663.000000 	 0.064222 
2664.000000 	 0.064222 
2665.000000 	 0.064534 
2666.000000 	 0.065133 
2667.000000 	 0.065117 
2668.000000 	 0.064641 
2669.000000 	 0.064620 
2670.000000 	 0.064676 
2671.000000 	 0.064755 
2672.000000 	 0.065173 
2673.000000 	 0.065310 
2674.000000 	 0.065368 
2675.000000 	 0.065659 
2676.000000 	 0.065617 
2677.000000 	 0.065501 
2678.000000 	 0.065548 
2679.000000 	 0.065556 
2680.000000 	 0.065321 
2681.000000 	 0.065441 
2682.000000 	 0.065463 
2683.000000 	 0.064991 
2684.000000 	 0.065301 
2685.000000 	 0.064947 
2686.000000 	 0.064931 
2687.000000 	 0.064812 
2688.000000 	 0.064496 
2689.000000 	 0.064465 
2690.000000 	 0.064631 
2691.000000 	 0.064597 
2692.000000 	 0.064472 
2693.000000 	 0.064284 
2694.000000 	 0.064218 
2695.000000 	 0.063892 
2696.000000 	 0.063686 
2697.000000 	 0.063590 
2698.000000 	 0.063277 
2699.000000 	 0.063438 
2700.000000 	 0.063477 
2701.000000 	 0.063411 
2702.000000 	 0.063351 
2703.000000 	 0.063627 
2704.000000 	 0.063337 
2705.000000 	 0.063613 
2706.000000 	 0.063641 
2707.000000 	 0.063495 
2708.000000 	 0.063602 
2709.000000 	 0.063380 
2710.000000 	 0.063236 
2711.000000 	 0.063445 
2712.000000 	 0.063849 
2713.000000 	 0.063730 
2714.000000 	 0.063843 
2715.000000 	 0.063599 
2716.000000 	 0.063549 
2717.000000 	 0.063843 
2718.000000 	 0.063767 
2719.000000 	 0.063635 
2720.000000 	 0.063626 
2721.000000 	 0.063557 
2722.000000 	 0.063645 
2723.000000 	 0.063997 
2724.000000 	 0.063953 
2725.000000 	 0.064032 
2726.000000 	 0.063983 
2727.000000 	 0.063909 
2728.000000 	 0.064256 
2729.000000 	 0.064198 
2730.000000 	 0.064168 
2731.000000 	 0.063926 
2732.000000 	 0.064150 
2733.000000 	 0.063969 
2734.000000 	 0.063887 
2735.000000 	 0.063649 
2736.000000 	 0.063891 
2737.000000 	 0.063896 
2738.000000 	 0.063794 
2739.000000 	 0.063548 
2740.000000 	 0.063705 
2741.000000 	 0.063921 
2742.000000 	 0.063952 
2743.000000 	 0.063658 
2744.000000 	 0.063785 
2745.000000 	 0.064116 
2746.000000 	 0.064049 
2747.000000 	 0.063772 
2748.000000 	 0.063990 
2749.000000 	 0.063753 
2750.000000 	 0.063801 
2751.000000 	 0.063563 
2752.000000 	 0.063293 
2753.000000 	 0.063351 
2754.000000 	 0.063245 
2755.000000 	 0.063413 
2756.000000 	 0.063499 
2757.000000 	 0.063848 
2758.000000 	 0.063942 
2759.000000 	 0.063849 
2760.000000 	 0.064081 
2761.000000 	 0.064159 
2762.000000 	 0.064035 
2763.000000 	 0.064050 
2764.000000 	 0.063980 
2765.000000 	 0.063630 
2766.000000 	 0.063828 
2767.000000 	 0.063775 
2768.000000 	 0.063749 
2769.000000 	 0.064066 
2770.000000 	 0.064202 
2771.000000 	 0.063646 
2772.000000 	 0.063463 
2773.000000 	 0.063674 
2774.000000 	 0.063934 
2775.000000 	 0.064063 
2776.000000 	 0.064035 
2777.000000 	 0.063955 
2778.000000 	 0.064004 
2779.000000 	 0.064191 
2780.000000 	 0.064237 
2781.000000 	 0.064213 
2782.000000 	 0.064274 
2783.000000 	 0.064345 
2784.000000 	 0.064013 
2785.000000 	 0.064025 
2786.000000 	 0.064031 
2787.000000 	 0.064127 
2788.000000 	 0.064117 
2789.000000 	 0.064038 
2790.000000 	 0.064174 
2791.000000 	 0.064130 
2792.000000 	 0.063991 
2793.000000 	 0.063540 
2794.000000 	 0.063513 
2795.000000 	 0.063830 
2796.000000 	 0.063890 
2797.000000 	 0.064164 
2798.000000 	 0.063788 
2799.000000 	 0.063816 
2800.000000 	 0.063749 
2801.000000 	 0.063538 
2802.000000 	 0.063463 
2803.000000 	 0.063508 
2804.000000 	 0.063925 
2805.000000 	 0.063847 
2806.000000 	 0.063767 
2807.000000 	 0.063553 
2808.000000 	 0.063196 
2809.000000 	 0.063323 
2810.000000 	 0.063247 
2811.000000 	 0.063060 
2812.000000 	 0.063027 
2813.000000 	 0.063200 
2814.000000 	 0.063383 
2815.000000 	 0.063035 
2816.000000 	 0.063133 
2817.000000 	 0.063420 
2818.000000 	 0.063154 
2819.000000 	 0.063245 
2820.000000 	 0.063137 
2821.000000 	 0.063570 
2822.000000 	 0.063727 
2823.000000 	 0.063807 
2824.000000 	 0.063755 
2825.000000 	 0.063417 
2826.000000 	 0.063141 
2827.000000 	 0.062994 
2828.000000 	 0.062845 
2829.000000 	 0.063033 
2830.000000 	 0.062802 
2831.000000 	 0.062661 
2832.000000 	 0.062568 
2833.000000 	 0.062516 
2834.000000 	 0.062478 
2835.000000 	 0.062433 
2836.000000 	 0.062468 
2837.000000 	 0.062798 
2838.000000 	 0.062526 
2839.000000 	 0.062592 
2840.000000 	 0.063049 
2841.000000 	 0.063032 
2842.000000 	 0.063170 
2843.000000 	 0.063264 
2844.000000 	 0.063346 
2845.000000 	 0.063461 
2846.000000 	 0.063211 
2847.000000 	 0.063205 
2848.000000 	 0.063064 
2849.000000 	 0.062888 
2850.000000 	 0.063326 
2851.000000 	 0.062979 
2852.000000 	 0.063261 
2853.000000 	 0.063542 
2854.000000 	 0.063623 
2855.000000 	 0.063444 
2856.000000 	 0.063095 
2857.000000 	 0.063076 
2858.000000 	 0.063002 
2859.000000 	 0.063248 
2860.000000 	 0.062881 
2861.000000 	 0.062846 
2862.000000 	 0.062843 
2863.000000 	 0.062632 
2864.000000 	 0.062945 
2865.000000 	 0.063008 
2866.000000 	 0.063012 
2867.000000 	 0.063165 
2868.000000 	 0.063553 
2869.000000 	 0.063727 
2870.000000 	 0.063939 
2871.000000 	 0.064439 
2872.000000 	 0.064210 
2873.000000 	 0.064167 
2874.000000 	 0.064600 
2875.000000 	 0.064732 
2876.000000 	 0.064972 
2877.000000 	 0.065090 
2878.000000 	 0.064990 
2879.000000 	 0.064872 
2880.000000 	 0.064489 
2881.000000 	 0.064226 
2882.000000 	 0.064451 
2883.000000 	 0.064509 
2884.000000 	 0.064270 
2885.000000 	 0.064208 
2886.000000 	 0.064089 
2887.000000 	 0.064299 
2888.000000 	 0.064578 
2889.000000 	 0.064493 
2890.000000 	 0.063954 
2891.000000 	 0.063789 
2892.000000 	 0.064037 
2893.000000 	 0.063772 
2894.000000 	 0.063853 
2895.000000 	 0.064291 
2896.000000 	 0.064201 
2897.000000 	 0.064389 
2898.000000 	 0.063992 
2899.000000 	 0.064099 
2900.000000 	 0.064074 
2901.000000 	 0.064079 
2902.000000 	 0.064002 
2903.000000 	 0.064031 
2904.000000 	 0.064026 
2905.000000 	 0.064144 
2906.000000 	 0.063698 
2907.000000 	 0.063791 
2908.000000 	 0.063865 
2909.000000 	 0.063910 
2910.000000 	 0.064018 
2911.000000 	 0.063901 
2912.000000 	 0.063618 
2913.000000 	 0.063505 
2914.000000 	 0.063499 
2915.000000 	 0.063787 
2916.000000 	 0.064045 
2917.000000 	 0.063949 
2918.000000 	 0.063998 
2919.000000 	 0.064233 
2920.000000 	 0.064044 
2921.000000 	 0.063787 
2922.000000 	 0.063877 
2923.000000 	 0.064024 
2924.000000 	 0.063979 
2925.000000 	 0.063614 
2926.000000 	 0.063860 
2927.000000 	 0.063499 
2928.000000 	 0.063607 
2929.000000 	 0.063426 
2930.000000 	 0.063467 
2931.000000 	 0.063389 
2932.000000 	 0.063181 
2933.000000 	 0.063229 
2934.000000 	 0.063082 
2935.000000 	 0.063213 
2936.000000 	 0.063208 
2937.000000 	 0.063548 
2938.000000 	 0.063748 
2939.000000 	 0.063738 
2940.000000 	 0.063963 
2941.000000 	 0.064140 
2942.000000 	 0.063954 
2943.000000 	 0.063792 
2944.000000 	 0.063822 
2945.000000 	 0.063824 
2946.000000 	 0.063688 
2947.000000 	 0.063764 
2948.000000 	 0.063874 
2949.000000 	 0.064054 
2950.000000 	 0.064182 
2951.000000 	 0.064257 
2952.000000 	 0.064065 
2953.000000 	 0.063868 
2954.000000 	 0.064226 
2955.000000 	 0.064281 
2956.000000 	 0.064284 
2957.000000 	 0.064355 
2958.000000 	 0.064466 
2959.000000 	 0.064592 
2960.000000 	 0.064592 
2961.000000 	 0.064749 
2962.000000 	 0.064339 
2963.000000 	 0.064111 
2964.000000 	 0.064163 
2965.000000 	 0.064289 
2966.000000 	 0.064150 
2967.000000 	 0.064148 
2968.000000 	 0.064426 
2969.000000 	 0.064554 
2970.000000 	 0.064368 
2971.000000 	 0.064398 
2972.000000 	 0.064556 
2973.000000 	 0.064458 
2974.000000 	 0.064029 
2975.000000 	 0.063527 
2976.000000 	 0.063682 
2977.000000 	 0.063946 
2978.000000 	 0.063903 
2979.000000 	 0.064056 
2980.000000 	 0.063775 
2981.000000 	 0.064124 
2982.000000 	 0.064311 
2983.000000 	 0.064427 
2984.000000 	 0.064576 
2985.000000 	 0.064471 
2986.000000 	 0.064422 
2987.000000 	 0.064639 
2988.000000 	 0.064595 
2989.000000 	 0.064606 
2990.000000 	 0.064235 
2991.000000 	 0.064167 
2992.000000 	 0.064074 
2993.000000 	 0.063830 
2994.000000 	 0.063748 
2995.000000 	 0.064156 
2996.000000 	 0.064154 
2997.000000 	 0.064204 
2998.000000 	 0.064258 
2999.000000 	 0.064226 
3000.000000 	 0.064447 
3001.000000 	 0.064325 
3002.000000 	 0.064318 
3003.000000 	 0.064263 
3004.000000 	 0.063889 
3005.000000 	 0.064035 
3006.000000 	 0.064332 
3007.000000 	 0.064439 
3008.000000 	 0.064301 
3009.000000 	 0.064496 
3010.000000 	 0.064708 
3011.000000 	 0.064910 
3012.000000 	 0.065020 
3013.000000 	 0.064902 
3014.000000 	 0.065118 
3015.000000 	 0.065325 
3016.000000 	 0.065162 
3017.000000 	 0.065504 
3018.000000 	 0.065401 
3019.000000 	 0.065297 
3020.000000 	 0.064883 
3021.000000 	 0.064938 
3022.000000 	 0.064838 
3023.000000 	 0.064944 
3024.000000 	 0.064919 
3025.000000 	 0.064889 
3026.000000 	 0.064728 
3027.000000 	 0.064524 
3028.000000 	 0.065025 
3029.000000 	 0.065314 
3030.000000 	 0.065446 
3031.000000 	 0.065675 
3032.000000 	 0.065515 
3033.000000 	 0.065469 
3034.000000 	 0.065524 
3035.000000 	 0.065594 
3036.000000 	 0.065790 
3037.000000 	 0.065745 
3038.000000 	 0.066145 
3039.000000 	 0.066065 
3040.000000 	 0.066302 
3041.000000 	 0.066445 
3042.000000 	 0.066363 
3043.000000 	 0.066295 
3044.000000 	 0.066416 
3045.000000 	 0.066412 
3046.000000 	 0.066326 
3047.000000 	 0.066039 
3048.000000 	 0.066192 
3049.000000 	 0.066359 
3050.000000 	 0.066396 
3051.000000 	 0.066285 
3052.000000 	 0.066218 
3053.000000 	 0.066247 
3054.000000 	 0.066378 
3055.000000 	 0.066235 
3056.000000 	 0.066244 
3057.000000 	 0.065863 
3058.000000 	 0.066156 
3059.000000 	 0.066214 
3060.000000 	 0.066148 
3061.000000 	 0.066034 
3062.000000 	 0.066131 
3063.000000 	 0.066508 
3064.000000 	 0.066650 
3065.000000 	 0.066995 
3066.000000 	 0.067334 
3067.000000 	 0.067929 
3068.000000 	 0.067751 
3069.000000 	 0.067404 
3070.000000 	 0.067477 
3071.000000 	 0.067374 
3072.000000 	 0.067399 
3073.000000 	 0.067727 
3074.000000 	 0.068209 
3075.000000 	 0.067837 
3076.000000 	 0.068030 
3077.000000 	 0.068319 
3078.000000 	 0.068156 
3079.000000 	 0.067821 
3080.000000 	 0.067826 
3081.000000 	 0.067685 
3082.000000 	 0.067675 
3083.000000 	 0.067775 
3084.000000 	 0.068277 
3085.000000 	 0.068287 
3086.000000 	 0.068351 
3087.000000 	 0.068247 
3088.000000 	 0.068000 
3089.000000 	 0.067902 
3090.000000 	 0.067967 
3091.000000 	 0.067836 
3092.000000 	 0.067964 
3093.000000 	 0.067832 
3094.000000 	 0.067753 
3095.000000 	 0.067736 
3096.000000 	 0.067993 
3097.000000 	 0.068085 
3098.000000 	 0.068243 
3099.000000 	 0.068233 
3100.000000 	 0.068268 
3101.000000 	 0.068292 
3102.000000 	 0.068623 
3103.000000 	 0.068761 
3104.000000 	 0.069067 
3105.000000 	 0.068667 
3106.000000 	 0.069048 
3107.000000 	 0.068970 
3108.000000 	 0.068998 
3109.000000 	 0.068947 
3110.000000 	 0.068885 
3111.000000 	 0.068982 
3112.000000 	 0.068821 
3113.000000 	 0.068815 
3114.000000 	 0.068444 
3115.000000 	 0.068471 
3116.000000 	 0.068192 
3117.000000 	 0.068222 
3118.000000 	 0.068178 
3119.000000 	 0.067907 
3120.000000 	 0.067914 
3121.000000 	 0.068024 
3122.000000 	 0.068269 
3123.000000 	 0.068213 
3124.000000 	 0.068382 
3125.000000 	 0.068465 
3126.000000 	 0.068474 
3127.000000 	 0.068604 
3128.000000 	 0.068816 
3129.000000 	 0.068924 
3130.000000 	 0.068965 
3131.000000 	 0.068745 
3132.000000 	 0.068670 
3133.000000 	 0.068274 
3134.000000 	 0.068368 
3135.000000 	 0.068535 
3136.000000 	 0.068690 
3137.000000 	 0.068740 
3138.000000 	 0.068824 
3139.000000 	 0.069351 
3140.000000 	 0.069362 
3141.000000 	 0.069260 
3142.000000 	 0.069665 
3143.000000 	 0.069768 
3144.000000 	 0.069670 
3145.000000 	 0.070189 
3146.000000 	 0.070463 
3147.000000 	 0.069978 
3148.000000 	 0.069783 
3149.000000 	 0.069936 
3150.000000 	 0.070036 
3151.000000 	 0.069816 
3152.000000 	 0.069803 
3153.000000 	 0.069548 
3154.000000 	 0.068896 
3155.000000 	 0.069157 
3156.000000 	 0.068906 
3157.000000 	 0.068745 
3158.000000 	 0.068528 
3159.000000 	 0.068471 
3160.000000 	 0.068352 
3161.000000 	 0.068819 
3162.000000 	 0.068946 
3163.000000 	 0.068610 
3164.000000 	 0.068475 
3165.000000 	 0.068297 
3166.000000 	 0.068403 
3167.000000 	 0.068362 
3168.000000 	 0.068262 
3169.000000 	 0.068246 
3170.000000 	 0.068502 
3171.000000 	 0.068569 
3172.000000 	 0.068599 
3173.000000 	 0.068501 
3174.000000 	 0.068426 
3175.000000 	 0.068294 
3176.000000 	 0.067769 
3177.000000 	 0.068194 
3178.000000 	 0.068250 
3179.000000 	 0.067851 
3180.000000 	 0.067752 
3181.000000 	 0.067595 
3182.000000 	 0.067505 
3183.000000 	 0.067215 
3184.000000 	 0.067435 
3185.000000 	 0.067630 
3186.000000 	 0.067477 
3187.000000 	 0.067652 
3188.000000 	 0.068077 
3189.000000 	 0.067696 
3190.000000 	 0.067831 
3191.000000 	 0.067932 
3192.000000 	 0.068004 
3193.000000 	 0.068068 
3194.000000 	 0.068048 
3195.000000 	 0.068121 
3196.000000 	 0.067934 
3197.000000 	 0.068163 
3198.000000 	 0.068007 
3199.000000 	 0.067829 
3200.000000 	 0.067349 
3201.000000 	 0.067565 
3202.000000 	 0.067905 
3203.000000 	 0.067990 
3204.000000 	 0.067980 
3205.000000 	 0.067997 
3206.000000 	 0.067797 
3207.000000 	 0.068103 
3208.000000 	 0.067667 
3209.000000 	 0.067949 
3210.000000 	 0.067883 
3211.000000 	 0.067506 
3212.000000 	 0.067625 
3213.000000 	 0.067387 
3214.000000 	 0.067019 
3215.000000 	 0.067154 
3216.000000 	 0.067046 
3217.000000 	 0.066859 
3218.000000 	 0.066796 
3219.000000 	 0.066808 
3220.000000 	 0.066929 
3221.000000 	 0.067057 
3222.000000 	 0.066930 
3223.000000 	 0.066430 
3224.000000 	 0.066343 
3225.000000 	 0.066051 
3226.000000 	 0.066336 
3227.000000 	 0.066251 
3228.000000 	 0.066391 
3229.000000 	 0.066012 
3230.000000 	 0.066074 
3231.000000 	 0.066059 
3232.000000 	 0.066197 
3233.000000 	 0.066116 
3234.000000 	 0.066241 
3235.000000 	 0.065823 
3236.000000 	 0.065982 
3237.000000 	 0.065901 
3238.000000 	 0.065820 
3239.000000 	 0.065511 
3240.000000 	 0.065436 
3241.000000 	 0.065154 
3242.000000 	 0.065185 
3243.000000 	 0.065357 
3244.000000 	 0.065099 
3245.000000 	 0.065287 
3246.000000 	 0.065162 
3247.000000 	 0.064862 
3248.000000 	 0.065105 
3249.000000 	 0.065049 
3250.000000 	 0.065091 
3251.000000 	 0.065225 
3252.000000 	 0.065112 
3253.000000 	 0.064965 
3254.000000 	 0.064783 
3255.000000 	 0.064560 
3256.000000 	 0.064454 
3257.000000 	 0.064541 
3258.000000 	 0.064659 
3259.000000 	 0.065060 
3260.000000 	 0.064806 
3261.000000 	 0.064828 
3262.000000 	 0.064811 
3263.000000 	 0.065013 
3264.000000 	 0.065031 
3265.000000 	 0.064706 
3266.000000 	 0.064544 
3267.000000 	 0.064858 
3268.000000 	 0.065072 
3269.000000 	 0.065253 
3270.000000 	 0.065130 
3271.000000 	 0.065279 
3272.000000 	 0.065150 
3273.000000 	 0.065211 
3274.000000 	 0.065091 
3275.000000 	 0.065298 
3276.000000 	 0.065211 
3277.000000 	 0.065375 
3278.000000 	 0.065227 
3279.000000 	 0.065308 
3280.000000 	 0.065248 
3281.000000 	 0.065549 
3282.000000 	 0.065376 
3283.000000 	 0.065155 
3284.000000 	 0.064822 
3285.000000 	 0.064944 
3286.000000 	 0.064567 
3287.000000 	 0.064835 
3288.000000 	 0.064553 
3289.000000 	 0.064136 
3290.000000 	 0.063984 
3291.000000 	 0.063935 
3292.000000 	 0.064183 
3293.000000 	 0.064608 
3294.000000 	 0.064484 
3295.000000 	 0.064707 
3296.000000 	 0.064887 
3297.000000 	 0.064967 
3298.000000 	 0.065040 
3299.000000 	 0.064944 
3300.000000 	 0.065196 
3301.000000 	 0.065327 
3302.000000 	 0.065254 
3303.000000 	 0.064928 
3304.000000 	 0.064854 
3305.000000 	 0.064938 
3306.000000 	 0.064863 
3307.000000 	 0.064716 
3308.000000 	 0.064764 
3309.000000 	 0.064432 
3310.000000 	 0.064456 
3311.000000 	 0.064048 
3312.000000 	 0.064140 
3313.000000 	 0.064123 
3314.000000 	 0.064178 
3315.000000 	 0.064329 
3316.000000 	 0.064389 
3317.000000 	 0.064707 
3318.000000 	 0.064633 
3319.000000 	 0.064361 
3320.000000 	 0.064221 
3321.000000 	 0.064407 
3322.000000 	 0.064720 
3323.000000 	 0.064827 
3324.000000 	 0.064553 
3325.000000 	 0.064595 
3326.000000 	 0.064120 
3327.000000 	 0.064002 
3328.000000 	 0.063786 
3329.000000 	 0.063851 
3330.000000 	 0.063639 
3331.000000 	 0.063491 
3332.000000 	 0.063460 
3333.000000 	 0.063625 
3334.000000 	 0.063669 
3335.000000 	 0.063811 
3336.000000 	 0.063972 
3337.000000 	 0.063625 
3338.000000 	 0.063770 
3339.000000 	 0.063560 
3340.000000 	 0.063489 
3341.000000 	 0.063472 
3342.000000 	 0.063538 
3343.000000 	 0.063522 
3344.000000 	 0.063380 
3345.000000 	 0.063355 
3346.000000 	 0.063097 
3347.000000 	 0.062834 
3348.000000 	 0.063136 
3349.000000 	 0.063067 
3350.000000 	 0.063208 
3351.000000 	 0.062743 
3352.000000 	 0.062651 
3353.000000 	 0.062774 
3354.000000 	 0.062905 
3355.000000 	 0.063114 
3356.000000 	 0.063154 
3357.000000 	 0.063217 
3358.000000 	 0.063781 
3359.000000 	 0.063894 
3360.000000 	 0.063639 
3361.000000 	 0.063525 
3362.000000 	 0.063578 
3363.000000 	 0.063546 
3364.000000 	 0.063505 
3365.000000 	 0.063599 
3366.000000 	 0.063581 
3367.000000 	 0.063689 
3368.000000 	 0.063545 
3369.000000 	 0.063486 
3370.000000 	 0.063736 
3371.000000 	 0.063616 
3372.000000 	 0.063681 
3373.000000 	 0.063639 
3374.000000 	 0.063331 
3375.000000 	 0.063058 
3376.000000 	 0.062882 
3377.000000 	 0.063186 
3378.000000 	 0.063102 
3379.000000 	 0.063388 
3380.000000 	 0.063485 
3381.000000 	 0.063622 
3382.000000 	 0.063949 
3383.000000 	 0.064294 
3384.000000 	 0.064432 
3385.000000 	 0.064565 
3386.000000 	 0.064686 
3387.000000 	 0.064818 
3388.000000 	 0.065147 
3389.000000 	 0.065175 
3390.000000 	 0.064831 
3391.000000 	 0.064281 
3392.000000 	 0.064532 
3393.000000 	 0.064500 
3394.000000 	 0.064366 
3395.000000 	 0.064056 
3396.000000 	 0.064337 
3397.000000 	 0.064639 
3398.000000 	 0.064452 
3399.000000 	 0.064405 
3400.000000 	 0.064419 
3401.000000 	 0.064159 
3402.000000 	 0.064126 
3403.000000 	 0.063957 
3404.000000 	 0.063983 
3405.000000 	 0.063946 
3406.000000 	 0.063935 
3407.000000 	 0.063662 
3408.000000 	 0.063631 
3409.000000 	 0.063636 
3410.000000 	 0.064059 
3411.000000 	 0.063738 
3412.000000 	 0.063775 
3413.000000 	 0.063406 
3414.000000 	 0.063503 
3415.000000 	 0.063361 
3416.000000 	 0.063455 
3417.000000 	 0.063276 
3418.000000 	 0.062879 
3419.000000 	 0.062978 
3420.000000 	 0.062867 
3421.000000 	 0.062897 
3422.000000 	 0.063221 
3423.000000 	 0.063324 
3424.000000 	 0.063387 
3425.000000 	 0.063339 
3426.000000 	 0.063535 
3427.000000 	 0.063667 
3428.000000 	 0.063403 
3429.000000 	 0.063380 
3430.000000 	 0.063418 
3431.000000 	 0.063509 
3432.000000 	 0.063613 
3433.000000 	 0.063772 
3434.000000 	 0.064039 
3435.000000 	 0.063874 
3436.000000 	 0.064045 
3437.000000 	 0.063827 
3438.000000 	 0.063687 
3439.000000 	 0.063513 
3440.000000 	 0.063423 
3441.000000 	 0.063439 
3442.000000 	 0.063766 
3443.000000 	 0.063816 
3444.000000 	 0.063617 
3445.000000 	 0.063800 
3446.000000 	 0.063898 
3447.000000 	 0.064247 
3448.000000 	 0.064308 
3449.000000 	 0.064341 
3450.000000 	 0.064391 
3451.000000 	 0.064550 
3452.000000 	 0.064379 
3453.000000 	 0.064356 
3454.000000 	 0.064561 
3455.000000 	 0.064648 
3456.000000 	 0.064585 
3457.000000 	 0.064730 
3458.000000 	 0.064723 
3459.000000 	 0.064452 
3460.000000 	 0.064748 
3461.000000 	 0.064406 
3462.000000 	 0.064592 
3463.000000 	 0.064672 
3464.000000 	 0.064898 
3465.000000 	 0.064742 
3466.000000 	 0.064634 
3467.000000 	 0.064726 
3468.000000 	 0.064787 
3469.000000 	 0.064706 
3470.000000 	 0.064670 
3471.000000 	 0.064852 
3472.000000 	 0.064540 
3473.000000 	 0.064554 
3474.000000 	 0.064498 
3475.000000 	 0.064586 
3476.000000 	 0.064672 
3477.000000 	 0.065096 
3478.000000 	 0.065280 
3479.000000 	 0.065320 
3480.000000 	 0.065245 
3481.000000 	 0.065073 
3482.000000 	 0.064955 
3483.000000 	 0.065006 
3484.000000 	 0.065040 
3485.000000 	 0.065090 
3486.000000 	 0.064783 
3487.000000 	 0.064542 
3488.000000 	 0.064357 
3489.000000 	 0.064204 
3490.000000 	 0.064190 
3491.000000 	 0.064050 
3492.000000 	 0.063635 
3493.000000 	 0.063685 
3494.000000 	 0.063839 
3495.000000 	 0.063905 
3496.000000 	 0.064129 
3497.000000 	 0.063825 
3498.000000 	 0.064160 
3499.000000 	 0.064141 
3500.000000 	 0.063970 
3501.000000 	 0.063852 
3502.000000 	 0.063850 
3503.000000 	 0.064027 
3504.000000 	 0.064229 
3505.000000 	 0.064304 
3506.000000 	 0.064151 
3507.000000 	 0.064360 
3508.000000 	 0.064335 
3509.000000 	 0.064421 
3510.000000 	 0.064283 
3511.000000 	 0.064332 
3512.000000 	 0.064519 
3513.000000 	 0.064831 
3514.000000 	 0.064805 
3515.000000 	 0.064757 
3516.000000 	 0.064857 
3517.000000 	 0.064815 
3518.000000 	 0.064703 
3519.000000 	 0.064781 
3520.000000 	 0.064967 
3521.000000 	 0.064986 
3522.000000 	 0.064929 
3523.000000 	 0.065131 
3524.000000 	 0.064843 
3525.000000 	 0.064766 
3526.000000 	 0.065159 
3527.000000 	 0.064875 
3528.000000 	 0.064679 
3529.000000 	 0.064857 
3530.000000 	 0.065196 
3531.000000 	 0.065043 
3532.000000 	 0.064892 
3533.000000 	 0.064884 
3534.000000 	 0.064917 
3535.000000 	 0.064638 
3536.000000 	 0.064495 
3537.000000 	 0.064768 
3538.000000 	 0.064392 
3539.000000 	 0.064662 
3540.000000 	 0.064526 
3541.000000 	 0.064364 
3542.000000 	 0.064477 
3543.000000 	 0.064729 
3544.000000 	 0.064843 
3545.000000 	 0.064996 
3546.000000 	 0.064801 
3547.000000 	 0.064904 
3548.000000 	 0.064891 
3549.000000 	 0.064545 
3550.000000 	 0.064571 
3551.000000 	 0.064524 
3552.000000 	 0.064476 
3553.000000 	 0.064520 
3554.000000 	 0.064570 
3555.000000 	 0.064682 
3556.000000 	 0.064948 
3557.000000 	 0.064471 
3558.000000 	 0.064993 
3559.000000 	 0.064997 
3560.000000 	 0.064698 
3561.000000 	 0.064888 
3562.000000 	 0.064879 
3563.000000 	 0.065039 
3564.000000 	 0.065021 
3565.000000 	 0.065355 
3566.000000 	 0.065491 
3567.000000 	 0.065291 
3568.000000 	 0.065353 
3569.000000 	 0.064886 
3570.000000 	 0.064605 
3571.000000 	 0.064657 
3572.000000 	 0.064771 
3573.000000 	 0.064979 
3574.000000 	 0.064957 
3575.000000 	 0.064821 
3576.000000 	 0.064876 
3577.000000 	 0.064662 
3578.000000 	 0.064807 
3579.000000 	 0.064848 
3580.000000 	 0.065086 
3581.000000 	 0.064881 
3582.000000 	 0.064615 
3583.000000 	 0.064533 
3584.000000 	 0.064581 
3585.000000 	 0.064657 
3586.000000 	 0.064673 
3587.000000 	 0.064593 
3588.000000 	 0.064747 
3589.000000 	 0.065124 
3590.000000 	 0.065274 
3591.000000 	 0.065078 
3592.000000 	 0.065044 
3593.000000 	 0.065039 
3594.000000 	 0.064841 
3595.000000 	 0.065088 
3596.000000 	 0.065381 
3597.000000 	 0.065359 
3598.000000 	 0.065311 
3599.000000 	 0.065024 
3600.000000 	 0.064823 
3601.000000 	 0.064979 
3602.000000 	 0.065332 
3603.000000 	 0.065158 
3604.000000 	 0.065458 
3605.000000 	 0.065718 
3606.000000 	 0.065760 
3607.000000 	 0.065607 
3608.000000 	 0.065714 
3609.000000 	 0.065445 
3610.000000 	 0.065256 
3611.000000 	 0.065576 
3612.000000 	 0.065544 
3613.000000 	 0.065658 
3614.000000 	 0.066036 
3615.000000 	 0.066254 
3616.000000 	 0.066736 
3617.000000 	 0.066599 
3618.000000 	 0.066818 
3619.000000 	 0.066934 
3620.000000 	 0.067211 
3621.000000 	 0.067193 
3622.000000 	 0.066937 
3623.000000 	 0.066838 
3624.000000 	 0.066897 
3625.000000 	 0.066789 
3626.000000 	 0.066850 
3627.000000 	 0.067147 
3628.000000 	 0.067252 
3629.000000 	 0.067369 
3630.000000 	 0.067680 
3631.000000 	 0.067453 
3632.000000 	 0.067406 
3633.000000 	 0.067467 
3634.000000 	 0.067215 
3635.000000 	 0.067114 
3636.000000 	 0.067535 
3637.000000 	 0.067599 
3638.000000 	 0.067829 
3639.000000 	 0.067751 
3640.000000 	 0.067668 
3641.000000 	 0.067585 
3642.000000 	 0.067552 
3643.000000 	 0.067805 
3644.000000 	 0.067690 
3645.000000 	 0.067797 
3646.000000 	 0.067973 
3647.000000 	 0.068171 
3648.000000 	 0.068238 
3649.000000 	 0.068443 
3650.000000 	 0.068641 
3651.000000 	 0.068320 
3652.000000 	 0.068299 
3653.000000 	 0.068305 
3654.000000 	 0.068062 
3655.000000 	 0.068213 
3656.000000 	 0.068104 
3657.000000 	 0.068037 
3658.000000 	 0.067759 
3659.000000 	 0.067606 
3660.000000 	 0.067460 
3661.000000 	 0.067287 
3662.000000 	 0.066959 
3663.000000 	 0.066918 
3664.000000 	 0.066976 
3665.000000 	 0.066956 
3666.000000 	 0.067251 
3667.000000 	 0.067305 
3668.000000 	 0.067406 
3669.000000 	 0.067372 
3670.000000 	 0.067372 
3671.000000 	 0.067219 
3672.000000 	 0.067323 
3673.000000 	 0.067577 
3674.000000 	 0.067114 
3675.000000 	 0.067212 
3676.000000 	 0.067405 
3677.000000 	 0.067726 
3678.000000 	 0.068033 
3679.000000 	 0.068370 
3680.000000 	 0.068335 
3681.000000 	 0.068308 
3682.000000 	 0.068290 
3683.000000 	 0.068059 
3684.000000 	 0.068223 
3685.000000 	 0.068273 
3686.000000 	 0.068075 
3687.000000 	 0.067844 
3688.000000 	 0.067636 
3689.000000 	 0.067466 
3690.000000 	 0.067842 
3691.000000 	 0.067743 
3692.000000 	 0.067630 
3693.000000 	 0.067751 
3694.000000 	 0.067505 
3695.000000 	 0.067448 
3696.000000 	 0.067037 
3697.000000 	 0.066937 
3698.000000 	 0.067141 
3699.000000 	 0.067497 
3700.000000 	 0.067498 
3701.000000 	 0.067039 
3702.000000 	 0.067036 
3703.000000 	 0.067337 
3704.000000 	 0.067442 
3705.000000 	 0.067127 
3706.000000 	 0.067134 
3707.000000 	 0.066931 
3708.000000 	 0.067429 
3709.000000 	 0.067632 
3710.000000 	 0.067939 
3711.000000 	 0.068141 
3712.000000 	 0.067989 
3713.000000 	 0.067988 
3714.000000 	 0.068337 
3715.000000 	 0.068344 
3716.000000 	 0.068490 
3717.000000 	 0.068287 
3718.000000 	 0.068406 
3719.000000 	 0.068633 
3720.000000 	 0.068324 
3721.000000 	 0.068224 
3722.000000 	 0.068342 
3723.000000 	 0.068448 
3724.000000 	 0.068237 
3725.000000 	 0.068541 
3726.000000 	 0.068590 
3727.000000 	 0.068467 
3728.000000 	 0.068109 
3729.000000 	 0.068458 
3730.000000 	 0.068689 
3731.000000 	 0.068802 
3732.000000 	 0.068604 
3733.000000 	 0.068828 
3734.000000 	 0.068643 
3735.000000 	 0.068493 
3736.000000 	 0.068510 
3737.000000 	 0.068548 
3738.000000 	 0.067993 
3739.000000 	 0.068339 
3740.000000 	 0.068692 
3741.000000 	 0.068931 
3742.000000 	 0.069461 
3743.000000 	 0.069505 
3744.000000 	 0.069166 
3745.000000 	 0.069195 
3746.000000 	 0.068791 
3747.000000 	 0.068587 
3748.000000 	 0.068414 
3749.000000 	 0.068400 
3750.000000 	 0.068243 
3751.000000 	 0.068156 
3752.000000 	 0.068313 
3753.000000 	 0.068236 
3754.000000 	 0.067782 
3755.000000 	 0.068252 
3756.000000 	 0.068065 
3757.000000 	 0.068028 
3758.000000 	 0.068275 
3759.000000 	 0.068489 
3760.000000 	 0.068353 
3761.000000 	 0.068602 
3762.000000 	 0.068677 
3763.000000 	 0.068904 
3764.000000 	 0.068736 
3765.000000 	 0.068752 
3766.000000 	 0.069145 
3767.000000 	 0.068994 
3768.000000 	 0.069172 
3769.000000 	 0.069013 
3770.000000 	 0.069096 
3771.000000 	 0.069165 
3772.000000 	 0.069188 
3773.000000 	 0.069311 
3774.000000 	 0.069176 
3775.000000 	 0.069134 
3776.000000 	 0.068909 
3777.000000 	 0.068828 
3778.000000 	 0.068852 
3779.000000 	 0.068978 
3780.000000 	 0.068689 
3781.000000 	 0.069075 
3782.000000 	 0.068839 
3783.000000 	 0.068764 
3784.000000 	 0.068678 
3785.000000 	 0.069010 
3786.000000 	 0.069029 
3787.000000 	 0.069040 
3788.000000 	 0.069192 
3789.000000 	 0.069446 
3790.000000 	 0.069564 
3791.000000 	 0.069026 
3792.000000 	 0.068870 
3793.000000 	 0.069225 
3794.000000 	 0.068937 
3795.000000 	 0.069213 
3796.000000 	 0.069293 
3797.000000 	 0.068945 
3798.000000 	 0.068871 
3799.000000 	 0.069140 
3800.000000 	 0.069322 
3801.000000 	 0.069226 
3802.000000 	 0.069622 
3803.000000 	 0.069776 
3804.000000 	 0.069508 
3805.000000 	 0.069827 
3806.000000 	 0.069769 
3807.000000 	 0.069787 
3808.000000 	 0.069259 
3809.000000 	 0.069045 
3810.000000 	 0.069064 
3811.000000 	 0.069105 
3812.000000 	 0.069282 
3813.000000 	 0.069035 
3814.000000 	 0.069271 
3815.000000 	 0.069463 
3816.000000 	 0.069644 
3817.000000 	 0.069524 
3818.000000 	 0.069799 
3819.000000 	 0.069760 
3820.000000 	 0.069799 
3821.000000 	 0.069503 
3822.000000 	 0.069681 
3823.000000 	 0.069241 
3824.000000 	 0.068933 
3825.000000 	 0.068503 
3826.000000 	 0.068682 
3827.000000 	 0.068548 
3828.000000 	 0.068610 
3829.000000 	 0.068374 
3830.000000 	 0.068562 
3831.000000 	 0.068843 
3832.000000 	 0.069035 
3833.000000 	 0.069039 
3834.000000 	 0.069009 
3835.000000 	 0.069316 
3836.000000 	 0.069341 
3837.000000 	 0.068995 
3838.000000 	 0.068642 
3839.000000 	 0.068264 
3840.000000 	 0.068340 
3841.000000 	 0.068452 
3842.000000 	 0.068377 
3843.000000 	 0.068211 
3844.000000 	 0.067865 
3845.000000 	 0.067764 
3846.000000 	 0.067931 
3847.000000 	 0.068100 
3848.000000 	 0.068016 
3849.000000 	 0.067776 
3850.000000 	 0.067911 
3851.000000 	 0.068137 
3852.000000 	 0.068527 
3853.000000 	 0.068386 
3854.000000 	 0.068397 
3855.000000 	 0.068191 
3856.000000 	 0.068121 
3857.000000 	 0.068081 
3858.000000 	 0.068024 
3859.000000 	 0.067557 
3860.000000 	 0.067494 
3861.000000 	 0.067534 
3862.000000 	 0.067208 
3863.000000 	 0.067098 
3864.000000 	 0.067260 
3865.000000 	 0.067239 
3866.000000 	 0.067551 
3867.000000 	 0.067741 
3868.000000 	 0.067679 
3869.000000 	 0.067663 
3870.000000 	 0.067900 
3871.000000 	 0.067817 
3872.000000 	 0.067871 
3873.000000 	 0.067722 
3874.000000 	 0.067981 
3875.000000 	 0.067694 
3876.000000 	 0.067745 
3877.000000 	 0.067942 
3878.000000 	 0.067912 
3879.000000 	 0.067846 
3880.000000 	 0.068052 
3881.000000 	 0.067353 
3882.000000 	 0.066893 
3883.000000 	 0.066895 
3884.000000 	 0.066840 
3885.000000 	 0.067106 
3886.000000 	 0.067115 
3887.000000 	 0.066782 
3888.000000 	 0.067116 
3889.000000 	 0.067186 
3890.000000 	 0.067443 
3891.000000 	 0.067313 
3892.000000 	 0.067395 
3893.000000 	 0.067504 
3894.000000 	 0.067876 
3895.000000 	 0.068021 
3896.000000 	 0.067943 
3897.000000 	 0.067917 
3898.000000 	 0.067946 
3899.000000 	 0.068367 
3900.000000 	 0.068428 
3901.000000 	 0.068217 
3902.000000 	 0.068044 
3903.000000 	 0.068571 
3904.000000 	 0.068336 
3905.000000 	 0.068539 
3906.000000 	 0.068574 
3907.000000 	 0.068575 
3908.000000 	 0.068454 
3909.000000 	 0.068590 
3910.000000 	 0.068599 
3911.000000 	 0.068592 
3912.000000 	 0.068492 
3913.000000 	 0.068595 
3914.000000 	 0.068447 
3915.000000 	 0.068052 
3916.000000 	 0.068141 
3917.000000 	 0.068318 
3918.000000 	 0.067579 
3919.000000 	 0.067764 
3920.000000 	 0.067916 
3921.000000 	 0.067987 
3922.000000 	 0.067804 
3923.000000 	 0.067466 
3924.000000 	 0.067503 
3925.000000 	 0.067572 
3926.000000 	 0.067645 
3927.000000 	 0.067523 
3928.000000 	 0.067571 
3929.000000 	 0.067644 
3930.000000 	 0.067467 
3931.000000 	 0.067609 
3932.000000 	 0.067712 
3933.000000 	 0.067766 
3934.000000 	 0.067910 
3935.000000 	 0.068277 
3936.000000 	 0.068474 
3937.000000 	 0.068503 
3938.000000 	 0.068416 
3939.000000 	 0.068216 
3940.000000 	 0.068120 
3941.000000 	 0.068733 
3942.000000 	 0.068223 
3943.000000 	 0.067992 
3944.000000 	 0.067963 
3945.000000 	 0.068066 
3946.000000 	 0.067903 
3947.000000 	 0.067812 
3948.000000 	 0.067981 
3949.000000 	 0.068029 
3950.000000 	 0.068364 
3951.000000 	 0.068354 
3952.000000 	 0.068225 
3953.000000 	 0.068126 
3954.000000 	 0.068005 
3955.000000 	 0.068017 
3956.000000 	 0.068472 
3957.000000 	 0.068767 
3958.000000 	 0.068328 
3959.000000 	 0.068395 
3960.000000 	 0.068799 
3961.000000 	 0.068625 
3962.000000 	 0.068418 
3963.000000 	 0.068264 
3964.000000 	 0.068364 
3965.000000 	 0.068078 
3966.000000 	 0.068146 
3967.000000 	 0.068155 
3968.000000 	 0.068413 
3969.000000 	 0.068164 
3970.000000 	 0.068170 
3971.000000 	 0.067880 
3972.000000 	 0.067919 
3973.000000 	 0.067908 
3974.000000 	 0.068544 
3975.000000 	 0.068901 
3976.000000 	 0.068663 
3977.000000 	 0.068649 
3978.000000 	 0.069130 
3979.000000 	 0.069312 
3980.000000 	 0.069313 
3981.000000 	 0.069183 
3982.000000 	 0.068996 
3983.000000 	 0.068735 
3984.000000 	 0.068907 
3985.000000 	 0.068896 
3986.000000 	 0.069108 
3987.000000 	 0.069439 
3988.000000 	 0.070051 
3989.000000 	 0.070180 
3990.000000 	 0.070508 
3991.000000 	 0.070531 
3992.000000 	 0.070833 
3993.000000 	 0.071020 
3994.000000 	 0.071026 
3995.000000 	 0.070771 
3996.000000 	 0.070837 
3997.000000 	 0.071461 
3998.000000 	 0.071807 
3999.000000 	 0.072013 
4000.000000 	 0.071816 
