2 1 0 0 1 0 10 10 0 0 
1 1 0 0.00142113 1 0 9.99859 9.99859 0.367982 0 
1 1 0 0.00284208 1 0 9.99719 9.99719 0.368085 0 
1 1 0 0.00568337 1 0 9.99437 9.99437 0.36829 0 
1 1 0 0.0113636 1 0 9.98874 9.98874 0.368701 0 
1 1 0 0.0184596 1 0 9.98169 9.98169 0.369216 0 
1 1 0 0.0255506 1 0 9.97464 9.97464 0.369731 0 
1 1 0 0.0326368 1 0 9.96758 9.96758 0.370248 0 
1 1 0 0.039718 1 0 9.96052 9.96052 0.370766 0 
1 1 0 0.0467943 1 0 9.95346 9.95346 0.371285 0 
1 1 0 0.0538657 1 0 9.94639 9.94639 0.371805 0 
1 1 0 0.0609321 1 0 9.93931 9.93931 0.372327 0 
1 1 0 0.0679936 1 0 9.93223 9.93223 0.372849 0 
1 1 0 0.07505 1 0 9.92514 9.92514 0.373372 0 
1 1 0 0.0821015 1 0 9.91805 9.91805 0.373897 0 
1 1 0 0.089148 1 0 9.91096 9.91096 0.374422 0 
1 1 0 0.0961894 1 0 9.90386 9.90386 0.374949 0 
1 1 0 0.103226 1 0 9.89675 9.89675 0.375477 0 
1 1 0 0.110257 1 0 9.88964 9.88964 0.376005 0 
1 1 0 0.117283 1 0 9.88253 9.88253 0.376535 0 
1 1 0 0.124305 1 0 9.8754 9.8754 0.377066 0 
1 1 0 0.131321 1 0 9.86828 9.86828 0.377599 0 
1 1 0 0.138332 1 0 9.86115 9.86115 0.378132 0 
1 1 0 0.145338 1 0 9.85401 9.85401 0.378666 0 
1 1 0 0.152338 1 0 9.84687 9.84687 0.379202 0 
1 1 0 0.159334 1 0 9.83973 9.83973 0.379738 0 
1 1 0 0.166324 1 0 9.83258 9.83258 0.380276 0 
1 1 0 0.173309 1 0 9.82542 9.82542 0.380815 0 
1 1 0 0.180289 1 0 9.81826 9.81826 0.381355 0 
1 1 0 0.187264 1 0 9.81109 9.81109 0.381896 0 
1 1 0 0.194234 1 0 9.80392 9.80392 0.382438 0 
1 1 0 0.201198 1 0 9.79675 9.79675 0.382982 0 
1 1 0 0.208157 1 0 9.78956 9.78956 0.383526 0 
1 1 0 0.215111 1 0 9.78238 9.78238 0.384072 0 
1 1 0 0.22206 1 0 9.77519 9.77519 0.384619 0 
1 1 0 0.229003 1 0 9.76799 9.76799 0.385167 0 
1 1 0 0.235941 1 0 9.76079 9.76079 0.385716 0 
1 1 0 0.242873 1 0 9.75358 9.75358 0.386266 0 
1 1 0 0.249801 1 0 9.74637 9.74637 0.386818 0 
1 1 0 0.256723 1 0 9.73915 9.73915 0.38737 0 
1 1 0 0.263639 1 0 9.73193 9.73193 0.387924 0 
1 1 0 0.27055 1 0 9.7247 9.7247 0.388479 0 
1 1 0 0.277456 1 0 9.71747 9.71747 0.389035 0 
1 1 0 0.284356 1 0 9.71023 9.71023 0.389592 0 
1 1 0 0.291251 1 0 9.70299 9.70299 0.390151 0 
1 1 0 0.298141 1 0 9.69574 9.69574 0.39071 0 
1 1 0 0.305024 1 0 9.68849 9.68849 0.391271 0 
1 1 0 0.311903 1 0 9.68123 9.68123 0.391833 0 
1 1 0 0.318776 1 0 9.67396 9.67396 0.392397 0 
1 1 0 0.325643 1 0 9.6667 9.6667 0.392961 0 
1 1 0 0.332505 1 0 9.65942 9.65942 0.393527 0 
1 1 0 0.339362 1 0 9.65214 9.65214 0.394093 0 
1 1 0 0.346212 1 0 9.64486 9.64486 0.394661 0 
1 1 0 0.353058 1 0 9.63757 9.63757 0.395231 0 
1 1 0 0.359897 1 0 9.63027 9.63027 0.395801 0 
1 1 0 0.366731 1 0 9.62297 9.62297 0.396373 0 
1 1 0 0.37356 1 0 9.61567 9.61567 0.396946 0 
1 1 0 0.380383 1 0 9.60835 9.60835 0.39752 0 
1 1 0 0.3872 1 0 9.60104 9.60104 0.398095 0 
1 1 0 0.394011 1 0 9.59372 9.59372 0.398672 0 
1 1 0 0.400817 1 0 9.58639 9.58639 0.39925 0 
1 1 0 0.407617 1 0 9.57906 9.57906 0.399829 0 
1 1 0 0.414411 1 0 9.57172 9.57172 0.400409 0 
1 1 0 0.4212 1 0 9.56438 9.56438 0.40099 0 
1 1 0 0.427983 1 0 9.55703 9.55703 0.401573 0 
1 1 0 0.43476 1 0 9.54968 9.54968 0.402157 0 
1 1 0 0.441531 1 0 9.54232 9.54232 0.402742 0 
1 1 0 0.448296 1 0 9.53495 9.53495 0.403329 0 
1 1 0 0.455056 1 0 9.52758 9.52758 0.403917 0 
1 1 0 0.46181 1 0 9.52021 9.52021 0.404506 0 
1 1 0 0.468558 1 0 9.51283 9.51283 0.405096 0 
1 1 0 0.4753 1 0 9.50544 9.50544 0.405688 0 
1 1 0 0.482036 1 0 9.49805 9.49805 0.406281 0 
1 1 0 0.488766 1 0 9.49066 9.49066 0.406875 0 
1 1 0 0.495491 1 0 9.48326 9.48326 0.40747 0 
1 1 0 0.502209 1 0 9.47585 9.47585 0.408067 0 
1 1 0 0.508921 1 0 9.46844 9.46844 0.408665 0 
1 1 0 0.515628 1 0 9.46102 9.46102 0.409264 0 
1 1 0 0.522328 1 0 9.4536 9.4536 0.409865 0 
1 1 0 0.529023 1 0 9.44617 9.44617 0.410466 0 
1 1 0 0.535711 1 0 9.43873 9.43873 0.41107 0 
1 1 0 0.542394 1 0 9.43129 9.43129 0.411674 0 
1 1 0 0.54907 1 0 9.42385 9.42385 0.41228 0 
1 1 0 0.55574 1 0 9.4164 9.4164 0.412887 0 
1 1 0 0.562404 1 0 9.40894 9.40894 0.413495 0 
1 1 0 0.569062 1 0 9.40148 9.40148 0.414105 0 
1 1 0 0.575714 1 0 9.39401 9.39401 0.414716 0 
1 1 0 0.58236 1 0 9.38654 9.38654 0.415329 0 
1 1 0 0.589 1 0 9.37906 9.37906 0.415942 0 
1 1 0 0.595633 1 0 9.37158 9.37158 0.416557 0 
1 1 0 0.60226 1 0 9.36409 9.36409 0.417174 0 
1 1 0 0.608881 1 0 9.3566 9.3566 0.417791 0 
1 1 0 0.615496 1 0 9.3491 9.3491 0.41841 0 
1 1 0 0.622105 1 0 9.34159 9.34159 0.419031 0 
1 1 0 0.628707 1 0 9.33408 9.33408 0.419653 0 
1 1 0 0.635303 1 0 9.32657 9.32657 0.420276 0 
1 1 0 0.641892 1 0 9.31904 9.31904 0.4209 0 
1 1 0 0.648475 1 0 9.31152 9.31152 0.421526 0 
1 1 0 0.655052 1 0 9.30398 9.30398 0.422153 0 
1 1 0 0.661623 1 0 9.29645 9.29645 0.422782 0 
1 1 0 0.668187 1 0 9.2889 9.2889 0.423412 0 
1 1 0 0.674745 1 0 9.28135 9.28135 0.424043 0 
1 1 0 0.681296 1 0 9.2738 9.2738 0.424676 0 
1 1 0 0.687841 1 0 9.26624 9.26624 0.42531 0 
1 1 0 0.694379 1 0 9.25867 9.25867 0.425946 0 
1 1 0 0.700911 1 0 9.2511 9.2511 0.426582 0 
1 1 0 0.707437 1 0 9.24352 9.24352 0.427221 0 
1 1 0 0.713956 1 0 9.23594 9.23594 0.42786 0 
1 1 0 0.720468 1 0 9.22835 9.22835 0.428502 0 
1 1 0 0.726974 1 0 9.22075 9.22075 0.429144 0 
1 1 0 0.733473 1 0 9.21315 9.21315 0.429788 0 
1 1 0 0.739966 1 0 9.20555 9.20555 0.430433 0 
1 1 0 0.746452 1 0 9.19794 9.19794 0.43108 0 
1 1 0 0.752931 1 0 9.19032 9.19032 0.431728 0 
1 1 0 0.759404 1 0 9.1827 9.1827 0.432378 0 
1 1 0 0.76587 1 0 9.17507 9.17507 0.433029 0 
1 1 0 0.772329 1 0 9.16744 9.16744 0.433681 0 
1 1 0 0.778782 1 0 9.1598 9.1598 0.434335 0 
1 1 0 0.785228 1 0 9.15215 9.15215 0.434991 0 
1 1 0 0.791667 1 0 9.1445 9.1445 0.435647 0 
1 1 0 0.798099 1 0 9.13684 9.13684 0.436306 0 
1 1 0 0.804525 1 0 9.12918 9.12918 0.436965 0 
1 1 0 0.810944 1 0 9.12151 9.12151 0.437627 0 
1 1 0 0.817356 1 0 9.11384 9.11384 0.438289 0 
1 1 0 0.823761 1 0 9.10616 9.10616 0.438953 0 
1 1 0 0.830159 1 0 9.09847 9.09847 0.439619 0 
1 1 0 0.83655 1 0 9.09078 9.09078 0.440286 0 
1 1 0 0.842935 1 0 9.08309 9.08309 0.440955 0 
1 1 0 0.849312 1 0 9.07538 9.07538 0.441625 0 
1 1 0 0.855683 1 0 9.06768 9.06768 0.442296 0 
1 1 0 0.862046 1 0 9.05996 9.05996 0.442969 0 
1 1 0 0.868403 1 0 9.05224 9.05224 0.443644 0 
1 1 0 0.874752 1 0 9.04452 9.04452 0.44432 0 
1 1 0 0.881095 1 0 9.03679 9.03679 0.444997 0 
1 1 0 0.88743 1 0 9.02905 9.02905 0.445676 0 
1 1 0 0.893759 1 0 9.02131 9.02131 0.446357 0 
1 1 0 0.90008 1 0 9.01356 9.01356 0.447039 0 
1 1 0 0.906394 1 0 9.0058 9.0058 0.447722 0 
1 1 0 0.912701 1 0 8.99804 8.99804 0.448407 0 
1 1 0 0.919001 1 0 8.99028 8.99028 0.449094 0 
1 1 0 0.925293 1 0 8.9825 8.9825 0.449782 0 
1 1 0 0.931579 1 0 8.97473 8.97473 0.450472 0 
1 1 0 0.937857 1 0 8.96694 8.96694 0.451163 0 
1 1 0 0.944128 1 0 8.95915 8.95915 0.451856 0 
1 1 0 0.950392 1 0 8.95136 8.95136 0.45255 0 
1 1 0 0.956648 1 0 8.94356 8.94356 0.453246 0 
1 1 0 0.962897 1 0 8.93575 8.93575 0.453943 0 
1 1 0 0.969139 1 0 8.92794 8.92794 0.454642 0 
1 1 0 0.975373 1 0 8.92012 8.92012 0.455343 0 
1 1 0 0.9816 1 0 8.91229 8.91229 0.456045 0 
1 1 0 0.98782 1 0 8.90446 8.90446 0.456749 0 
1 1 0 0.994032 1 0 8.89663 8.89663 0.457454 0 
1 1 0 1.00024 1 0 8.88878 8.88878 0.458161 0 
1 1 0 1.00643 1 0 8.88094 8.88094 0.458869 0 
1 1 0 1.01262 1 0 8.87308 8.87308 0.45958 0 
1 1 0 1.01881 1 0 8.86522 8.86522 0.460291 0 
1 1 0 1.02498 1 0 8.85736 8.85736 0.461004 0 
1 1 0 1.03115 1 0 8.84948 8.84948 0.461719 0 
1 1 0 1.03731 1 0 8.84161 8.84161 0.462436 0 
1 1 0 1.04346 1 0 8.83372 8.83372 0.463154 0 
1 1 0 1.0496 1 0 8.82583 8.82583 0.463874 0 
1 1 0 1.05574 1 0 8.81794 8.81794 0.464595 0 
1 1 0 1.06187 1 0 8.81004 8.81004 0.465318 0 
1 1 0 1.06799 1 0 8.80213 8.80213 0.466042 0 
1 1 0 1.0741 1 0 8.79422 8.79422 0.466769 0 
1 1 0 1.08021 1 0 8.7863 8.7863 0.467497 0 
1 1 0 1.08631 1 0 8.77837 8.77837 0.468226 0 
1 1 0 1.0924 1 0 8.77044 8.77044 0.468957 0 
1 1 0 1.09848 1 0 8.7625 8.7625 0.46969 0 
1 1 0 1.10456 1 0 8.75456 8.75456 0.470425 0 
1 1 0 1.11062 1 0 8.74661 8.74661 0.471161 0 
1 1 0 1.11668 1 0 8.73865 8.73865 0.471898 0 
1 1 0 1.12273 1 0 8.73069 8.73069 0.472638 0 
1 1 0 1.12878 1 0 8.72272 8.72272 0.473379 0 
1 1 0 1.13481 1 0 8.71475 8.71475 0.474122 0 
1 1 0 1.14084 1 0 8.70677 8.70677 0.474866 0 
1 1 0 1.14686 1 0 8.69879 8.69879 0.475613 0 
1 1 0 1.15287 1 0 8.69079 8.69079 0.476361 0 
1 1 0 1.15887 1 0 8.6828 8.6828 0.47711 0 
1 1 0 1.16487 1 0 8.67479 8.67479 0.477862 0 
1 1 0 1.17085 1 0 8.66678 8.66678 0.478615 0 
1 1 0 1.17683 1 0 8.65877 8.65877 0.479369 0 
1 1 0 1.1828 1 0 8.65074 8.65074 0.480126 0 
1 1 0 1.18877 1 0 8.64272 8.64272 0.480884 0 
1 1 0 1.19472 1 0 8.63468 8.63468 0.481644 0 
1 1 0 1.20067 1 0 8.62664 8.62664 0.482405 0 
1 1 0 1.2066 1 0 8.6186 8.6186 0.483169 0 
1 1 0 1.21253 1 0 8.61054 8.61054 0.483934 0 
1 1 0 1.21846 1 0 8.60249 8.60249 0.484701 0 
1 1 0 1.22437 1 0 8.59442 8.59442 0.485469 0 
1 1 0 1.23027 1 0 8.58635 8.58635 0.48624 0 
1 1 0 1.23617 1 0 8.57827 8.57827 0.487012 0 
1 1 0 1.24206 1 0 8.57019 8.57019 0.487786 0 
1 1 0 1.24794 1 0 8.5621 8.5621 0.488561 0 
1 1 0 1.25381 1 0 8.55401 8.55401 0.489339 0 
1 1 0 1.25967 1 0 8.54591 8.54591 0.490118 0 
1 1 0 1.26552 1 0 8.5378 8.5378 0.490899 0 
1 1 0 1.27137 1 0 8.52968 8.52968 0.491682 0 
1 1 0 1.27721 1 0 8.52157 8.52157 0.492466 0 
1 1 0 1.28304 1 0 8.51344 8.51344 0.493252 0 
1 1 0 1.28886 1 0 8.50531 8.50531 0.494041 0 
1 1 0 1.29467 1 0 8.49717 8.49717 0.494831 0 
1 1 0 1.30047 1 0 8.48903 8.48903 0.495622 0 
1 1 0 1.30626 1 0 8.48087 8.48087 0.496416 0 
1 1 0 1.31205 1 0 8.47272 8.47272 0.497211 0 
1 1 0 1.31783 1 0 8.46456 8.46456 0.498009 0 
1 1 0 1.32359 1 0 8.45639 8.45639 0.498808 0 
1 1 0 1.32935 1 0 8.44821 8.44821 0.499608 0 
1 1 0 1.3351 1 0 8.44003 8.44003 0.500411 0 
1 1 0 1.34084 1 0 8.43184 8.43184 0.501216 0 
1 1 0 1.34658 1 0 8.42365 8.42365 0.502022 0 
1 1 0 1.3523 1 0 8.41545 8.41545 0.50283 0 
1 1 0 1.35802 1 0 8.40724 8.40724 0.503641 0 
1 1 0 1.36372 1 0 8.39903 8.39903 0.504453 0 
1 1 0 1.36942 1 0 8.39081 8.39081 0.505266 0 
1 1 0 1.37511 1 0 8.38259 8.38259 0.506082 0 
1 1 0 1.38078 1 0 8.37436 8.37436 0.5069 0 
1 1 0 1.38645 1 0 8.36612 8.36612 0.507719 0 
1 1 0 1.39212 1 0 8.35787 8.35787 0.508541 0 
1 1 0 1.39777 1 0 8.34962 8.34962 0.509364 0 
1 1 0 1.40341 1 0 8.34137 8.34137 0.510189 0 
1 1 0 1.40904 1 0 8.33311 8.33311 0.511016 0 
1 1 0 1.41467 1 0 8.32484 8.32484 0.511845 0 
1 1 0 1.42028 1 0 8.31656 8.31656 0.512676 0 
1 1 0 1.42589 1 0 8.30828 8.30828 0.513509 0 
1 1 0 1.43149 1 0 8.3 8.3 0.514344 0 
1 1 0 1.43707 1 0 8.2917 8.2917 0.51518 0 
1 1 0 1.44265 1 0 8.2834 8.2834 0.516019 0 
1 1 0 1.44822 1 0 8.2751 8.2751 0.516859 0 
1 1 0 1.45378 1 0 8.26678 8.26678 0.517702 0 
1 1 0 1.45933 1 0 8.25847 8.25847 0.518546 0 
1 1 0 1.46487 1 0 8.25014 8.25014 0.519393 0 
1 1 0 1.4704 1 0 8.24181 8.24181 0.520241 0 
1 1 0 1.47592 1 0 8.23347 8.23347 0.521091 0 
1 1 0 1.48143 1 0 8.22513 8.22513 0.521943 0 
1 1 0 1.48694 1 0 8.21678 8.21678 0.522798 0 
1 1 0 1.49243 1 0 8.20842 8.20842 0.523654 0 
1 1 0 1.49791 1 0 8.20006 8.20006 0.524512 0 
1 1 0 1.50339 1 0 8.19169 8.19169 0.525372 0 
1 1 0 1.50885 1 0 8.18332 8.18332 0.526234 0 
1 1 0 1.5143 1 0 8.17493 8.17493 0.527098 0 
1 1 0 1.51975 1 0 8.16655 8.16655 0.527965 0 
1 1 0 1.52518 1 0 8.15815 8.15815 0.528833 0 
1 1 0 1.53061 1 0 8.14975 8.14975 0.529703 0 
1 1 0 1.53603 1 0 8.14134 8.14134 0.530575 0 
1 1 0 1.54143 1 0 8.13293 8.13293 0.531449 0 
1 1 0 1.54683 1 0 8.12451 8.12451 0.532325 0 
1 1 0 1.55221 1 0 8.11609 8.11609 0.533204 0 
1 1 0 1.55759 1 0 8.10765 8.10765 0.534084 0 
1 1 0 1.56295 1 0 8.09922 8.09922 0.534966 0 
1 1 0 1.56831 1 0 8.09077 8.09077 0.535851 0 
1 1 0 1.57366 1 0 8.08232 8.08232 0.536737 0 
1 1 0 1.57899 1 0 8.07386 8.07386 0.537626 0 
1 1 0 1.58432 1 0 8.0654 8.0654 0.538516 0 
1 1 0 1.58963 1 0 8.05693 8.05693 0.539409 0 
1 1 0 1.59494 1 0 8.04845 8.04845 0.540303 0 
1 1 0 1.60024 1 0 8.03997 8.03997 0.5412 0 
1 1 0 1.60552 1 0 8.03148 8.03148 0.542099 0 
1 1 0 1.6108 1 0 8.02299 8.02299 0.543 0 
1 1 0 1.61606 1 0 8.01448 8.01448 0.543903 0 
1 1 0 1.62132 1 0 8.00598 8.00598 0.544808 0 
1 1 0 1.62656 1 0 7.99746 7.99746 0.545715 0 
1 1 0 1.6318 1 0 7.98894 7.98894 0.546625 0 
1 1 0 1.63702 1 0 7.98041 7.98041 0.547536 0 
1 1 0 1.64223 1 0 7.97188 7.97188 0.54845 0 
1 1 0 1.64744 1 0 7.96334 7.96334 0.549365 0 
1 1 0 1.65263 1 0 7.95479 7.95479 0.550283 0 
1 1 0 1.65781 1 0 7.94624 7.94624 0.551203 0 
1 1 0 1.66298 1 0 7.93768 7.93768 0.552125 0 
1 1 0 1.66814 1 0 7.92912 7.92912 0.553049 0 
1 1 0 1.67329 1 0 7.92055 7.92055 0.553976 0 
1 1 0 1.67843 1 0 7.91197 7.91197 0.554904 0 
1 1 0 1.68356 1 0 7.90338 7.90338 0.555835 0 
1 1 0 1.68868 1 0 7.89479 7.89479 0.556768 0 
1 1 0 1.69379 1 0 7.8862 7.8862 0.557703 0 
1 1 0 1.69889 1 0 7.87759 7.87759 0.55864 0 
1 1 0 1.70397 1 0 7.86898 7.86898 0.559579 0 
1 1 0 1.70905 1 0 7.86037 7.86037 0.560521 0 
1 1 0 1.71412 1 0 7.85175 7.85175 0.561464 0 
1 1 0 1.71917 1 0 7.84312 7.84312 0.56241 0 
1 1 0 1.72421 1 0 7.83448 7.83448 0.563358 0 
1 1 0 1.72924 1 0 7.82584 7.82584 0.564309 0 
1 1 0 1.73427 1 0 7.81719 7.81719 0.565261 0 
1 1 0 1.73928 1 0 7.80854 7.80854 0.566216 0 
1 1 0 1.74428 1 0 7.79988 7.79988 0.567173 0 
1 1 0 1.74926 1 0 7.79121 7.79121 0.568132 0 
1 1 0 1.75424 1 0 7.78254 7.78254 0.569093 0 
1 1 0 1.75921 1 0 7.77386 7.77386 0.570057 0 
1 1 0 1.76416 1 0 7.76517 7.76517 0.571023 0 
1 1 0 1.76911 1 0 7.75648 7.75648 0.571991 0 
1 1 0 1.77404 1 0 7.74778 7.74778 0.572961 0 
1 1 0 1.77896 1 0 7.73907 7.73907 0.573934 0 
1 1 0 1.78387 1 0 7.73036 7.73036 0.574909 0 
1 1 0 1.78877 1 0 7.72165 7.72165 0.575886 0 
1 1 0 1.79366 1 0 7.71292 7.71292 0.576865 0 
1 1 0 1.79853 1 0 7.70419 7.70419 0.577847 0 
1 1 0 1.8034 1 0 7.69545 7.69545 0.578831 0 
1 1 0 1.80825 1 0 7.68671 7.68671 0.579817 0 
1 1 0 1.8131 1 0 7.67796 7.67796 0.580806 0 
1 1 0 1.81793 1 0 7.66921 7.66921 0.581797 0 
1 1 0 1.82274 1 0 7.66044 7.66044 0.58279 0 
1 1 0 1.82755 1 0 7.65167 7.65167 0.583785 0 
1 1 0 1.83235 1 0 7.6429 7.6429 0.584783 0 
1 1 0 1.83713 1 0 7.63412 7.63412 0.585783 0 
1 1 0 1.84191 1 0 7.62533 7.62533 0.586785 0 
1 1 0 1.84667 1 0 7.61654 7.61654 0.58779 0 
1 1 0 1.85142 1 0 7.60774 7.60774 0.588797 0 
1 1 0 1.85615 1 0 7.59893 7.59893 0.589806 0 
1 1 0 1.86088 1 0 7.59012 7.59012 0.590818 0 
1 1 0 1.86559 1 0 7.5813 7.5813 0.591832 0 
1 1 0 1.8703 1 0 7.57247 7.57247 0.592849 0 
1 1 0 1.87499 1 0 7.56364 7.56364 0.593867 0 
1 1 0 1.87966 1 0 7.5548 7.5548 0.594888 0 
1 1 0 1.88433 1 0 7.54596 7.54596 0.595912 0 
1 1 0 1.88899 1 0 7.53711 7.53711 0.596938 0 
1 1 0 1.89363 1 0 7.52825 7.52825 0.597966 0 
1 1 0 1.89826 1 0 7.51939 7.51939 0.598997 0 
1 1 0 1.90288 1 0 7.51052 7.51052 0.600029 0 
1 1 0 1.90748 1 0 7.50164 7.50164 0.601065 0 
1 1 0 1.91208 1 0 7.49276 7.49276 0.602103 0 
1 1 0 1.91666 1 0 7.48387 7.48387 0.603143 0 
1 1 0 1.92123 1 0 7.47498 7.47498 0.604185 0 
1 1 0 1.92579 1 0 7.46608 7.46608 0.60523 0 
1 1 0 1.93033 1 0 7.45717 7.45717 0.606278 0 
1 1 0 1.93486 1 0 7.44825 7.44825 0.607327 0 
1 1 0 1.93939 1 0 7.43933 7.43933 0.60838 0 
1 1 0 1.94389 1 0 7.43041 7.43041 0.609434 0 
1 1 0 1.94839 1 0 7.42148 7.42148 0.610491 0 
1 1 0 1.95287 1 0 7.41254 7.41254 0.611551 0 
1 1 0 1.95734 1 0 7.40359 7.40359 0.612613 0 
1 1 0 1.9618 1 0 7.39464 7.39464 0.613677 0 
1 1 0 1.96625 1 0 7.38568 7.38568 0.614744 0 
1 1 0 1.97068 1 0 7.37672 7.37672 0.615813 0 
1 1 0 1.9751 1 0 7.36775 7.36775 0.616885 0 
1 1 0 1.97951 1 0 7.35877 7.35877 0.617959 0 
1 1 0 1.98391 1 0 7.34979 7.34979 0.619036 0 
1 1 0 1.98829 1 0 7.3408 7.3408 0.620115 0 
1 1 0 1.99266 1 0 7.33181 7.33181 0.621197 0 
1 1 0 1.99702 1 0 7.32281 7.32281 0.622281 0 
1 1 0 2.00136 1 0 7.3138 7.3138 0.623367 0 
1 1 0 2.00569 1 0 7.30479 7.30479 0.624456 0 
1 1 0 2.01001 1 0 7.29577 7.29577 0.625548 0 
1 1 0 2.01432 1 0 7.28674 7.28674 0.626642 0 
1 1 0 2.01861 1 0 7.27771 7.27771 0.627739 0 
1 1 0 2.02289 1 0 7.26867 7.26867 0.628838 0 
1 1 0 2.02716 1 0 7.25963 7.25963 0.629939 0 
1 1 0 2.03141 1 0 7.25058 7.25058 0.631043 0 
1 1 0 2.03565 1 0 7.24152 7.24152 0.63215 0 
1 1 0 2.03988 1 0 7.23246 7.23246 0.633259 0 
1 1 0 2.04409 1 0 7.22339 7.22339 0.634371 0 
1 1 0 2.04829 1 0 7.21432 7.21432 0.635485 0 
1 1 0 2.05248 1 0 7.20524 7.20524 0.636602 0 
1 1 0 2.05666 1 0 7.19615 7.19615 0.637721 0 
1 1 0 2.06082 1 0 7.18706 7.18706 0.638843 0 
1 1 0 2.06497 1 0 7.17796 7.17796 0.639968 0 
1 1 0 2.0691 1 0 7.16885 7.16885 0.641095 0 
1 1 0 2.07322 1 0 7.15974 7.15974 0.642224 0 
1 1 0 2.07733 1 0 7.15062 7.15062 0.643356 0 
1 1 0 2.08142 1 0 7.1415 7.1415 0.644491 0 
1 1 0 2.08551 1 0 7.13237 7.13237 0.645628 0 
1 1 0 2.08957 1 0 7.12324 7.12324 0.646768 0 
1 1 0 2.09363 1 0 7.11409 7.11409 0.647911 0 
1 1 0 2.09767 1 0 7.10495 7.10495 0.649056 0 
1 1 0 2.10169 1 0 7.09579 7.09579 0.650203 0 
1 1 0 2.10571 1 0 7.08663 7.08663 0.651354 0 
1 1 0 2.10971 1 0 7.07747 7.07747 0.652506 0 
1 1 0 2.11369 1 0 7.0683 7.0683 0.653662 0 
1 1 0 2.11766 1 0 7.05912 7.05912 0.65482 0 
1 1 0 2.12162 1 0 7.04994 7.04994 0.65598 0 
1 1 0 2.12557 1 0 7.04075 7.04075 0.657144 0 
1 1 0 2.1295 1 0 7.03155 7.03155 0.65831 0 
1 1 0 2.13341 1 0 7.02235 7.02235 0.659478 0 
1 1 0 2.13731 1 0 7.01314 7.01314 0.660649 0 
1 1 0 2.1412 1 0 7.00393 7.00393 0.661823 0 
1 1 0 2.14508 1 0 6.99471 6.99471 0.662999 0 
1 1 0 2.14894 1 0 6.98549 6.98549 0.664178 0 
1 1 0 2.15278 1 0 6.97626 6.97626 0.66536 0 
1 1 0 2.15662 1 0 6.96702 6.96702 0.666544 0 
1 1 0 2.16043 1 0 6.95778 6.95778 0.667731 0 
1 1 0 2.16424 1 0 6.94853 6.94853 0.668921 0 
1 1 0 2.16803 1 0 6.93927 6.93927 0.670113 0 
1 1 0 2.1718 1 0 6.93001 6.93001 0.671308 0 
1 1 0 2.17557 1 0 6.92075 6.92075 0.672506 0 
1 1 0 2.17931 1 0 6.91148 6.91148 0.673706 0 
1 1 0 2.18304 1 0 6.9022 6.9022 0.674909 0 
1 1 0 2.18676 1 0 6.89292 6.89292 0.676114 0 
1 1 0 2.19047 1 0 6.88363 6.88363 0.677323 0 
1 1 0 2.19416 1 0 6.87433 6.87433 0.678534 0 
1 1 0 2.19783 1 0 6.86503 6.86503 0.679747 0 
1 1 0 2.20149 1 0 6.85573 6.85573 0.680964 0 
1 1 0 2.20514 1 0 6.84642 6.84642 0.682183 0 
1 1 0 2.20877 1 0 6.8371 6.8371 0.683404 0 
1 1 0 2.21238 1 0 6.82777 6.82777 0.684629 0 
1 1 0 2.21599 1 0 6.81845 6.81845 0.685856 0 
1 1 0 2.21957 1 0 6.80911 6.80911 0.687086 0 
1 1 0 2.22315 1 0 6.79977 6.79977 0.688318 0 
1 1 0 2.2267 1 0 6.79043 6.79043 0.689553 0 
1 1 0 2.23025 1 0 6.78107 6.78107 0.690791 0 
1 1 0 2.23377 1 0 6.77172 6.77172 0.692032 0 
1 1 0 2.23729 1 0 6.76235 6.76235 0.693275 0 
1 1 0 2.24079 1 0 6.75299 6.75299 0.694521 0 
1 1 0 2.24427 1 0 6.74361 6.74361 0.69577 0 
1 1 0 2.24774 1 0 6.73423 6.73423 0.697022 0 
1 1 0 2.25119 1 0 6.72485 6.72485 0.698276 0 
1 1 0 2.25463 1 0 6.71546 6.71546 0.699533 0 
1 1 0 2.25805 1 0 6.70606 6.70606 0.700793 0 
1 1 0 2.26146 1 0 6.69666 6.69666 0.702055 0 
1 1 0 2.26486 1 0 6.68726 6.68726 0.70332 0 
1 1 0 2.26823 1 0 6.67784 6.67784 0.704588 0 
1 1 0 2.2716 1 0 6.66843 6.66843 0.705859 0 
1 1 0 2.27494 1 0 6.659 6.659 0.707132 0 
1 1 0 2.27828 1 0 6.64957 6.64957 0.708409 0 
1 1 0 2.28159 1 0 6.64014 6.64014 0.709688 0 
1 1 0 2.2849 1 0 6.6307 6.6307 0.710969 0 
1 1 0 2.28818 1 0 6.62126 6.62126 0.712254 0 
1 1 0 2.29145 1 0 6.61181 6.61181 0.713541 0 
1 1 0 2.29471 1 0 6.60235 6.60235 0.714831 0 
1 1 0 2.29795 1 0 6.59289 6.59289 0.716124 0 
1 1 0 2.30117 1 0 6.58342 6.58342 0.717419 0 
1 1 0 2.30438 1 0 6.57395 6.57395 0.718717 0 
1 1 0 2.30758 1 0 6.56448 6.56448 0.720018 0 
1 1 0 2.31075 1 0 6.555 6.555 0.721322 0 
1 1 0 2.31392 1 0 6.54551 6.54551 0.722628 0 
1 1 0 2.31706 1 0 6.53602 6.53602 0.723938 0 
1 1 0 2.32019 1 0 6.52652 6.52652 0.72525 0 
1 1 0 2.32331 1 0 6.51702 6.51702 0.726565 0 
1 1 0 2.32641 1 0 6.50751 6.50751 0.727882 0 
1 1 0 2.32949 1 0 6.498 6.498 0.729203 0 
1 1 0 2.33256 1 0 6.48848 6.48848 0.730526 0 
1 1 0 2.33561 1 0 6.47896 6.47896 0.731852 0 
1 1 0 2.33865 1 0 6.46943 6.46943 0.733181 0 
1 1 0 2.34167 1 0 6.4599 6.4599 0.734512 0 
1 1 0 2.34468 1 0 6.45036 6.45036 0.735846 0 
1 1 0 2.34766 1 0 6.44082 6.44082 0.737183 0 
1 1 0 2.35064 1 0 6.43127 6.43127 0.738523 0 
1 1 0 2.35359 1 0 6.42171 6.42171 0.739866 0 
1 1 0 2.35654 1 0 6.41216 6.41216 0.741211 0 
1 1 0 2.35946 1 0 6.40259 6.40259 0.74256 0 
1 1 0 2.36237 1 0 6.39303 6.39303 0.743911 0 
1 1 0 2.36526 1 0 6.38345 6.38345 0.745264 0 
1 1 0 2.36814 1 0 6.37388 6.37388 0.746621 0 
1 1 0 2.371 1 0 6.36429 6.36429 0.74798 0 
1 1 0 2.37384 1 0 6.35471 6.35471 0.749343 0 
1 1 0 2.37667 1 0 6.34511 6.34511 0.750708 0 
1 1 0 2.37948 1 0 6.33552 6.33552 0.752075 0 
1 1 0 2.38227 1 0 6.32592 6.32592 0.753446 0 
1 1 0 2.38505 1 0 6.31631 6.31631 0.754819 0 
1 1 0 2.38782 1 0 6.3067 6.3067 0.756195 0 
1 1 0 2.39056 1 0 6.29708 6.29708 0.757574 0 
1 1 0 2.39329 1 0 6.28746 6.28746 0.758956 0 
1 1 0 2.396 1 0 6.27784 6.27784 0.76034 0 
1 1 0 2.3987 1 0 6.26821 6.26821 0.761728 0 
1 1 0 2.40138 1 0 6.25857 6.25857 0.763118 0 
1 1 0 2.40404 1 0 6.24894 6.24894 0.764511 0 
1 1 0 2.40669 1 0 6.23929 6.23929 0.765906 0 
1 1 0 2.40932 1 0 6.22964 6.22964 0.767305 0 
1 1 0 2.41193 1 0 6.21999 6.21999 0.768706 0 
1 1 0 2.41453 1 0 6.21034 6.21034 0.77011 0 
1 1 0 2.41711 1 0 6.20067 6.20067 0.771517 0 
1 1 0 2.41967 1 0 6.19101 6.19101 0.772926 0 
1 1 0 2.42222 1 0 6.18134 6.18134 0.774339 0 
1 1 0 2.42475 1 0 6.17166 6.17166 0.775754 0 
1 1 0 2.42726 1 0 6.16198 6.16198 0.777172 0 
1 1 0 2.42976 1 0 6.1523 6.1523 0.778592 0 
1 1 0 2.43224 1 0 6.14261 6.14261 0.780016 0 
1 1 0 2.4347 1 0 6.13292 6.13292 0.781442 0 
1 1 0 2.43715 1 0 6.12322 6.12322 0.782871 0 
1 1 0 2.43958 1 0 6.11352 6.11352 0.784303 0 
1 1 0 2.44199 1 0 6.10382 6.10382 0.785737 0 
1 1 0 2.44439 1 0 6.09411 6.09411 0.787175 0 
1 1 0 2.44676 1 0 6.0844 6.0844 0.788615 0 
1 1 0 2.44912 1 0 6.07468 6.07468 0.790058 0 
1 1 0 2.45147 1 0 6.06496 6.06496 0.791504 0 
1 1 0 2.45379 1 0 6.05523 6.05523 0.792952 0 
1 1 0 2.4561 1 0 6.0455 6.0455 0.794403 0 
1 1 0 2.4584 1 0 6.03577 6.03577 0.795857 0 
1 1 0 2.46067 1 0 6.02603 6.02603 0.797314 0 
1 1 0 2.46293 1 0 6.01629 6.01629 0.798773 0 
1 1 0 2.46517 1 0 6.00654 6.00654 0.800235 0 
1 1 0 2.4674 1 0 5.99679 5.99679 0.8017 0 
1 1 0 2.4696 1 0 5.98704 5.98704 0.803168 0 
1 1 0 2.47179 1 0 5.97728 5.97728 0.804638 0 
1 1 0 2.47396 1 0 5.96752 5.96752 0.806112 0 
1 1 0 2.47612 1 0 5.95776 5.95776 0.807587 0 
1 1 0 2.47826 1 0 5.94799 5.94799 0.809066 0 
1 1 0 2.48038 1 0 5.93822 5.93822 0.810547 0 
1 1 0 2.48248 1 0 5.92844 5.92844 0.812032 0 
1 1 0 2.48456 1 0 5.91866 5.91866 0.813518 0 
1 1 0 2.48663 1 0 5.90888 5.90888 0.815008 0 
1 1 0 2.48868 1 0 5.89909 5.89909 0.8165 0 
1 1 0 2.49071 1 0 5.8893 5.8893 0.817995 0 
1 1 0 2.49273 1 0 5.8795 5.8795 0.819493 0 
1 1 0 2.49473 1 0 5.8697 5.8697 0.820993 0 
1 1 0 2.49671 1 0 5.8599 5.8599 0.822496 0 
1 1 0 2.49867 1 0 5.8501 5.8501 0.824002 0 
1 1 0 2.50062 1 0 5.84029 5.84029 0.82551 0 
1 1 0 2.50254 1 0 5.83047 5.83047 0.827022 0 
1 1 0 2.50445 1 0 5.82066 5.82066 0.828535 0 
1 1 0 2.50635 1 0 5.81084 5.81084 0.830052 0 
1 1 0 2.50822 1 0 5.80102 5.80102 0.831571 0 
1 1 0 2.51008 1 0 5.79119 5.79119 0.833093 0 
1 1 0 2.51192 1 0 5.78136 5.78136 0.834617 0 
1 1 0 2.51374 1 0 5.77153 5.77153 0.836144 0 
1 1 0 2.51554 1 0 5.76169 5.76169 0.837674 0 
1 1 0 2.51733 1 0 5.75185 5.75185 0.839207 0 
1 1 0 2.5191 1 0 5.74201 5.74201 0.840742 0 
1 1 0 2.52085 1 0 5.73216 5.73216 0.842279 0 
1 1 0 2.52258 1 0 5.72232 5.72232 0.84382 0 
1 1 0 2.5243 1 0 5.71246 5.71246 0.845363 0 
1 1 0 2.52599 1 0 5.70261 5.70261 0.846908 0 
1 1 0 2.52767 1 0 5.69275 5.69275 0.848457 0 
1 1 0 2.52933 1 0 5.68289 5.68289 0.850007 0 
1 1 0 2.53098 1 0 5.67303 5.67303 0.851561 0 
1 1 0 2.5326 1 0 5.66316 5.66316 0.853117 0 
1 1 0 2.53421 1 0 5.65329 5.65329 0.854675 0 
1 1 0 2.5358 1 0 5.64342 5.64342 0.856236 0 
1 1 0 2.53737 1 0 5.63354 5.63354 0.8578 0 
1 1 0 2.53892 1 0 5.62366 5.62366 0.859366 0 
1 1 0 2.54046 1 0 5.61378 5.61378 0.860935 0 
1 1 0 2.54198 1 0 5.6039 5.6039 0.862506 0 
1 1 0 2.54348 1 0 5.59401 5.59401 0.86408 0 
1 1 0 2.54496 1 0 5.58412 5.58412 0.865657 0 
1 1 0 2.54642 1 0 5.57423 5.57423 0.867236 0 
1 1 0 2.54787 1 0 5.56433 5.56433 0.868817 0 
1 1 0 2.5493 1 0 5.55444 5.55444 0.870401 0 
1 1 0 2.55071 1 0 5.54453 5.54453 0.871988 0 
1 1 0 2.5521 1 0 5.53463 5.53463 0.873577 0 
1 1 0 2.55347 1 0 5.52473 5.52473 0.875168 0 
1 1 0 2.55483 1 0 5.51482 5.51482 0.876762 0 
1 1 0 2.55616 1 0 5.50491 5.50491 0.878358 0 
1 1 0 2.55748 1 0 5.495 5.495 0.879957 0 
1 1 0 2.55878 1 0 5.48508 5.48508 0.881558 0 
1 1 0 2.56006 1 0 5.47516 5.47516 0.883162 0 
1 1 0 2.56133 1 0 5.46524 5.46524 0.884768 0 
1 1 0 2.56258 1 0 5.45532 5.45532 0.886377 0 
1 1 0 2.5638 1 0 5.4454 5.4454 0.887988 0 
1 1 0 2.56501 1 0 5.43547 5.43547 0.889601 0 
1 1 0 2.5662 1 0 5.42554 5.42554 0.891217 0 
1 1 0 2.56738 1 0 5.41561 5.41561 0.892835 0 
1 1 0 2.56853 1 0 5.40568 5.40568 0.894456 0 
1 1 0 2.56967 1 0 5.39574 5.39574 0.896078 0 
1 1 0 2.57079 1 0 5.38581 5.38581 0.897704 0 
1 1 0 2.57189 1 0 5.37587 5.37587 0.899331 0 
1 1 0 2.57297 1 0 5.36593 5.36593 0.900961 0 
1 1 0 2.57403 1 0 5.35598 5.35598 0.902593 0 
1 1 0 2.57508 1 0 5.34604 5.34604 0.904228 0 
1 1 0 2.57611 1 0 5.33609 5.33609 0.905864 0 
1 1 0 2.57712 1 0 5.32614 5.32614 0.907503 0 
1 1 0 2.57811 1 0 5.31619 5.31619 0.909145 0 
1 1 0 2.57908 1 0 5.30624 5.30624 0.910788 0 
1 1 0 2.58003 1 0 5.29628 5.29628 0.912434 0 
1 1 0 2.58097 1 0 5.28633 5.28633 0.914082 0 
1 1 0 2.58189 1 0 5.27637 5.27637 0.915732 0 
1 1 0 2.58279 1 0 5.26641 5.26641 0.917385 0 
1 1 0 2.58367 1 0 5.25645 5.25645 0.919039 0 
1 1 0 2.58453 1 0 5.24649 5.24649 0.920696 0 
1 1 0 2.58537 1 0 5.23652 5.23652 0.922355 0 
1 1 0 2.5862 1 0 5.22656 5.22656 0.924016 0 
1 1 0 2.58701 1 0 5.21659 5.21659 0.92568 0 
1 1 0 2.58779 1 0 5.20662 5.20662 0.927345 0 
1 1 0 2.58856 1 0 5.19665 5.19665 0.929013 0 
1 1 0 2.58932 1 0 5.18668 5.18668 0.930682 0 
1 1 0 2.59005 1 0 5.1767 5.1767 0.932354 0 
1 1 0 2.59077 1 0 5.16673 5.16673 0.934028 0 
1 1 0 2.59146 1 0 5.15675 5.15675 0.935703 0 
1 1 0 2.59214 1 0 5.14678 5.14678 0.937381 0 
1 1 0 2.5928 1 0 5.1368 5.1368 0.939061 0 
1 1 0 2.59344 1 0 5.12682 5.12682 0.940743 0 
1 1 0 2.59407 1 0 5.11684 5.11684 0.942427 0 
1 1 0 2.59467 1 0 5.10686 5.10686 0.944113 0 
1 1 0 2.59526 1 0 5.09687 5.09687 0.9458 0 
1 1 0 2.59583 1 0 5.08689 5.08689 0.94749 0 
1 1 0 2.59638 1 0 5.07691 5.07691 0.949182 0 
1 1 0 2.59691 1 0 5.06692 5.06692 0.950875 0 
1 1 0 2.59742 1 0 5.05693 5.05693 0.952571 0 
1 1 0 2.59792 1 0 5.04694 5.04694 0.954268 0 
1 1 0 2.5984 1 0 5.03696 5.03696 0.955967 0 
1 1 0 2.59885 1 0 5.02697 5.02697 0.957668 0 
1 1 0 2.59929 1 0 5.01698 5.01698 0.959371 0 
1 1 0 2.59972 1 0 5.00699 5.00699 0.961076 0 
1 1 0 2.60012 1 0 4.99699 4.99699 0.962782 0 
1 1 0 2.6005 1 0 4.987 4.987 0.964491 0 
1 1 0 2.60087 1 0 4.97701 4.97701 0.966201 0 
1 1 0 2.60122 1 0 4.96701 4.96701 0.967912 0 
1 1 0 2.60155 1 0 4.95702 4.95702 0.969626 0 
1 1 0 2.60186 1 0 4.94702 4.94702 0.971341 0 
1 1 0 2.60215 1 0 4.93703 4.93703 0.973058 0 
1 1 0 2.60243 1 0 4.92703 4.92703 0.974776 0 
1 1 0 2.60269 1 0 4.91704 4.91704 0.976496 0 
1 1 0 2.60292 1 0 4.90704 4.90704 0.978218 0 
1 1 0 2.60314 1 0 4.89704 4.89704 0.979941 0 
1 1 0 2.60335 1 0 4.88704 4.88704 0.981666 0 
1 1 0 2.60353 1 0 4.87704 4.87704 0.983392 0 
1 1 0 2.6037 1 0 4.86705 4.86705 0.98512 0 
1 1 0 2.60384 1 0 4.85705 4.85705 0.98685 0 
1 1 0 2.60397 1 0 4.84705 4.84705 0.988581 0 
1 1 0 2.60408 1 0 4.83705 4.83705 0.990313 0 
1 1 0 2.60417 1 0 4.82705 4.82705 0.992047 0 
1 1 0 2.60425 1 0 4.81705 4.81705 0.993782 0 
1 1 0 2.6043 1 0 4.80705 4.80705 0.995519 0 
1 1 0 2.60434 1 0 4.79705 4.79705 0.997257 0 
1 1 0 2.60436 1 0 4.78705 4.78705 0.998997 0 
2 1 0 2.60437 1 0 4.78128 4.78128 1 0 
2 1 0 2.60436 1 0 4.77128 4.77128 1.00174 0 
2 1 0 2.60433 1 0 4.76128 4.76128 1.00348 0 
2 1 0 2.60428 1 0 4.75128 4.75128 1.00523 0 
2 1 0 2.60422 1 0 4.74128 4.74128 1.00697 0 
2 1 0 2.60414 1 0 4.73128 4.73128 1.00872 0 
2 1 0 2.60404 1 0 4.72128 4.72128 1.01047 0 
2 1 0 2.60392 1 0 4.71128 4.71128 1.01222 0 
2 1 0 2.60378 1 0 4.70129 4.70129 1.01397 0 
2 1 0 2.60363 1 0 4.69129 4.69129 1.01572 0 
2 1 0 2.60346 1 0 4.68129 4.68129 1.01747 0 
2 1 0 2.60327 1 0 4.67129 4.67129 1.01922 0 
2 1 0 2.60306 1 0 4.66129 4.66129 1.02098 0 
2 1 0 2.60283 1 0 4.65129 4.65129 1.02273 0 
2 1 0 2.60259 1 0 4.6413 4.6413 1.02449 0 
2 1 0 2.60233 1 0 4.6313 4.6313 1.02625 0 
2 1 0 2.60205 1 0 4.62131 4.62131 1.02801 0 
2 1 0 2.60175 1 0 4.61131 4.61131 1.02977 0 
2 1 0 2.60143 1 0 4.60131 4.60131 1.03153 0 
2 1 0 2.6011 1 0 4.59132 4.59132 1.03329 0 
2 1 0 2.60075 1 0 4.58133 4.58133 1.03505 0 
2 1 0 2.60038 1 0 4.57133 4.57133 1.03681 0 
2 1 0 2.59999 1 0 4.56134 4.56134 1.03857 0 
2 1 0 2.59959 1 0 4.55135 4.55135 1.04034 0 
2 1 0 2.59916 1 0 4.54136 4.54136 1.0421 0 
2 1 0 2.59872 1 0 4.53137 4.53137 1.04387 0 
2 1 0 2.59826 1 0 4.52138 4.52138 1.04564 0 
2 1 0 2.59779 1 0 4.51139 4.51139 1.0474 0 
2 1 0 2.59729 1 0 4.5014 4.5014 1.04917 0 
2 1 0 2.59678 1 0 4.49141 4.49141 1.05094 0 
2 1 0 2.59625 1 0 4.48143 4.48143 1.05271 0 
2 1 0 2.5957 1 0 4.47144 4.47144 1.05447 0 
2 1 0 2.59514 1 0 4.46146 4.46146 1.05624 0 
2 1 0 2.59456 1 0 4.45148 4.45148 1.05801 0 
2 1 0 2.59396 1 0 4.44149 4.44149 1.05978 0 
2 1 0 2.59334 1 0 4.43151 4.43151 1.06155 0 
2 1 0 2.5927 1 0 4.42153 4.42153 1.06333 0 
2 1 0 2.59205 1 0 4.41156 4.41156 1.0651 0 
2 1 0 2.59138 1 0 4.40158 4.40158 1.06687 0 
2 1 0 2.59069 1 0 4.3916 4.3916 1.06864 0 
2 1 0 2.58999 1 0 4.38163 4.38163 1.07041 0 
2 1 0 2.58926 1 0 4.37165 4.37165 1.07218 0 
2 1 0 2.58852 1 0 4.36168 4.36168 1.07396 0 
2 1 0 2.58777 1 0 4.35171 4.35171 1.07573 0 
2 1 0 2.58699 1 0 4.34174 4.34174 1.0775 0 
2 1 0 2.5862 1 0 4.33177 4.33177 1.07927 0 
2 1 0 2.58539 1 0 4.3218 4.3218 1.08105 0 
2 1 0 2.58456 1 0 4.31184 4.31184 1.08282 0 
2 1 0 2.58372 1 0 4.30187 4.30187 1.08459 0 
2 1 0 2.58286 1 0 4.29191 4.29191 1.08636 0 
2 1 0 2.58198 1 0 4.28195 4.28195 1.08813 0 
2 1 0 2.58108 1 0 4.27199 4.27199 1.0899 0 
2 1 0 2.58017 1 0 4.26203 4.26203 1.09168 0 
2 1 0 2.57924 1 0 4.25207 4.25207 1.09345 0 
2 1 0 2.57829 1 0 4.24212 4.24212 1.09522 0 
2 1 0 2.57733 1 0 4.23217 4.23217 1.09699 0 
2 1 0 2.57635 1 0 4.22221 4.22221 1.09876 0 
2 1 0 2.57535 1 0 4.21226 4.21226 1.10053 0 
2 1 0 2.57433 1 0 4.20231 4.20231 1.1023 0 
2 1 0 2.5733 1 0 4.19237 4.19237 1.10406 0 
2 1 0 2.57225 1 0 4.18242 4.18242 1.10583 0 
2 1 0 2.57119 1 0 4.17248 4.17248 1.1076 0 
2 1 0 2.5701 1 0 4.16254 4.16254 1.10937 0 
2 1 0 2.569 1 0 4.1526 4.1526 1.11113 0 
2 1 0 2.56789 1 0 4.14266 4.14266 1.1129 0 
2 1 0 2.56675 1 0 4.13273 4.13273 1.11466 0 
2 1 0 2.5656 1 0 4.12279 4.12279 1.11642 0 
2 1 0 2.56444 1 0 4.11286 4.11286 1.11819 0 
2 1 0 2.56325 1 0 4.10293 4.10293 1.11995 0 
2 1 0 2.56206 1 0 4.093 4.093 1.12171 0 
2 1 0 2.56084 1 0 4.08308 4.08308 1.12347 0 
2 1 0 2.55961 1 0 4.07315 4.07315 1.12522 0 
2 1 0 2.55836 1 0 4.06323 4.06323 1.12698 0 
2 1 0 2.55709 1 0 4.05331 4.05331 1.12874 0 
2 1 0 2.55581 1 0 4.0434 4.0434 1.13049 0 
2 1 0 2.55451 1 0 4.03348 4.03348 1.13225 0 
2 1 0 2.55319 1 0 4.02357 4.02357 1.134 0 
2 1 0 2.55186 1 0 4.01366 4.01366 1.13575 0 
2 1 0 2.55051 1 0 4.00375 4.00375 1.1375 0 
2 1 0 2.54915 1 0 3.99384 3.99384 1.13925 0 
2 1 0 2.54777 1 0 3.98394 3.98394 1.14099 0 
2 1 0 2.54637 1 0 3.97403 3.97403 1.14274 0 
2 1 0 2.54496 1 0 3.96413 3.96413 1.14448 0 
2 1 0 2.54353 1 0 3.95424 3.95424 1.14622 0 
2 1 0 2.54209 1 0 3.94434 3.94434 1.14796 0 
2 1 0 2.54063 1 0 3.93445 3.93445 1.1497 0 
2 1 0 2.53915 1 0 3.92456 3.92456 1.15143 0 
2 1 0 2.53766 1 0 3.91467 3.91467 1.15317 0 
2 1 0 2.53615 1 0 3.90479 3.90479 1.1549 0 
2 1 0 2.53462 1 0 3.8949 3.8949 1.15663 0 
2 1 0 2.53308 1 0 3.88502 3.88502 1.15836 0 
2 1 0 2.53152 1 0 3.87514 3.87514 1.16008 0 
2 1 0 2.52995 1 0 3.86527 3.86527 1.16181 0 
2 1 0 2.52836 1 0 3.8554 3.8554 1.16353 0 
2 1 0 2.52676 1 0 3.84552 3.84552 1.16525 0 
2 1 0 2.52514 1 0 3.83566 3.83566 1.16696 0 
2 1 0 2.52351 1 0 3.82579 3.82579 1.16868 0 
2 1 0 2.52186 1 0 3.81593 3.81593 1.17039 0 
2 1 0 2.52019 1 0 3.80607 3.80607 1.1721 0 
2 1 0 2.51851 1 0 3.79621 3.79621 1.1738 0 
2 1 0 2.51681 1 0 3.78636 3.78636 1.17551 0 
2 1 0 2.5151 1 0 3.7765 3.7765 1.17721 0 
2 1 0 2.51337 1 0 3.76665 3.76665 1.1789 0 
2 1 0 2.51163 1 0 3.75681 3.75681 1.1806 0 
2 1 0 2.50987 1 0 3.74696 3.74696 1.18229 0 
2 1 0 2.5081 1 0 3.73712 3.73712 1.18398 0 
2 1 0 2.50631 1 0 3.72728 3.72728 1.18567 0 
2 1 0 2.50451 1 0 3.71745 3.71745 1.18735 0 
2 1 0 2.50269 1 0 3.70761 3.70761 1.18903 0 
2 1 0 2.50086 1 0 3.69778 3.69778 1.1907 0 
2 1 0 2.49901 1 0 3.68795 3.68795 1.19238 0 
2 1 0 2.49714 1 0 3.67813 3.67813 1.19405 0 
2 1 0 2.49526 1 0 3.66831 3.66831 1.19571 0 
2 1 0 2.49337 1 0 3.65849 3.65849 1.19737 0 
2 1 0 2.49146 1 0 3.64867 3.64867 1.19903 0 
2 1 0 2.48954 1 0 3.63886 3.63886 1.20069 0 
2 1 0 2.4876 1 0 3.62905 3.62905 1.20234 0 
2 1 0 2.48565 1 0 3.61924 3.61924 1.20399 0 
2 1 0 2.48368 1 0 3.60944 3.60944 1.20563 0 
2 1 0 2.4817 1 0 3.59963 3.59963 1.20727 0 
2 1 0 2.47971 1 0 3.58984 3.58984 1.2089 0 
2 1 0 2.4777 1 0 3.58004 3.58004 1.21053 0 
2 1 0 2.47567 1 0 3.57025 3.57025 1.21216 0 
2 1 0 2.47363 1 0 3.56046 3.56046 1.21378 0 
2 1 0 2.47158 1 0 3.55067 3.55067 1.2154 0 
2 1 0 2.46951 1 0 3.54089 3.54089 1.21701 0 
2 1 0 2.46743 1 0 3.5311 3.5311 1.21862 0 
2 1 0 2.46534 1 0 3.52133 3.52133 1.22023 0 
2 1 0 2.46323 1 0 3.51155 3.51155 1.22183 0 
2 1 0 2.4611 1 0 3.50178 3.50178 1.22342 0 
2 1 0 2.45896 1 0 3.49201 3.49201 1.22501 0 
2 1 0 2.45681 1 0 3.48225 3.48225 1.22659 0 
2 1 0 2.45465 1 0 3.47248 3.47248 1.22817 0 
2 1 0 2.45247 1 0 3.46272 3.46272 1.22975 0 
2 1 0 2.45027 1 0 3.45297 3.45297 1.23132 0 
2 1 0 2.44807 1 0 3.44321 3.44321 1.23288 0 
2 1 0 2.44585 1 0 3.43346 3.43346 1.23444 0 
2 1 0 2.44361 1 0 3.42372 3.42372 1.23599 0 
2 1 0 2.44137 1 0 3.41397 3.41397 1.23754 0 
2 1 0 2.4391 1 0 3.40423 3.40423 1.23908 0 
2 1 0 2.43683 1 0 3.39449 3.39449 1.24061 0 
2 1 0 2.43454 1 0 3.38476 3.38476 1.24214 0 
2 1 0 2.43224 1 0 3.37503 3.37503 1.24366 0 
2 1 0 2.42993 1 0 3.3653 3.3653 1.24518 0 
2 1 0 2.4276 1 0 3.35557 3.35557 1.24669 0 
2 1 0 2.42526 1 0 3.34585 3.34585 1.24819 0 
2 1 0 2.4229 1 0 3.33613 3.33613 1.24969 0 
2 1 0 2.42054 1 0 3.32642 3.32642 1.25118 0 
2 1 0 2.41816 1 0 3.3167 3.3167 1.25267 0 
2 1 0 2.41576 1 0 3.30699 3.30699 1.25415 0 
2 1 0 2.41336 1 0 3.29729 3.29729 1.25562 0 
2 1 0 2.41094 1 0 3.28758 3.28758 1.25708 0 
2 1 0 2.40851 1 0 3.27788 3.27788 1.25854 0 
2 1 0 2.40606 1 0 3.26819 3.26819 1.25999 0 
2 1 0 2.40361 1 0 3.25849 3.25849 1.26143 0 
2 1 0 2.40114 1 0 3.2488 3.2488 1.26287 0 
2 1 0 2.39865 1 0 3.23912 3.23912 1.26429 0 
2 1 0 2.39616 1 0 3.22943 3.22943 1.26571 0 
2 1 0 2.39365 1 0 3.21975 3.21975 1.26713 0 
2 1 0 2.39114 1 0 3.21007 3.21007 1.26853 0 
2 1 0 2.3886 1 0 3.2004 3.2004 1.26993 0 
2 1 0 2.38606 1 0 3.19073 3.19073 1.27131 0 
2 1 0 2.38351 1 0 3.18106 3.18106 1.27269 0 
2 1 0 2.38094 1 0 3.17139 3.17139 1.27407 0 
2 1 0 2.37836 1 0 3.16173 3.16173 1.27543 0 
2 1 0 2.37577 1 0 3.15207 3.15207 1.27678 0 
2 1 0 2.37317 1 0 3.14242 3.14242 1.27813 0 
2 1 0 2.37055 1 0 3.13277 3.13277 1.27947 0 
2 1 0 2.36792 1 0 3.12312 3.12312 1.28079 0 
2 1 0 2.36529 1 0 3.11347 3.11347 1.28211 0 
2 1 0 2.36264 1 0 3.10383 3.10383 1.28342 0 
2 1 0 2.35998 1 0 3.09419 3.09419 1.28472 0 
2 1 0 2.3573 1 0 3.08455 3.08455 1.28601 0 
2 1 0 2.35462 1 0 3.07492 3.07492 1.2873 0 
2 1 0 2.35192 1 0 3.06529 3.06529 1.28857 0 
2 1 0 2.34922 1 0 3.05566 3.05566 1.28983 0 
2 1 0 2.3465 1 0 3.04604 3.04604 1.29108 0 
2 1 0 2.34377 1 0 3.03642 3.03642 1.29232 0 
2 1 0 2.34103 1 0 3.0268 3.0268 1.29355 0 
2 1 0 2.33828 1 0 3.01719 3.01719 1.29477 0 
2 1 0 2.33552 1 0 3.00758 3.00758 1.29598 0 
2 1 0 2.33275 1 0 2.99797 2.99797 1.29718 0 
2 1 0 2.32996 1 0 2.98836 2.98836 1.29837 0 
2 1 0 2.32717 1 0 2.97876 2.97876 1.29955 0 
2 1 0 2.32437 1 0 2.96916 2.96916 1.30071 0 
2 1 0 2.32155 1 0 2.95957 2.95957 1.30187 0 
2 1 0 2.31873 1 0 2.94998 2.94998 1.30301 0 
2 1 0 2.31589 1 0 2.94039 2.94039 1.30414 0 
2 1 0 2.31304 1 0 2.9308 2.9308 1.30526 0 
2 1 0 2.31019 1 0 2.92122 2.92122 1.30637 0 
2 1 0 2.30732 1 0 2.91164 2.91164 1.30747 0 
2 1 0 2.30445 1 0 2.90206 2.90206 1.30855 0 
2 1 0 2.30156 1 0 2.89248 2.89248 1.30962 0 
2 1 0 2.29867 1 0 2.88291 2.88291 1.31068 0 
2 1 0 2.29576 1 0 2.87334 2.87334 1.31172 0 
2 1 0 2.29284 1 0 2.86378 2.86378 1.31276 0 
2 1 0 2.28992 1 0 2.85421 2.85421 1.31378 0 
2 1 0 2.28699 1 0 2.84466 2.84466 1.31478 0 
2 1 0 2.28404 1 0 2.8351 2.8351 1.31578 0 
2 1 0 2.28109 1 0 2.82554 2.82554 1.31675 0 
2 1 0 2.27813 1 0 2.81599 2.81599 1.31772 0 
2 1 0 2.27515 1 0 2.80644 2.80644 1.31867 0 
2 1 0 2.27217 1 0 2.7969 2.7969 1.31961 0 
2 1 0 2.26918 1 0 2.78736 2.78736 1.32053 0 
2 1 0 2.26619 1 0 2.77782 2.77782 1.32144 0 
2 1 0 2.26318 1 0 2.76828 2.76828 1.32233 0 
2 1 0 2.26016 1 0 2.75875 2.75875 1.32321 0 
2 1 0 2.25714 1 0 2.74921 2.74921 1.32407 0 
2 1 0 2.2541 1 0 2.73969 2.73969 1.32492 0 
2 1 0 2.25106 1 0 2.73016 2.73016 1.32575 0 
2 1 0 2.24801 1 0 2.72064 2.72064 1.32657 0 
2 1 0 2.24495 1 0 2.71111 2.71111 1.32737 0 
2 1 0 2.24189 1 0 2.7016 2.7016 1.32815 0 
2 1 0 2.23881 1 0 2.69208 2.69208 1.32892 0 
2 1 0 2.23573 1 0 2.68257 2.68257 1.32967 0 
2 1 0 2.23264 1 0 2.67306 2.67306 1.3304 0 
2 1 0 2.22954 1 0 2.66355 2.66355 1.33112 0 
2 1 0 2.22643 1 0 2.65404 2.65404 1.33182 0 
2 1 0 2.22332 1 0 2.64454 2.64454 1.3325 0 
2 1 0 2.2202 1 0 2.63504 2.63504 1.33317 0 
2 1 0 2.21707 1 0 2.62554 2.62554 1.33381 0 
2 1 0 2.21393 1 0 2.61605 2.61605 1.33444 0 
2 1 0 2.21079 1 0 2.60655 2.60655 1.33505 0 
2 1 0 2.20764 1 0 2.59706 2.59706 1.33564 0 
2 1 0 2.20448 1 0 2.58758 2.58758 1.33622 0 
2 1 0 2.20132 1 0 2.57809 2.57809 1.33677 0 
2 1 0 2.19815 1 0 2.5686 2.5686 1.33731 0 
2 1 0 2.19497 1 0 2.55912 2.55912 1.33782 0 
2 1 0 2.19179 1 0 2.54964 2.54964 1.33832 0 
2 1 0 2.1886 1 0 2.54017 2.54017 1.33879 0 
2 1 0 2.1854 1 0 2.53069 2.53069 1.33925 0 
2 1 0 2.1822 1 0 2.52122 2.52122 1.33968 0 
2 1 0 2.17899 1 0 2.51175 2.51175 1.3401 0 
2 1 0 2.17577 1 0 2.50228 2.50228 1.34049 0 
2 1 0 2.17255 1 0 2.49281 2.49281 1.34086 0 
2 1 0 2.16933 1 0 2.48334 2.48334 1.34121 0 
2 1 0 2.1661 1 0 2.47388 2.47388 1.34154 0 
2 1 0 2.16286 1 0 2.46442 2.46442 1.34185 0 
2 1 0 2.15962 1 0 2.45496 2.45496 1.34213 0 
2 1 0 2.15637 1 0 2.4455 2.4455 1.34239 0 
2 1 0 2.15312 1 0 2.43605 2.43605 1.34263 0 
2 1 0 2.14986 1 0 2.42659 2.42659 1.34285 0 
2 1 0 2.14659 1 0 2.41714 2.41714 1.34304 0 
2 1 0 2.14333 1 0 2.40769 2.40769 1.34321 0 
2 1 0 2.14006 1 0 2.39824 2.39824 1.34335 0 
2 1 0 2.13678 1 0 2.38879 2.38879 1.34347 0 
2 1 0 2.1335 1 0 2.37934 2.37934 1.34357 0 
2 1 0 2.13022 1 0 2.3699 2.3699 1.34364 0 
2 1 0 2.12693 1 0 2.36045 2.36045 1.34368 0 
2 1 0 2.12363 1 0 2.35101 2.35101 1.3437 0 
2 1 0 2.12034 1 0 2.34157 2.34157 1.34369 0 
2 1 0 2.11704 1 0 2.33213 2.33213 1.34366 0 
2 1 0 2.11374 1 0 2.32269 2.32269 1.3436 0 
2 1 0 2.11043 1 0 2.31325 2.31325 1.34352 0 
2 1 0 2.10712 1 0 2.30382 2.30382 1.3434 0 
2 1 0 2.10381 1 0 2.29438 2.29438 1.34326 0 
2 1 0 2.1005 1 0 2.28495 2.28495 1.3431 0 
2 1 0 2.09718 1 0 2.27551 2.27551 1.3429 0 
2 1 0 2.09386 1 0 2.26608 2.26608 1.34268 0 
2 1 0 2.09054 1 0 2.25665 2.25665 1.34242 0 
2 1 0 2.08721 1 0 2.24722 2.24722 1.34214 0 
2 1 0 2.08389 1 0 2.23779 2.23779 1.34183 0 
2 1 0 2.08056 1 0 2.22835 2.22835 1.34149 0 
2 1 0 2.07723 1 0 2.21893 2.21893 1.34112 0 
2 1 0 2.0739 1 0 2.2095 2.2095 1.34071 0 
2 1 0 2.07057 1 0 2.20007 2.20007 1.34028 0 
2 1 0 2.06724 1 0 2.19064 2.19064 1.33982 0 
2 1 0 2.0639 1 0 2.18121 2.18121 1.33932 0 
2 1 0 2.06057 1 0 2.17178 2.17178 1.33879 0 
2 1 0 2.05724 1 0 2.16235 2.16235 1.33823 0 
2 1 0 2.0539 1 0 2.15293 2.15293 1.33764 0 
2 1 0 2.05057 1 0 2.1435 2.1435 1.33701 0 
2 1 0 2.04723 1 0 2.13407 2.13407 1.33636 0 
2 1 0 2.0439 1 0 2.12464 2.12464 1.33566 0 
2 1 0 2.04057 1 0 2.11522 2.11522 1.33494 0 
2 1 0 2.03723 1 0 2.10579 2.10579 1.33417 0 
2 1 0 2.0339 1 0 2.09636 2.09636 1.33338 0 
2 1 0 2.03057 1 0 2.08693 2.08693 1.33254 0 
2 1 0 2.02725 1 0 2.0775 2.0775 1.33168 0 
2 1 0 2.02392 1 0 2.06807 2.06807 1.33077 0 
2 1 0 2.0206 1 0 2.05864 2.05864 1.32983 0 
2 1 0 2.01727 1 0 2.0492 2.0492 1.32885 0 
2 1 0 2.01396 1 0 2.03977 2.03977 1.32783 0 
2 1 0 2.01064 1 0 2.03034 2.03034 1.32678 0 
2 1 0 2.00733 1 0 2.0209 2.0209 1.32569 0 
2 1 0 2.00402 1 0 2.01147 2.01147 1.32456 0 
2 1 0 2.00071 1 0 2.00203 2.00203 1.32339 0 
2 1 0 1.99741 1 0 1.99259 1.99259 1.32218 0 
2 1 0 1.99411 1 0 1.98315 1.98315 1.32093 0 
2 1 0 1.99082 1 0 1.97371 1.97371 1.31963 0 
2 1 0 1.98753 1 0 1.96426 1.96426 1.3183 0 
2 1 0 1.98424 1 0 1.95482 1.95482 1.31693 0 
2 1 0 1.98096 1 0 1.94537 1.94537 1.31551 0 
2 1 0 1.97769 1 0 1.93592 1.93592 1.31405 0 
2 1 0 1.97443 1 0 1.92647 1.92647 1.31255 0 
2 1 0 1.97116 1 0 1.91702 1.91702 1.31101 0 
2 1 0 1.96791 1 0 1.90756 1.90756 1.30942 0 
2 1 0 1.96466 1 0 1.8981 1.8981 1.30779 0 
2 1 0 1.96143 1 0 1.88864 1.88864 1.30611 0 
2 1 0 1.95819 1 0 1.87918 1.87918 1.30439 0 
2 1 0 1.95497 1 0 1.86971 1.86971 1.30262 0 
2 1 0 1.95176 1 0 1.86024 1.86024 1.3008 0 
2 1 0 1.94855 1 0 1.85077 1.85077 1.29894 0 
2 1 0 1.94535 1 0 1.84129 1.84129 1.29703 0 
2 1 0 1.94217 1 0 1.83182 1.83182 1.29507 0 
2 1 0 1.93899 1 0 1.82233 1.82233 1.29307 0 
2 1 0 1.93582 1 0 1.81285 1.81285 1.29101 0 
2 1 0 1.93267 1 0 1.80336 1.80336 1.28891 0 
2 1 0 1.92953 1 0 1.79387 1.79387 1.28675 0 
2 1 0 1.92639 1 0 1.78437 1.78437 1.28455 0 
2 1 0 1.92327 1 0 1.77487 1.77487 1.28229 0 
2 1 0 1.92017 1 0 1.76536 1.76536 1.27998 0 
2 1 0 1.91707 1 0 1.75585 1.75585 1.27763 0 
2 1 0 1.914 1 0 1.74634 1.74634 1.27521 0 
2 1 0 1.91093 1 0 1.73682 1.73682 1.27275 0 
2 1 0 1.90788 1 0 1.7273 1.7273 1.27023 0 
2 1 0 1.90485 1 0 1.71777 1.71777 1.26766 0 
2 1 0 1.90183 1 0 1.70823 1.70823 1.26503 0 
2 1 0 1.89883 1 0 1.6987 1.6987 1.26235 0 
2 1 0 1.89584 1 0 1.68915 1.68915 1.25961 0 
2 1 0 1.89287 1 0 1.6796 1.6796 1.25681 0 
2 1 0 1.88993 1 0 1.67005 1.67005 1.25396 0 
2 1 0 1.887 1 0 1.66048 1.66048 1.25105 0 
2 1 0 1.88409 1 0 1.65092 1.65092 1.24808 0 
2 1 0 1.8812 1 0 1.64134 1.64134 1.24505 0 
2 1 0 1.87833 1 0 1.63176 1.63176 1.24197 0 
2 1 0 1.87549 1 0 1.62218 1.62218 1.23882 0 
2 1 0 1.87266 1 0 1.61258 1.61258 1.23562 0 
2 1 0 1.86986 1 0 1.60298 1.60298 1.23235 0 
2 1 0 1.86709 1 0 1.59338 1.59338 1.22902 0 
2 1 0 1.86434 1 0 1.58376 1.58376 1.22563 0 
2 1 0 1.86162 1 0 1.57414 1.57414 1.22218 0 
2 1 0 1.85892 1 0 1.56451 1.56451 1.21867 0 
2 1 0 1.85625 1 0 1.55487 1.55487 1.21509 0 
2 1 0 1.85361 1 0 1.54523 1.54523 1.21144 0 
2 1 0 1.851 1 0 1.53557 1.53557 1.20774 0 
2 1 0 1.84842 1 0 1.52591 1.52591 1.20396 0 
2 1 0 1.84587 1 0 1.51624 1.51624 1.20013 0 
2 1 0 1.84335 1 0 1.50656 1.50656 1.19622 0 
2 1 0 1.84087 1 0 1.49688 1.49688 1.19225 0 
2 1 0 1.83842 1 0 1.48718 1.48718 1.18821 0 
2 1 0 1.83601 1 0 1.47748 1.47748 1.18411 0 
2 1 0 1.83364 1 0 1.46776 1.46776 1.17994 0 
2 1 0 1.8313 1 0 1.45804 1.45804 1.1757 0 
2 1 0 1.82901 1 0 1.44831 1.44831 1.17139 0 
2 1 0 1.82675 1 0 1.43856 1.43856 1.16701 0 
2 1 0 1.82454 1 0 1.42881 1.42881 1.16256 0 
2 1 0 1.82238 1 0 1.41905 1.41905 1.15804 0 
2 1 0 1.82025 1 0 1.40927 1.40927 1.15345 0 
2 1 0 1.81818 1 0 1.39949 1.39949 1.14879 0 
2 1 0 1.81615 1 0 1.3897 1.3897 1.14406 0 
2 1 0 1.81418 1 0 1.3799 1.3799 1.13925 0 
2 1 0 1.81225 1 0 1.37008 1.37008 1.13438 0 
2 1 0 1.81038 1 0 1.36026 1.36026 1.12943 0 
2 1 0 1.80857 1 0 1.35043 1.35043 1.12441 0 
2 1 0 1.80681 1 0 1.34058 1.34058 1.11932 0 
2 1 0 1.80511 1 0 1.33073 1.33073 1.11416 0 
2 1 0 1.80348 1 0 1.32086 1.32086 1.10893 0 
2 1 0 1.8019 1 0 1.31099 1.31099 1.10362 0 
2 1 0 1.80039 1 0 1.3011 1.3011 1.09824 0 
2 1 0 1.79895 1 0 1.2912 1.2912 1.09279 0 
2 1 0 1.79758 1 0 1.2813 1.2813 1.08726 0 
2 1 0 1.79629 1 0 1.27138 1.27138 1.08167 0 
2 1 0 1.79506 1 0 1.26146 1.26146 1.076 0 
2 1 0 1.79392 1 0 1.25152 1.25152 1.07026 0 
2 1 0 1.79285 1 0 1.24158 1.24158 1.06445 0 
2 1 0 1.79187 1 0 1.23163 1.23163 1.05857 0 
2 1 0 1.79097 1 0 1.22167 1.22167 1.05262 0 
2 1 0 1.79017 1 0 1.2117 1.2117 1.04659 0 
2 1 0 1.78945 1 0 1.20172 1.20172 1.04051 0 
2 1 0 1.78882 1 0 1.19174 1.19174 1.03435 0 
2 1 0 1.7883 1 0 1.18176 1.18176 1.02812 0 
2 1 0 1.78788 1 0 1.17176 1.17176 1.02184 0 
2 1 0 1.78755 1 0 1.16177 1.16177 1.01548 0 
2 1 0 1.78734 1 0 1.15177 1.15177 1.00906 0 
2 1 0 1.78724 1 0 1.14177 1.14177 1.00259 0 
2 1 0 1.78723 1 0 1.13784 1.13784 1.00002 0 
1 1 0 1.78729 1 0 1.12784 1.12784 0.993463 0 
1 1 0 1.78747 1 0 1.11784 1.11784 0.986844 0 
1 1 0 1.78777 1 0 1.10785 1.10785 0.980169 0 
1 1 0 1.78819 1 0 1.09785 1.09785 0.973442 0 
1 1 0 1.78875 1 0 1.08787 1.08787 0.966663 0 
1 1 0 1.78944 1 0 1.07789 1.07789 0.959837 0 
1 1 0 1.79027 1 0 1.06793 1.06793 0.952965 0 
1 1 0 1.79125 1 0 1.05797 1.05797 0.946051 0 
1 1 0 1.79236 1 0 1.04803 1.04803 0.939098 0 
1 1 0 1.79363 1 0 1.03811 1.03811 0.93211 0 
1 1 0 1.79505 1 0 1.02821 1.02821 0.925089 0 
1 1 0 1.79663 1 0 1.01834 1.01834 0.91804 0 
1 1 0 1.79837 1 0 1.00849 1.00849 0.910967 0 
1 1 0 1.80027 1 0 0.998669 0.998669 0.903874 0 
1 1 0 1.80234 1 0 0.988884 0.988884 0.896766 0 
1 1 0 1.80457 1 0 0.979136 0.979136 0.889647 0 
1 1 0 1.80698 1 0 0.96943 0.96943 0.882522 0 
1 1 0 1.80957 1 0 0.959768 0.959768 0.875396 0 
1 1 0 1.81234 1 0 0.950156 0.950156 0.868275 0 
1 1 0 1.81528 1 0 0.940597 0.940597 0.861164 0 
1 1 0 1.8184 1 0 0.931096 0.931096 0.854068 0 
1 1 0 1.82171 1 0 0.921658 0.921658 0.846992 0 
1 1 0 1.82521 1 0 0.912286 0.912286 0.839942 0 
1 1 0 1.82889 1 0 0.902985 0.902985 0.832924 0 
1 1 0 1.83275 1 0 0.893759 0.893759 0.825944 0 
1 1 0 1.8368 1 0 0.884613 0.884613 0.819006 0 
1 1 0 1.84103 1 0 0.875551 0.875551 0.812116 0 
1 1 0 1.84545 1 0 0.866577 0.866577 0.80528 0 
1 1 0 1.85005 1 0 0.857695 0.857695 0.798502 0 
1 1 0 1.85483 1 0 0.848909 0.848909 0.791787 0 
1 1 0 1.85979 1 0 0.840223 0.840223 0.785141 0 
1 1 0 1.86492 1 0 0.83164 0.83164 0.778568 0 
1 1 0 1.87023 1 0 0.823163 0.823163 0.772071 0 
1 1 0 1.87571 1 0 0.814795 0.814795 0.765656 0 
1 1 0 1.88135 1 0 0.806539 0.806539 0.759324 0 
1 1 0 1.88716 1 0 0.798396 0.798396 0.753081 0 
1 1 0 1.89313 1 0 0.79037 0.79037 0.746928 0 
1 1 0 1.89925 1 0 0.782462 0.782462 0.740868 0 
1 1 0 1.90553 1 0 0.774672 0.774672 0.734904 0 
1 1 0 1.91195 1 0 0.767003 0.767003 0.729037 0 
1 1 0 1.91851 1 0 0.759455 0.759455 0.723269 0 
1 1 0 1.92521 1 0 0.752029 0.752029 0.717601 0 
1 1 0 1.93204 1 0 0.744724 0.744724 0.712034 0 
1 1 0 1.939 1 0 0.737541 0.737541 0.706569 0 
1 1 0 1.94608 1 0 0.730479 0.730479 0.701206 0 
1 1 0 1.95328 1 0 0.723538 0.723538 0.695945 0 
1 1 0 1.9606 1 0 0.716717 0.716717 0.690786 0 
1 1 0 1.96802 1 0 0.710015 0.710015 0.685729 0 
1 1 0 1.97555 1 0 0.703432 0.703432 0.680772 0 
1 1 0 1.98318 1 0 0.696965 0.696965 0.675916 0 
1 1 0 1.99091 1 0 0.690614 0.690614 0.67116 0 
1 1 0 1.99872 1 0 0.684376 0.684376 0.666501 0 
1 1 0 2.00663 1 0 0.67825 0.67825 0.661939 0 
1 1 0 2.01462 1 0 0.672235 0.672235 0.657473 0 
1 1 0 2.02269 1 0 0.666329 0.666329 0.653101 0 
1 1 0 2.03084 1 0 0.660529 0.660529 0.648822 0 
1 1 0 2.03906 1 0 0.654834 0.654834 0.644633 0 
1 1 0 2.04735 1 0 0.649241 0.649241 0.640534 0 
1 1 0 2.05571 1 0 0.64375 0.64375 0.636522 0 
1 1 0 2.06413 1 0 0.638357 0.638357 0.632596 0 
1 1 0 2.07261 1 0 0.63306 0.63306 0.628754 0 
1 1 0 2.08115 1 0 0.627859 0.627859 0.624994 0 
1 1 0 2.08975 1 0 0.622749 0.622749 0.621315 0 
1 1 0 2.0984 1 0 0.61773 0.61773 0.617714 0 
1 1 0 2.1071 1 0 0.6128 0.6128 0.61419 0 
1 1 0 2.11585 1 0 0.607956 0.607956 0.610741 0 
1 1 0 2.12465 1 0 0.603197 0.603197 0.607365 0 
1 1 0 2.13349 1 0 0.59852 0.59852 0.604061 0 
1 1 0 2.14237 1 0 0.593924 0.593924 0.600826 0 
1 1 0 2.15129 1 0 0.589406 0.589406 0.59766 0 
1 1 0 2.16025 1 0 0.584966 0.584966 0.594559 0 
1 1 0 2.16925 1 0 0.5806 0.5806 0.591524 0 
1 1 0 2.17828 1 0 0.576308 0.576308 0.588551 0 
1 1 0 2.18734 1 0 0.572087 0.572087 0.58564 0 
1 1 0 2.19644 1 0 0.567936 0.567936 0.582789 0 
1 1 0 2.20557 1 0 0.563853 0.563853 0.579996 0 
1 1 0 2.21473 1 0 0.559837 0.559837 0.577259 0 
1 1 0 2.22392 1 0 0.555886 0.555886 0.574579 0 
1 1 0 2.23313 1 0 0.551998 0.551998 0.571952 0 
1 1 0 2.24237 1 0 0.548172 0.548172 0.569377 0 
1 1 0 2.25163 1 0 0.544406 0.544406 0.566854 0 
1 1 0 2.26092 1 0 0.540699 0.540699 0.564381 0 
1 1 0 2.27023 1 0 0.53705 0.53705 0.561957 0 
1 1 0 2.27956 1 0 0.533457 0.533457 0.55958 0 
1 1 0 2.28892 1 0 0.529919 0.529919 0.557249 0 
1 1 0 2.29829 1 0 0.526435 0.526435 0.554963 0 
1 1 0 2.30768 1 0 0.523003 0.523003 0.552721 0 
1 1 0 2.3171 1 0 0.519623 0.519623 0.550522 0 
1 1 0 2.32652 1 0 0.516292 0.516292 0.548365 0 
1 1 0 2.33597 1 0 0.51301 0.51301 0.546248 0 
1 1 0 2.34543 1 0 0.509776 0.509776 0.54417 0 
1 1 0 2.35491 1 0 0.506589 0.506589 0.542132 0 
1 1 0 2.36441 1 0 0.503448 0.503448 0.540131 0 
1 1 0 2.37391 1 0 0.500351 0.500351 0.538166 0 
1 1 0 2.38344 1 0 0.497297 0.497297 0.536238 0 
1 1 0 2.39297 1 0 0.494286 0.494286 0.534344 0 
1 1 0 2.40252 1 0 0.491317 0.491317 0.532485 0 
1 1 0 2.41208 1 0 0.488389 0.488389 0.530658 0 
1 1 0 2.42166 1 0 0.485501 0.485501 0.528865 0 
1 1 0 2.43124 1 0 0.482652 0.482652 0.527102 0 
1 1 0 2.44084 1 0 0.479841 0.479841 0.525371 0 
1 1 0 2.45045 1 0 0.477067 0.477067 0.52367 0 
1 1 0 2.46007 1 0 0.47433 0.47433 0.521998 0 
1 1 0 2.46969 1 0 0.471629 0.471629 0.520355 0 
1 1 0 2.47933 1 0 0.468963 0.468963 0.51874 0 
1 1 0 2.48898 1 0 0.466332 0.466332 0.517153 0 
1 1 0 2.49864 1 0 0.463734 0.463734 0.515592 0 
1 1 0 2.5083 1 0 0.461169 0.461169 0.514058 0 
1 1 0 2.51798 1 0 0.458637 0.458637 0.512549 0 
1 1 0 2.52766 1 0 0.456136 0.456136 0.511065 0 
1 1 0 2.53735 1 0 0.453666 0.453666 0.509605 0 
1 1 0 2.54705 1 0 0.451227 0.451227 0.508169 0 
1 1 0 2.55675 1 0 0.448817 0.448817 0.506757 0 
1 1 0 2.56647 1 0 0.446437 0.446437 0.505367 0 
1 1 0 2.57619 1 0 0.444085 0.444085 0.504 0 
1 1 0 2.58591 1 0 0.441761 0.441761 0.502654 0 
1 1 0 2.59564 1 0 0.439465 0.439465 0.50133 0 
1 1 0 2.60538 1 0 0.437196 0.437196 0.500027 0 
1 1 0 2.61513 1 0 0.434954 0.434954 0.498744 0 
1 1 0 2.62488 1 0 0.432738 0.432738 0.49748 0 
1 1 0 2.63464 1 0 0.430547 0.430547 0.496237 0 
1 1 0 2.6444 1 0 0.428381 0.428381 0.495012 0 
1 1 0 2.65417 1 0 0.42624 0.42624 0.493807 0 
1 1 0 2.66394 1 0 0.424123 0.424123 0.492619 0 
1 1 0 2.67372 1 0 0.42203 0.42203 0.491449 0 
1 1 0 2.6835 1 0 0.41996 0.41996 0.490297 0 
1 1 0 2.69329 1 0 0.417913 0.417913 0.489162 0 
1 1 0 2.70308 1 0 0.415888 0.415888 0.488044 0 
1 1 0 2.71288 1 0 0.413886 0.413886 0.486943 0 
1 1 0 2.72268 1 0 0.411905 0.411905 0.485857 0 
1 1 0 2.73249 1 0 0.409945 0.409945 0.484788 0 
1 1 0 2.7423 1 0 0.408007 0.408007 0.483733 0 
1 1 0 2.75211 1 0 0.406089 0.406089 0.482694 0 
1 1 0 2.76193 1 0 0.404191 0.404191 0.48167 0 
1 1 0 2.77176 1 0 0.402313 0.402313 0.480661 0 
1 1 0 2.78158 1 0 0.400454 0.400454 0.479666 0 
1 1 0 2.79141 1 0 0.398615 0.398615 0.478684 0 
1 1 0 2.80124 1 0 0.396795 0.396795 0.477717 0 
1 1 0 2.81108 1 0 0.394993 0.394993 0.476763 0 
1 1 0 2.82092 1 0 0.39321 0.39321 0.475822 0 
1 1 0 2.83076 1 0 0.391444 0.391444 0.474894 0 
1 1 0 2.84061 1 0 0.389697 0.389697 0.473979 0 
1 1 0 2.85046 1 0 0.387966 0.387966 0.473076 0 
1 1 0 2.86031 1 0 0.386253 0.386253 0.472186 0 
1 1 0 2.87016 1 0 0.384557 0.384557 0.471307 0 
1 1 0 2.88002 1 0 0.382877 0.382877 0.47044 0 
1 1 0 2.88988 1 0 0.381213 0.381213 0.469585 0 
1 1 0 2.89975 1 0 0.379566 0.379566 0.468741 0 
1 1 0 2.90961 1 0 0.377934 0.377934 0.467909 0 
1 1 0 2.91948 1 0 0.376318 0.376318 0.467087 0 
1 1 0 2.92935 1 0 0.374718 0.374718 0.466276 0 
1 1 0 2.93923 1 0 0.373132 0.373132 0.465475 0 
1 1 0 2.9491 1 0 0.371561 0.371561 0.464685 0 
1 1 0 2.95898 1 0 0.370005 0.370005 0.463905 0 
1 1 0 2.96886 1 0 0.368463 0.368463 0.463135 0 
1 1 0 2.97874 1 0 0.366936 0.366936 0.462375 0 
1 1 0 2.98863 1 0 0.365422 0.365422 0.461624 0 
1 1 0 2.99852 1 0 0.363923 0.363923 0.460883 0 
1 1 0 3.0084 1 0 0.362437 0.362437 0.460151 0 
