2 	 1 	0.000000 	0.000100 	1.000000 	0.000000 	0.000100 	0.000000 	0.000100 	0.000000 	0.000000 	0.000000 	0.000000 	0.000000 	
2 	 1 	0.000000 	0.106667 	1.000000 	0.000000 	0.106667 	0.000000 	0.106667 	0.000000 	0.367879 	0.000000 	1.000000 	0.000000 	
2 	 1 	0.000000 	0.107374 	1.000000 	0.000000 	0.107374 	0.000000 	0.107374 	0.000000 	0.367879 	0.000000 	1.000790 	0.000000 	
2 	 1 	0.000000 	0.108081 	1.000000 	0.000000 	0.108081 	0.000000 	0.108081 	0.000000 	0.367879 	0.000000 	1.001580 	0.000000 	
2 	 1 	0.000000 	0.108788 	1.000000 	0.000000 	0.108788 	0.000000 	0.108788 	0.000000 	0.367879 	0.000000 	1.002370 	0.000000 	
2 	 1 	0.000000 	0.109495 	1.000000 	0.000000 	0.109495 	0.000000 	0.109495 	0.000000 	0.367879 	0.000000 	1.003150 	0.000000 	
2 	 1 	0.000000 	0.110202 	1.000000 	0.000000 	0.110202 	0.000000 	0.110202 	0.000000 	0.367879 	0.000000 	1.003930 	0.000000 	
2 	 1 	0.000000 	0.110909 	1.000000 	0.000000 	0.110909 	0.000000 	0.110909 	0.000000 	0.367879 	0.000000 	1.004710 	0.000000 	
2 	 1 	0.000000 	0.111617 	1.000000 	0.000000 	0.111617 	0.000000 	0.111617 	0.000000 	0.367879 	0.000000 	1.005480 	0.000000 	
2 	 1 	0.000000 	0.112324 	1.000000 	0.000000 	0.112324 	0.000000 	0.112324 	0.000000 	0.367879 	0.000000 	1.006250 	0.000000 	
2 	 1 	0.000000 	0.113031 	1.000000 	0.000000 	0.113031 	0.000000 	0.113031 	0.000000 	0.367879 	0.000000 	1.007020 	0.000000 	
2 	 1 	0.000000 	0.113738 	1.000000 	0.000000 	0.113738 	0.000000 	0.113738 	0.000000 	0.367879 	0.000000 	1.007780 	0.000000 	
2 	 1 	0.000000 	0.114445 	1.000000 	0.000000 	0.114445 	0.000000 	0.114445 	0.000000 	0.367879 	0.000000 	1.008540 	0.000000 	
2 	 1 	0.000000 	0.115152 	1.000000 	0.000000 	0.115152 	0.000000 	0.115152 	0.000000 	0.367879 	0.000000 	1.009290 	0.000000 	
2 	 1 	0.000000 	0.115859 	1.000000 	0.000000 	0.115859 	0.000000 	0.115859 	0.000000 	0.367879 	0.000000 	1.010050 	0.000000 	
2 	 1 	0.000000 	0.116566 	1.000000 	0.000000 	0.116566 	0.000000 	0.116566 	0.000000 	0.367879 	0.000000 	1.010800 	0.000000 	
2 	 1 	0.000000 	0.117273 	1.000000 	0.000000 	0.117273 	0.000000 	0.117273 	0.000000 	0.367879 	0.000000 	1.011540 	0.000000 	
2 	 1 	0.000000 	0.117981 	1.000000 	0.000000 	0.117981 	0.000000 	0.117981 	0.000000 	0.367879 	0.000000 	1.012280 	0.000000 	
2 	 1 	0.000000 	0.118688 	1.000000 	0.000000 	0.118688 	0.000000 	0.118688 	0.000000 	0.367879 	0.000000 	1.013020 	0.000000 	
2 	 1 	0.000000 	0.119395 	1.000000 	0.000000 	0.119395 	0.000000 	0.119395 	0.000000 	0.367879 	0.000000 	1.013760 	0.000000 	
2 	 1 	0.000000 	0.120102 	1.000000 	0.000000 	0.120102 	0.000000 	0.120102 	0.000000 	0.367879 	0.000000 	1.014490 	0.000000 	
2 	 1 	0.000000 	0.120809 	1.000000 	0.000000 	0.120809 	0.000000 	0.120809 	0.000000 	0.367879 	0.000000 	1.015220 	0.000000 	
2 	 1 	0.000000 	0.121516 	1.000000 	0.000000 	0.121516 	0.000000 	0.121516 	0.000000 	0.367879 	0.000000 	1.015950 	0.000000 	
2 	 1 	0.000000 	0.122223 	1.000000 	0.000000 	0.122223 	0.000000 	0.122223 	0.000000 	0.367879 	0.000000 	1.016670 	0.000000 	
2 	 1 	0.000000 	0.122930 	1.000000 	0.000000 	0.122930 	0.000000 	0.122930 	0.000000 	0.367879 	0.000000 	1.017390 	0.000000 	
2 	 1 	0.000000 	0.123637 	1.000000 	0.000000 	0.123637 	0.000000 	0.123637 	0.000000 	0.367879 	0.000000 	1.018110 	0.000000 	
2 	 1 	0.000000 	0.124345 	1.000000 	0.000000 	0.124345 	0.000000 	0.124345 	0.000000 	0.367879 	0.000000 	1.018830 	0.000000 	
2 	 1 	0.000000 	0.125052 	1.000000 	0.000000 	0.125052 	0.000000 	0.125052 	0.000000 	0.367879 	0.000000 	1.019540 	0.000000 	
2 	 1 	0.000000 	0.125759 	1.000000 	0.000000 	0.125759 	0.000000 	0.125759 	0.000000 	0.367879 	0.000000 	1.020250 	0.000000 	
2 	 1 	0.000000 	0.126466 	1.000000 	0.000000 	0.126466 	0.000000 	0.126466 	0.000000 	0.367879 	0.000000 	1.020950 	0.000000 	
2 	 1 	0.000000 	0.127173 	1.000000 	0.000000 	0.127173 	0.000000 	0.127173 	0.000000 	0.367879 	0.000000 	1.021650 	0.000000 	
2 	 1 	0.000000 	0.127880 	1.000000 	0.000000 	0.127880 	0.000000 	0.127880 	0.000000 	0.367879 	0.000000 	1.022350 	0.000000 	
2 	 1 	0.000000 	0.128587 	1.000000 	0.000000 	0.128587 	0.000000 	0.128587 	0.000000 	0.367879 	0.000000 	1.023050 	0.000000 	
2 	 1 	0.000000 	0.129294 	1.000000 	0.000000 	0.129294 	0.000000 	0.129294 	0.000000 	0.367879 	0.000000 	1.023740 	0.000000 	
2 	 1 	0.000000 	0.130001 	1.000000 	0.000000 	0.130001 	0.000000 	0.130001 	0.000000 	0.367879 	0.000000 	1.024430 	0.000000 	
2 	 1 	0.000000 	0.130708 	1.000000 	0.000000 	0.130708 	0.000000 	0.130708 	0.000000 	0.367879 	0.000000 	1.025120 	0.000000 	
2 	 1 	0.000000 	0.131416 	1.000000 	0.000000 	0.131416 	0.000000 	0.131416 	0.000000 	0.367879 	0.000000 	1.025810 	0.000000 	
2 	 1 	0.000000 	0.132123 	1.000000 	0.000000 	0.132123 	0.000000 	0.132123 	0.000000 	0.367879 	0.000000 	1.026490 	0.000000 	
2 	 1 	0.000000 	0.132830 	1.000000 	0.000000 	0.132830 	0.000000 	0.132830 	0.000000 	0.367879 	0.000000 	1.027170 	0.000000 	
2 	 1 	0.000000 	0.133537 	1.000000 	0.000000 	0.133537 	0.000000 	0.133537 	0.000000 	0.367879 	0.000000 	1.027840 	0.000000 	
2 	 1 	0.000000 	0.134244 	1.000000 	0.000000 	0.134244 	0.000000 	0.134244 	0.000000 	0.367879 	0.000000 	1.028520 	0.000000 	
2 	 1 	0.000000 	0.134951 	1.000000 	0.000000 	0.134951 	0.000000 	0.134951 	0.000000 	0.367879 	0.000000 	1.029190 	0.000000 	
2 	 1 	0.000000 	0.135658 	1.000000 	0.000000 	0.135658 	0.000000 	0.135658 	0.000000 	0.367879 	0.000000 	1.029850 	0.000000 	
2 	 1 	0.000000 	0.136365 	1.000000 	0.000000 	0.136365 	0.000000 	0.136365 	0.000000 	0.367879 	0.000000 	1.030520 	0.000000 	
2 	 1 	0.000000 	0.137072 	1.000000 	0.000000 	0.137072 	0.000000 	0.137072 	0.000000 	0.367879 	0.000000 	1.031180 	0.000000 	
2 	 1 	0.000000 	0.137780 	1.000000 	0.000000 	0.137780 	0.000000 	0.137780 	0.000000 	0.367879 	0.000000 	1.031840 	0.000000 	
2 	 1 	0.000000 	0.138487 	1.000000 	0.000000 	0.138487 	0.000000 	0.138487 	0.000000 	0.367879 	0.000000 	1.032500 	0.000000 	
2 	 1 	0.000000 	0.139194 	1.000000 	0.000000 	0.139194 	0.000000 	0.139194 	0.000000 	0.367879 	0.000000 	1.033150 	0.000000 	
2 	 1 	0.000000 	0.139901 	1.000000 	0.000000 	0.139901 	0.000000 	0.139901 	0.000000 	0.367879 	0.000000 	1.033800 	0.000000 	
2 	 1 	0.000000 	0.140608 	1.000000 	0.000000 	0.140608 	0.000000 	0.140608 	0.000000 	0.367879 	0.000000 	1.034450 	0.000000 	
2 	 1 	0.000000 	0.141315 	1.000000 	0.000000 	0.141315 	0.000000 	0.141315 	0.000000 	0.367879 	0.000000 	1.035100 	0.000000 	
2 	 1 	0.000000 	0.142022 	1.000000 	0.000000 	0.142022 	0.000000 	0.142022 	0.000000 	0.367879 	0.000000 	1.035740 	0.000000 	
2 	 1 	0.000000 	0.142729 	1.000000 	0.000000 	0.142729 	0.000000 	0.142729 	0.000000 	0.367879 	0.000000 	1.036380 	0.000000 	
2 	 1 	0.000000 	0.143436 	1.000000 	0.000000 	0.143436 	0.000000 	0.143436 	0.000000 	0.367879 	0.000000 	1.037020 	0.000000 	
2 	 1 	0.000000 	0.144144 	1.000000 	0.000000 	0.144144 	0.000000 	0.144144 	0.000000 	0.367879 	0.000000 	1.037660 	0.000000 	
2 	 1 	0.000000 	0.144851 	1.000000 	0.000000 	0.144851 	0.000000 	0.144851 	0.000000 	0.367879 	0.000000 	1.038290 	0.000000 	
2 	 1 	0.000000 	0.145558 	1.000000 	0.000000 	0.145558 	0.000000 	0.145558 	0.000000 	0.367879 	0.000000 	1.038920 	0.000000 	
2 	 1 	0.000000 	0.146265 	1.000000 	0.000000 	0.146265 	0.000000 	0.146265 	0.000000 	0.367879 	0.000000 	1.039550 	0.000000 	
2 	 1 	0.000000 	0.146972 	1.000000 	0.000000 	0.146972 	0.000000 	0.146972 	0.000000 	0.367879 	0.000000 	1.040180 	0.000000 	
2 	 1 	0.000000 	0.147679 	1.000000 	0.000000 	0.147679 	0.000000 	0.147679 	0.000000 	0.367879 	0.000000 	1.040800 	0.000000 	
2 	 1 	0.000000 	0.148386 	1.000000 	0.000000 	0.148386 	0.000000 	0.148386 	0.000000 	0.367879 	0.000000 	1.041420 	0.000000 	
2 	 1 	0.000000 	0.149093 	1.000000 	0.000000 	0.149093 	0.000000 	0.149093 	0.000000 	0.367879 	0.000000 	1.042040 	0.000000 	
2 	 1 	0.000000 	0.149800 	1.000000 	0.000000 	0.149800 	0.000000 	0.149800 	0.000000 	0.367879 	0.000000 	1.042650 	0.000000 	
2 	 1 	0.000000 	0.150507 	1.000000 	0.000000 	0.150507 	0.000000 	0.150507 	0.000000 	0.367879 	0.000000 	1.043270 	0.000000 	
2 	 1 	0.000000 	0.151215 	1.000000 	0.000000 	0.151215 	0.000000 	0.151215 	0.000000 	0.367879 	0.000000 	1.043880 	0.000000 	
2 	 1 	0.000000 	0.151922 	1.000000 	0.000000 	0.151922 	0.000000 	0.151922 	0.000000 	0.367879 	0.000000 	1.044490 	0.000000 	
2 	 1 	0.000000 	0.152629 	1.000000 	0.000000 	0.152629 	0.000000 	0.152629 	0.000000 	0.367879 	0.000000 	1.045090 	0.000000 	
2 	 1 	0.000000 	0.153336 	1.000000 	0.000000 	0.153336 	0.000000 	0.153336 	0.000000 	0.367879 	0.000000 	1.045700 	0.000000 	
2 	 1 	0.000000 	0.154043 	1.000000 	0.000000 	0.154043 	0.000000 	0.154043 	0.000000 	0.367879 	0.000000 	1.046300 	0.000000 	
2 	 1 	0.000000 	0.154750 	1.000000 	0.000000 	0.154750 	0.000000 	0.154750 	0.000000 	0.367879 	0.000000 	1.046900 	0.000000 	
2 	 1 	0.000000 	0.155457 	1.000000 	0.000000 	0.155457 	0.000000 	0.155457 	0.000000 	0.367879 	0.000000 	1.047490 	0.000000 	
2 	 1 	0.000000 	0.156164 	1.000000 	0.000000 	0.156164 	0.000000 	0.156164 	0.000000 	0.367879 	0.000000 	1.048090 	0.000000 	
2 	 1 	0.000000 	0.156871 	1.000000 	0.000000 	0.156871 	0.000000 	0.156871 	0.000000 	0.367879 	0.000000 	1.048680 	0.000000 	
2 	 1 	0.000000 	0.157579 	1.000000 	0.000000 	0.157579 	0.000000 	0.157579 	0.000000 	0.367879 	0.000000 	1.049270 	0.000000 	
2 	 1 	0.000000 	0.158286 	1.000000 	0.000000 	0.158286 	0.000000 	0.158286 	0.000000 	0.367879 	0.000000 	1.049860 	0.000000 	
2 	 1 	0.000000 	0.158993 	1.000000 	0.000000 	0.158993 	0.000000 	0.158993 	0.000000 	0.367879 	0.000000 	1.050440 	0.000000 	
2 	 1 	0.000000 	0.159700 	1.000000 	0.000000 	0.159700 	0.000000 	0.159700 	0.000000 	0.367879 	0.000000 	1.051020 	0.000000 	
2 	 1 	0.000000 	0.160407 	1.000000 	0.000000 	0.160407 	0.000000 	0.160407 	0.000000 	0.367879 	0.000000 	1.051600 	0.000000 	
2 	 1 	0.000000 	0.161114 	1.000000 	0.000000 	0.161114 	0.000000 	0.161114 	0.000000 	0.367879 	0.000000 	1.052180 	0.000000 	
2 	 1 	0.000000 	0.161821 	1.000000 	0.000000 	0.161821 	0.000000 	0.161821 	0.000000 	0.367879 	0.000000 	1.052760 	0.000000 	
2 	 1 	0.000000 	0.162528 	1.000000 	0.000000 	0.162528 	0.000000 	0.162528 	0.000000 	0.367879 	0.000000 	1.053330 	0.000000 	
2 	 1 	0.000000 	0.163235 	1.000000 	0.000000 	0.163235 	0.000000 	0.163235 	0.000000 	0.367879 	0.000000 	1.053910 	0.000000 	
2 	 1 	0.000000 	0.163943 	1.000000 	0.000000 	0.163943 	0.000000 	0.163943 	0.000000 	0.367879 	0.000000 	1.054470 	0.000000 	
2 	 1 	0.000000 	0.164650 	1.000000 	0.000000 	0.164650 	0.000000 	0.164650 	0.000000 	0.367879 	0.000000 	1.055040 	0.000000 	
2 	 1 	0.000000 	0.165357 	1.000000 	0.000000 	0.165357 	0.000000 	0.165357 	0.000000 	0.367879 	0.000000 	1.055610 	0.000000 	
2 	 1 	0.000000 	0.166064 	1.000000 	0.000000 	0.166064 	0.000000 	0.166064 	0.000000 	0.367879 	0.000000 	1.056170 	0.000000 	
2 	 1 	0.000000 	0.166771 	1.000000 	0.000000 	0.166771 	0.000000 	0.166771 	0.000000 	0.367879 	0.000000 	1.056730 	0.000000 	
2 	 1 	0.000000 	0.167478 	1.000000 	0.000000 	0.167478 	0.000000 	0.167478 	0.000000 	0.367879 	0.000000 	1.057290 	0.000000 	
2 	 1 	0.000000 	0.168185 	1.000000 	0.000000 	0.168185 	0.000000 	0.168185 	0.000000 	0.367879 	0.000000 	1.057850 	0.000000 	
2 	 1 	0.000000 	0.168892 	1.000000 	0.000000 	0.168892 	0.000000 	0.168892 	0.000000 	0.367879 	0.000000 	1.058400 	0.000000 	
2 	 1 	0.000000 	0.169599 	1.000000 	0.000000 	0.169599 	0.000000 	0.169599 	0.000000 	0.367879 	0.000000 	1.058950 	0.000000 	
2 	 1 	0.000000 	0.170306 	1.000000 	0.000000 	0.170306 	0.000000 	0.170306 	0.000000 	0.367879 	0.000000 	1.059500 	0.000000 	
2 	 1 	0.000000 	0.171014 	1.000000 	0.000000 	0.171014 	0.000000 	0.171014 	0.000000 	0.367879 	0.000000 	1.060050 	0.000000 	
2 	 1 	0.000000 	0.171721 	1.000000 	0.000000 	0.171721 	0.000000 	0.171721 	0.000000 	0.367879 	0.000000 	1.060600 	0.000000 	
2 	 1 	0.000000 	0.172428 	1.000000 	0.000000 	0.172428 	0.000000 	0.172428 	0.000000 	0.367879 	0.000000 	1.061140 	0.000000 	
2 	 1 	0.000000 	0.173135 	1.000000 	0.000000 	0.173135 	0.000000 	0.173135 	0.000000 	0.367879 	0.000000 	1.061680 	0.000000 	
2 	 1 	0.000000 	0.173842 	1.000000 	0.000000 	0.173842 	0.000000 	0.173842 	0.000000 	0.367879 	0.000000 	1.062220 	0.000000 	
2 	 1 	0.000000 	0.174549 	1.000000 	0.000000 	0.174549 	0.000000 	0.174549 	0.000000 	0.367879 	0.000000 	1.062760 	0.000000 	
2 	 1 	0.000000 	0.175256 	1.000000 	0.000000 	0.175256 	0.000000 	0.175256 	0.000000 	0.367879 	0.000000 	1.063300 	0.000000 	
2 	 1 	0.000000 	0.175963 	1.000000 	0.000000 	0.175963 	0.000000 	0.175963 	0.000000 	0.367879 	0.000000 	1.063830 	0.000000 	
2 	 1 	0.000000 	0.176670 	1.000000 	0.000000 	0.176670 	0.000000 	0.176670 	0.000000 	0.367879 	0.000000 	1.064370 	0.000000 	
2 	 1 	0.000000 	0.177378 	1.000000 	0.000000 	0.177378 	0.000000 	0.177378 	0.000000 	0.367879 	0.000000 	1.064900 	0.000000 	
2 	 1 	0.000000 	0.178085 	1.000000 	0.000000 	0.178085 	0.000000 	0.178085 	0.000000 	0.367879 	0.000000 	1.065420 	0.000000 	
2 	 1 	0.000000 	0.178792 	1.000000 	0.000000 	0.178792 	0.000000 	0.178792 	0.000000 	0.367879 	0.000000 	1.065950 	0.000000 	
2 	 1 	0.000000 	0.179499 	1.000000 	0.000000 	0.179499 	0.000000 	0.179499 	0.000000 	0.367879 	0.000000 	1.066470 	0.000000 	
2 	 1 	0.000000 	0.180206 	1.000000 	0.000000 	0.180206 	0.000000 	0.180206 	0.000000 	0.367879 	0.000000 	1.067000 	0.000000 	
2 	 1 	0.000000 	0.180913 	1.000000 	0.000000 	0.180913 	0.000000 	0.180913 	0.000000 	0.367879 	0.000000 	1.067520 	0.000000 	
2 	 1 	0.000000 	0.181620 	1.000000 	0.000000 	0.181620 	0.000000 	0.181620 	0.000000 	0.367879 	0.000000 	1.068040 	0.000000 	
2 	 1 	0.000000 	0.182327 	1.000000 	0.000000 	0.182327 	0.000000 	0.182327 	0.000000 	0.367879 	0.000000 	1.068550 	0.000000 	
2 	 1 	0.000000 	0.183034 	1.000000 	0.000000 	0.183034 	0.000000 	0.183034 	0.000000 	0.367879 	0.000000 	1.069070 	0.000000 	
2 	 1 	0.000000 	0.183741 	1.000000 	0.000000 	0.183741 	0.000000 	0.183741 	0.000000 	0.367879 	0.000000 	1.069580 	0.000000 	
2 	 1 	0.000000 	0.184449 	1.000000 	0.000000 	0.184449 	0.000000 	0.184449 	0.000000 	0.367879 	0.000000 	1.070090 	0.000000 	
2 	 1 	0.000000 	0.185156 	1.000000 	0.000000 	0.185156 	0.000000 	0.185156 	0.000000 	0.367879 	0.000000 	1.070600 	0.000000 	
2 	 1 	0.000000 	0.185863 	1.000000 	0.000000 	0.185863 	0.000000 	0.185863 	0.000000 	0.367879 	0.000000 	1.071110 	0.000000 	
2 	 1 	0.000000 	0.186570 	1.000000 	0.000000 	0.186570 	0.000000 	0.186570 	0.000000 	0.367879 	0.000000 	1.071610 	0.000000 	
2 	 1 	0.000000 	0.187277 	1.000000 	0.000000 	0.187277 	0.000000 	0.187277 	0.000000 	0.367879 	0.000000 	1.072120 	0.000000 	
2 	 1 	0.000000 	0.187984 	1.000000 	0.000000 	0.187984 	0.000000 	0.187984 	0.000000 	0.367879 	0.000000 	1.072620 	0.000000 	
2 	 1 	0.000000 	0.188691 	1.000000 	0.000000 	0.188691 	0.000000 	0.188691 	0.000000 	0.367879 	0.000000 	1.073120 	0.000000 	
2 	 1 	0.000000 	0.189398 	1.000000 	0.000000 	0.189398 	0.000000 	0.189398 	0.000000 	0.367879 	0.000000 	1.073620 	0.000000 	
2 	 1 	0.000000 	0.190105 	1.000000 	0.000000 	0.190105 	0.000000 	0.190105 	0.000000 	0.367879 	0.000000 	1.074120 	0.000000 	
2 	 1 	0.000000 	0.190813 	1.000000 	0.000000 	0.190813 	0.000000 	0.190813 	0.000000 	0.367879 	0.000000 	1.074610 	0.000000 	
2 	 1 	0.000000 	0.191520 	1.000000 	0.000000 	0.191520 	0.000000 	0.191520 	0.000000 	0.367879 	0.000000 	1.075100 	0.000000 	
2 	 1 	0.000000 	0.192227 	1.000000 	0.000000 	0.192227 	0.000000 	0.192227 	0.000000 	0.367879 	0.000000 	1.075590 	0.000000 	
2 	 1 	0.000000 	0.192934 	1.000000 	0.000000 	0.192934 	0.000000 	0.192934 	0.000000 	0.367879 	0.000000 	1.076080 	0.000000 	
2 	 1 	0.000000 	0.193641 	1.000000 	0.000000 	0.193641 	0.000000 	0.193641 	0.000000 	0.367879 	0.000000 	1.076570 	0.000000 	
2 	 1 	0.000000 	0.194348 	1.000000 	0.000000 	0.194348 	0.000000 	0.194348 	0.000000 	0.367879 	0.000000 	1.077060 	0.000000 	
2 	 1 	0.000000 	0.195055 	1.000000 	0.000000 	0.195055 	0.000000 	0.195055 	0.000000 	0.367879 	0.000000 	1.077540 	0.000000 	
2 	 1 	0.000000 	0.195762 	1.000000 	0.000000 	0.195762 	0.000000 	0.195762 	0.000000 	0.367879 	0.000000 	1.078030 	0.000000 	
2 	 1 	0.000000 	0.196469 	1.000000 	0.000000 	0.196469 	0.000000 	0.196469 	0.000000 	0.367879 	0.000000 	1.078510 	0.000000 	
2 	 1 	0.000000 	0.197177 	1.000000 	0.000000 	0.197177 	0.000000 	0.197177 	0.000000 	0.367879 	0.000000 	1.078990 	0.000000 	
2 	 1 	0.000000 	0.197884 	1.000000 	0.000000 	0.197884 	0.000000 	0.197884 	0.000000 	0.367879 	0.000000 	1.079460 	0.000000 	
2 	 1 	0.000000 	0.198591 	1.000000 	0.000000 	0.198591 	0.000000 	0.198591 	0.000000 	0.367879 	0.000000 	1.079940 	0.000000 	
2 	 1 	0.000000 	0.199298 	1.000000 	0.000000 	0.199298 	0.000000 	0.199298 	0.000000 	0.367879 	0.000000 	1.080410 	0.000000 	
2 	 1 	0.000000 	0.200005 	1.000000 	0.000000 	0.200005 	0.000000 	0.200005 	0.000000 	0.367879 	0.000000 	1.080890 	0.000000 	
2 	 1 	0.000000 	0.200712 	1.000000 	0.000000 	0.200712 	0.000000 	0.200712 	0.000000 	0.367879 	0.000000 	1.081360 	0.000000 	
2 	 1 	0.000000 	0.201419 	1.000000 	0.000000 	0.201419 	0.000000 	0.201419 	0.000000 	0.367879 	0.000000 	1.081830 	0.000000 	
2 	 1 	0.000000 	0.202126 	1.000000 	0.000000 	0.202126 	0.000000 	0.202126 	0.000000 	0.367879 	0.000000 	1.082290 	0.000000 	
2 	 1 	0.000000 	0.202833 	1.000000 	0.000000 	0.202833 	0.000000 	0.202833 	0.000000 	0.367879 	0.000000 	1.082760 	0.000000 	
2 	 1 	0.000000 	0.203540 	1.000000 	0.000000 	0.203540 	0.000000 	0.203540 	0.000000 	0.367879 	0.000000 	1.083220 	0.000000 	
2 	 1 	0.000000 	0.204248 	1.000000 	0.000000 	0.204248 	0.000000 	0.204248 	0.000000 	0.367879 	0.000000 	1.083690 	0.000000 	
2 	 1 	0.000000 	0.204955 	1.000000 	0.000000 	0.204955 	0.000000 	0.204955 	0.000000 	0.367879 	0.000000 	1.084150 	0.000000 	
2 	 1 	0.000000 	0.205662 	1.000000 	0.000000 	0.205662 	0.000000 	0.205662 	0.000000 	0.367879 	0.000000 	1.084610 	0.000000 	
2 	 1 	0.000000 	0.206369 	1.000000 	0.000000 	0.206369 	0.000000 	0.206369 	0.000000 	0.367879 	0.000000 	1.085070 	0.000000 	
2 	 1 	0.000000 	0.207076 	1.000000 	0.000000 	0.207076 	0.000000 	0.207076 	0.000000 	0.367879 	0.000000 	1.085520 	0.000000 	
2 	 1 	0.000000 	0.207783 	1.000000 	0.000000 	0.207783 	0.000000 	0.207783 	0.000000 	0.367879 	0.000000 	1.085980 	0.000000 	
2 	 1 	0.000000 	0.208490 	1.000000 	0.000000 	0.208490 	0.000000 	0.208490 	0.000000 	0.367879 	0.000000 	1.086430 	0.000000 	
2 	 1 	0.000000 	0.209197 	1.000000 	0.000000 	0.209197 	0.000000 	0.209197 	0.000000 	0.367879 	0.000000 	1.086880 	0.000000 	
2 	 1 	0.000000 	0.209904 	1.000000 	0.000000 	0.209904 	0.000000 	0.209904 	0.000000 	0.367879 	0.000000 	1.087330 	0.000000 	
2 	 1 	0.000000 	0.210612 	1.000000 	0.000000 	0.210612 	0.000000 	0.210612 	0.000000 	0.367879 	0.000000 	1.087780 	0.000000 	
2 	 1 	0.000000 	0.211319 	1.000000 	0.000000 	0.211319 	0.000000 	0.211319 	0.000000 	0.367879 	0.000000 	1.088230 	0.000000 	
2 	 1 	0.000000 	0.212026 	1.000000 	0.000000 	0.212026 	0.000000 	0.212026 	0.000000 	0.367879 	0.000000 	1.088670 	0.000000 	
2 	 1 	0.000000 	0.212733 	1.000000 	0.000000 	0.212733 	0.000000 	0.212733 	0.000000 	0.367879 	0.000000 	1.089120 	0.000000 	
2 	 1 	0.000000 	0.213440 	1.000000 	0.000000 	0.213440 	0.000000 	0.213440 	0.000000 	0.367879 	0.000000 	1.089560 	0.000000 	
2 	 1 	0.000000 	0.214147 	1.000000 	0.000000 	0.214147 	0.000000 	0.214147 	0.000000 	0.367879 	0.000000 	1.090000 	0.000000 	
2 	 1 	0.000000 	0.214854 	1.000000 	0.000000 	0.214854 	0.000000 	0.214854 	0.000000 	0.367879 	0.000000 	1.090440 	0.000000 	
2 	 1 	0.000000 	0.215561 	1.000000 	0.000000 	0.215561 	0.000000 	0.215561 	0.000000 	0.367879 	0.000000 	1.090880 	0.000000 	
2 	 1 	0.000000 	0.216268 	1.000000 	0.000000 	0.216268 	0.000000 	0.216268 	0.000000 	0.367879 	0.000000 	1.091320 	0.000000 	
2 	 1 	0.000000 	0.216976 	1.000000 	0.000000 	0.216976 	0.000000 	0.216976 	0.000000 	0.367879 	0.000000 	1.091750 	0.000000 	
2 	 1 	0.000000 	0.217683 	1.000000 	0.000000 	0.217683 	0.000000 	0.217683 	0.000000 	0.367879 	0.000000 	1.092190 	0.000000 	
2 	 1 	0.000000 	0.218390 	1.000000 	0.000000 	0.218390 	0.000000 	0.218390 	0.000000 	0.367879 	0.000000 	1.092620 	0.000000 	
2 	 1 	0.000000 	0.219097 	1.000000 	0.000000 	0.219097 	0.000000 	0.219097 	0.000000 	0.367879 	0.000000 	1.093050 	0.000000 	
2 	 1 	0.000000 	0.219804 	1.000000 	0.000000 	0.219804 	0.000000 	0.219804 	0.000000 	0.367879 	0.000000 	1.093480 	0.000000 	
2 	 1 	0.000000 	0.220511 	1.000000 	0.000000 	0.220511 	0.000000 	0.220511 	0.000000 	0.367879 	0.000000 	1.093910 	0.000000 	
2 	 1 	0.000000 	0.221218 	1.000000 	0.000000 	0.221218 	0.000000 	0.221218 	0.000000 	0.367879 	0.000000 	1.094330 	0.000000 	
2 	 1 	0.000000 	0.221925 	1.000000 	0.000000 	0.221925 	0.000000 	0.221925 	0.000000 	0.367879 	0.000000 	1.094760 	0.000000 	
2 	 1 	0.000000 	0.222632 	1.000000 	0.000000 	0.222632 	0.000000 	0.222632 	0.000000 	0.367879 	0.000000 	1.095180 	0.000000 	
2 	 1 	0.000000 	0.223339 	1.000000 	0.000000 	0.223339 	0.000000 	0.223339 	0.000000 	0.367879 	0.000000 	1.095610 	0.000000 	
2 	 1 	0.000000 	0.224047 	1.000000 	0.000000 	0.224047 	0.000000 	0.224047 	0.000000 	0.367879 	0.000000 	1.096030 	0.000000 	
2 	 1 	0.000000 	0.224754 	1.000000 	0.000000 	0.224754 	0.000000 	0.224754 	0.000000 	0.367879 	0.000000 	1.096450 	0.000000 	
2 	 1 	0.000000 	0.225461 	1.000000 	0.000000 	0.225461 	0.000000 	0.225461 	0.000000 	0.367879 	0.000000 	1.096870 	0.000000 	
2 	 1 	0.000000 	0.226168 	1.000000 	0.000000 	0.226168 	0.000000 	0.226168 	0.000000 	0.367879 	0.000000 	1.097280 	0.000000 	
2 	 1 	0.000000 	0.226875 	1.000000 	0.000000 	0.226875 	0.000000 	0.226875 	0.000000 	0.367879 	0.000000 	1.097700 	0.000000 	
2 	 1 	0.000000 	0.227582 	1.000000 	0.000000 	0.227582 	0.000000 	0.227582 	0.000000 	0.367879 	0.000000 	1.098110 	0.000000 	
2 	 1 	0.000000 	0.228289 	1.000000 	0.000000 	0.228289 	0.000000 	0.228289 	0.000000 	0.367879 	0.000000 	1.098520 	0.000000 	
2 	 1 	0.000000 	0.228996 	1.000000 	0.000000 	0.228996 	0.000000 	0.228996 	0.000000 	0.367879 	0.000000 	1.098940 	0.000000 	
2 	 1 	0.000000 	0.229703 	1.000000 	0.000000 	0.229703 	0.000000 	0.229703 	0.000000 	0.367879 	0.000000 	1.099350 	0.000000 	
2 	 1 	0.000000 	0.230411 	1.000000 	0.000000 	0.230411 	0.000000 	0.230411 	0.000000 	0.367879 	0.000000 	1.099760 	0.000000 	
2 	 1 	0.000000 	0.231118 	1.000000 	0.000000 	0.231118 	0.000000 	0.231118 	0.000000 	0.367879 	0.000000 	1.100160 	0.000000 	
2 	 1 	0.000000 	0.231825 	1.000000 	0.000000 	0.231825 	0.000000 	0.231825 	0.000000 	0.367879 	0.000000 	1.100570 	0.000000 	
2 	 1 	0.000000 	0.232532 	1.000000 	0.000000 	0.232532 	0.000000 	0.232532 	0.000000 	0.367879 	0.000000 	1.100970 	0.000000 	
2 	 1 	0.000000 	0.233239 	1.000000 	0.000000 	0.233239 	0.000000 	0.233239 	0.000000 	0.367879 	0.000000 	1.101380 	0.000000 	
2 	 1 	0.000000 	0.233946 	1.000000 	0.000000 	0.233946 	0.000000 	0.233946 	0.000000 	0.367879 	0.000000 	1.101780 	0.000000 	
2 	 1 	0.000000 	0.234653 	1.000000 	0.000000 	0.234653 	0.000000 	0.234653 	0.000000 	0.367879 	0.000000 	1.102180 	0.000000 	
2 	 1 	0.000000 	0.235360 	1.000000 	0.000000 	0.235360 	0.000000 	0.235360 	0.000000 	0.367879 	0.000000 	1.102580 	0.000000 	
2 	 1 	0.000000 	0.236067 	1.000000 	0.000000 	0.236067 	0.000000 	0.236067 	0.000000 	0.367879 	0.000000 	1.102980 	0.000000 	
2 	 1 	0.000000 	0.236775 	1.000000 	0.000000 	0.236775 	0.000000 	0.236775 	0.000000 	0.367879 	0.000000 	1.103380 	0.000000 	
2 	 1 	0.000000 	0.237482 	1.000000 	0.000000 	0.237482 	0.000000 	0.237482 	0.000000 	0.367879 	0.000000 	1.103770 	0.000000 	
2 	 1 	0.000000 	0.238189 	1.000000 	0.000000 	0.238189 	0.000000 	0.238189 	0.000000 	0.367879 	0.000000 	1.104170 	0.000000 	
2 	 1 	0.000000 	0.238896 	1.000000 	0.000000 	0.238896 	0.000000 	0.238896 	0.000000 	0.367879 	0.000000 	1.104560 	0.000000 	
2 	 1 	0.000000 	0.239603 	1.000000 	0.000000 	0.239603 	0.000000 	0.239603 	0.000000 	0.367879 	0.000000 	1.104950 	0.000000 	
2 	 1 	0.000000 	0.240310 	1.000000 	0.000000 	0.240310 	0.000000 	0.240310 	0.000000 	0.367879 	0.000000 	1.105340 	0.000000 	
2 	 1 	0.000000 	0.241017 	1.000000 	0.000000 	0.241017 	0.000000 	0.241017 	0.000000 	0.367879 	0.000000 	1.105730 	0.000000 	
2 	 1 	0.000000 	0.241724 	1.000000 	0.000000 	0.241724 	0.000000 	0.241724 	0.000000 	0.367879 	0.000000 	1.106120 	0.000000 	
2 	 1 	0.000000 	0.242431 	1.000000 	0.000000 	0.242431 	0.000000 	0.242431 	0.000000 	0.367879 	0.000000 	1.106510 	0.000000 	
2 	 1 	0.000000 	0.243138 	1.000000 	0.000000 	0.243138 	0.000000 	0.243138 	0.000000 	0.367879 	0.000000 	1.106890 	0.000000 	
2 	 1 	0.000000 	0.243846 	1.000000 	0.000000 	0.243846 	0.000000 	0.243846 	0.000000 	0.367879 	0.000000 	1.107280 	0.000000 	
2 	 1 	0.000000 	0.244553 	1.000000 	0.000000 	0.244553 	0.000000 	0.244553 	0.000000 	0.367879 	0.000000 	1.107660 	0.000000 	
2 	 1 	0.000000 	0.245260 	1.000000 	0.000000 	0.245260 	0.000000 	0.245260 	0.000000 	0.367879 	0.000000 	1.108040 	0.000000 	
2 	 1 	0.000000 	0.245967 	1.000000 	0.000000 	0.245967 	0.000000 	0.245967 	0.000000 	0.367879 	0.000000 	1.108420 	0.000000 	
2 	 1 	0.000000 	0.246674 	1.000000 	0.000000 	0.246674 	0.000000 	0.246674 	0.000000 	0.367879 	0.000000 	1.108800 	0.000000 	
2 	 1 	0.000000 	0.247381 	1.000000 	0.000000 	0.247381 	0.000000 	0.247381 	0.000000 	0.367879 	0.000000 	1.109180 	0.000000 	
2 	 1 	0.000000 	0.248088 	1.000000 	0.000000 	0.248088 	0.000000 	0.248088 	0.000000 	0.367879 	0.000000 	1.109560 	0.000000 	
2 	 1 	0.000000 	0.248795 	1.000000 	0.000000 	0.248795 	0.000000 	0.248795 	0.000000 	0.367879 	0.000000 	1.109940 	0.000000 	
2 	 1 	0.000000 	0.249502 	1.000000 	0.000000 	0.249502 	0.000000 	0.249502 	0.000000 	0.367879 	0.000000 	1.110310 	0.000000 	
2 	 1 	0.000000 	0.250210 	1.000000 	0.000000 	0.250210 	0.000000 	0.250210 	0.000000 	0.367879 	0.000000 	1.110690 	0.000000 	
2 	 1 	0.000000 	0.250917 	1.000000 	0.000000 	0.250917 	0.000000 	0.250917 	0.000000 	0.367879 	0.000000 	1.111060 	0.000000 	
2 	 1 	0.000000 	0.251624 	1.000000 	0.000000 	0.251624 	0.000000 	0.251624 	0.000000 	0.367879 	0.000000 	1.111430 	0.000000 	
2 	 1 	0.000000 	0.252331 	1.000000 	0.000000 	0.252331 	0.000000 	0.252331 	0.000000 	0.367879 	0.000000 	1.111800 	0.000000 	
2 	 1 	0.000000 	0.253038 	1.000000 	0.000000 	0.253038 	0.000000 	0.253038 	0.000000 	0.367879 	0.000000 	1.112170 	0.000000 	
2 	 1 	0.000000 	0.253745 	1.000000 	0.000000 	0.253745 	0.000000 	0.253745 	0.000000 	0.367879 	0.000000 	1.112540 	0.000000 	
2 	 1 	0.000000 	0.254452 	1.000000 	0.000000 	0.254452 	0.000000 	0.254452 	0.000000 	0.367879 	0.000000 	1.112910 	0.000000 	
2 	 1 	0.000000 	0.255159 	1.000000 	0.000000 	0.255159 	0.000000 	0.255159 	0.000000 	0.367879 	0.000000 	1.113270 	0.000000 	
2 	 1 	0.000000 	0.255866 	1.000000 	0.000000 	0.255866 	0.000000 	0.255866 	0.000000 	0.367879 	0.000000 	1.113640 	0.000000 	
2 	 1 	0.000000 	0.256573 	1.000000 	0.000000 	0.256573 	0.000000 	0.256573 	0.000000 	0.367879 	0.000000 	1.114000 	0.000000 	
2 	 1 	0.000000 	0.257281 	1.000000 	0.000000 	0.257281 	0.000000 	0.257281 	0.000000 	0.367879 	0.000000 	1.114360 	0.000000 	
2 	 1 	0.000000 	0.257988 	1.000000 	0.000000 	0.257988 	0.000000 	0.257988 	0.000000 	0.367879 	0.000000 	1.114720 	0.000000 	
2 	 1 	0.000000 	0.258695 	1.000000 	0.000000 	0.258695 	0.000000 	0.258695 	0.000000 	0.367879 	0.000000 	1.115080 	0.000000 	
2 	 1 	0.000000 	0.259402 	1.000000 	0.000000 	0.259402 	0.000000 	0.259402 	0.000000 	0.367879 	0.000000 	1.115440 	0.000000 	
2 	 1 	0.000000 	0.260109 	1.000000 	0.000000 	0.260109 	0.000000 	0.260109 	0.000000 	0.367879 	0.000000 	1.115800 	0.000000 	
2 	 1 	0.000000 	0.260816 	1.000000 	0.000000 	0.260816 	0.000000 	0.260816 	0.000000 	0.367879 	0.000000 	1.116160 	0.000000 	
2 	 1 	0.000000 	0.261523 	1.000000 	0.000000 	0.261523 	0.000000 	0.261523 	0.000000 	0.367879 	0.000000 	1.116510 	0.000000 	
2 	 1 	0.000000 	0.262230 	1.000000 	0.000000 	0.262230 	0.000000 	0.262230 	0.000000 	0.367879 	0.000000 	1.116870 	0.000000 	
2 	 1 	0.000000 	0.262937 	1.000000 	0.000000 	0.262937 	0.000000 	0.262937 	0.000000 	0.367879 	0.000000 	1.117220 	0.000000 	
2 	 1 	0.000000 	0.263645 	1.000000 	0.000000 	0.263645 	0.000000 	0.263645 	0.000000 	0.367879 	0.000000 	1.117580 	0.000000 	
2 	 1 	0.000000 	0.264352 	1.000000 	0.000000 	0.264352 	0.000000 	0.264352 	0.000000 	0.367879 	0.000000 	1.117930 	0.000000 	
2 	 1 	0.000000 	0.265059 	1.000000 	0.000000 	0.265059 	0.000000 	0.265059 	0.000000 	0.367879 	0.000000 	1.118280 	0.000000 	
2 	 1 	0.000000 	0.265766 	1.000000 	0.000000 	0.265766 	0.000000 	0.265766 	0.000000 	0.367879 	0.000000 	1.118630 	0.000000 	
2 	 1 	0.000000 	0.266473 	1.000000 	0.000000 	0.266473 	0.000000 	0.266473 	0.000000 	0.367879 	0.000000 	1.118980 	0.000000 	
2 	 1 	0.000000 	0.267180 	1.000000 	0.000000 	0.267180 	0.000000 	0.267180 	0.000000 	0.367879 	0.000000 	1.119320 	0.000000 	
2 	 1 	0.000000 	0.267887 	1.000000 	0.000000 	0.267887 	0.000000 	0.267887 	0.000000 	0.367879 	0.000000 	1.119670 	0.000000 	
2 	 1 	0.000000 	0.268594 	1.000000 	0.000000 	0.268594 	0.000000 	0.268594 	0.000000 	0.367879 	0.000000 	1.120020 	0.000000 	
2 	 1 	0.000000 	0.269301 	1.000000 	0.000000 	0.269301 	0.000000 	0.269301 	0.000000 	0.367879 	0.000000 	1.120360 	0.000000 	
2 	 1 	0.000000 	0.270009 	1.000000 	0.000000 	0.270009 	0.000000 	0.270009 	0.000000 	0.367879 	0.000000 	1.120700 	0.000000 	
2 	 1 	0.000000 	0.270716 	1.000000 	0.000000 	0.270716 	0.000000 	0.270716 	0.000000 	0.367879 	0.000000 	1.121050 	0.000000 	
2 	 1 	0.000000 	0.271423 	1.000000 	0.000000 	0.271423 	0.000000 	0.271423 	0.000000 	0.367879 	0.000000 	1.121390 	0.000000 	
2 	 1 	0.000000 	0.272130 	1.000000 	0.000000 	0.272130 	0.000000 	0.272130 	0.000000 	0.367879 	0.000000 	1.121730 	0.000000 	
2 	 1 	0.000000 	0.272837 	1.000000 	0.000000 	0.272837 	0.000000 	0.272837 	0.000000 	0.367879 	0.000000 	1.122070 	0.000000 	
2 	 1 	0.000000 	0.273544 	1.000000 	0.000000 	0.273544 	0.000000 	0.273544 	0.000000 	0.367879 	0.000000 	1.122410 	0.000000 	
2 	 1 	0.000000 	0.274251 	1.000000 	0.000000 	0.274251 	0.000000 	0.274251 	0.000000 	0.367879 	0.000000 	1.122740 	0.000000 	
2 	 1 	0.000000 	0.274958 	1.000000 	0.000000 	0.274958 	0.000000 	0.274958 	0.000000 	0.367879 	0.000000 	1.123080 	0.000000 	
2 	 1 	0.000000 	0.275665 	1.000000 	0.000000 	0.275665 	0.000000 	0.275665 	0.000000 	0.367879 	0.000000 	1.123410 	0.000000 	
2 	 1 	0.000000 	0.276372 	1.000000 	0.000000 	0.276372 	0.000000 	0.276372 	0.000000 	0.367879 	0.000000 	1.123750 	0.000000 	
2 	 1 	0.000000 	0.277080 	1.000000 	0.000000 	0.277080 	0.000000 	0.277080 	0.000000 	0.367879 	0.000000 	1.124080 	0.000000 	
2 	 1 	0.000000 	0.277787 	1.000000 	0.000000 	0.277787 	0.000000 	0.277787 	0.000000 	0.367879 	0.000000 	1.124410 	0.000000 	
2 	 1 	0.000000 	0.278494 	1.000000 	0.000000 	0.278494 	0.000000 	0.278494 	0.000000 	0.367879 	0.000000 	1.124750 	0.000000 	
2 	 1 	0.000000 	0.279201 	1.000000 	0.000000 	0.279201 	0.000000 	0.279201 	0.000000 	0.367879 	0.000000 	1.125080 	0.000000 	
2 	 1 	0.000000 	0.279908 	1.000000 	0.000000 	0.279908 	0.000000 	0.279908 	0.000000 	0.367879 	0.000000 	1.125410 	0.000000 	
2 	 1 	0.000000 	0.280615 	1.000000 	0.000000 	0.280615 	0.000000 	0.280615 	0.000000 	0.367879 	0.000000 	1.125730 	0.000000 	
2 	 1 	0.000000 	0.281322 	1.000000 	0.000000 	0.281322 	0.000000 	0.281322 	0.000000 	0.367879 	0.000000 	1.126060 	0.000000 	
2 	 1 	0.000000 	0.282029 	1.000000 	0.000000 	0.282029 	0.000000 	0.282029 	0.000000 	0.367879 	0.000000 	1.126390 	0.000000 	
2 	 1 	0.000000 	0.282736 	1.000000 	0.000000 	0.282736 	0.000000 	0.282736 	0.000000 	0.367879 	0.000000 	1.126710 	0.000000 	
2 	 1 	0.000000 	0.283444 	1.000000 	0.000000 	0.283444 	0.000000 	0.283444 	0.000000 	0.367879 	0.000000 	1.127040 	0.000000 	
2 	 1 	0.000000 	0.284151 	1.000000 	0.000000 	0.284151 	0.000000 	0.284151 	0.000000 	0.367879 	0.000000 	1.127360 	0.000000 	
2 	 1 	0.000000 	0.284858 	1.000000 	0.000000 	0.284858 	0.000000 	0.284858 	0.000000 	0.367879 	0.000000 	1.127690 	0.000000 	
2 	 1 	0.000000 	0.285565 	1.000000 	0.000000 	0.285565 	0.000000 	0.285565 	0.000000 	0.367879 	0.000000 	1.128010 	0.000000 	
2 	 1 	0.000000 	0.286272 	1.000000 	0.000000 	0.286272 	0.000000 	0.286272 	0.000000 	0.367879 	0.000000 	1.128330 	0.000000 	
2 	 1 	0.000000 	0.286979 	1.000000 	0.000000 	0.286979 	0.000000 	0.286979 	0.000000 	0.367879 	0.000000 	1.128650 	0.000000 	
2 	 1 	0.000000 	0.287686 	1.000000 	0.000000 	0.287686 	0.000000 	0.287686 	0.000000 	0.367879 	0.000000 	1.128970 	0.000000 	
2 	 1 	0.000000 	0.288393 	1.000000 	0.000000 	0.288393 	0.000000 	0.288393 	0.000000 	0.367879 	0.000000 	1.129290 	0.000000 	
2 	 1 	0.000000 	0.289100 	1.000000 	0.000000 	0.289100 	0.000000 	0.289100 	0.000000 	0.367879 	0.000000 	1.129600 	0.000000 	
2 	 1 	0.000000 	0.289808 	1.000000 	0.000000 	0.289808 	0.000000 	0.289808 	0.000000 	0.367879 	0.000000 	1.129920 	0.000000 	
2 	 1 	0.000000 	0.290515 	1.000000 	0.000000 	0.290515 	0.000000 	0.290515 	0.000000 	0.367879 	0.000000 	1.130230 	0.000000 	
2 	 1 	0.000000 	0.291222 	1.000000 	0.000000 	0.291222 	0.000000 	0.291222 	0.000000 	0.367879 	0.000000 	1.130550 	0.000000 	
2 	 1 	0.000000 	0.291929 	1.000000 	0.000000 	0.291929 	0.000000 	0.291929 	0.000000 	0.367879 	0.000000 	1.130860 	0.000000 	
2 	 1 	0.000000 	0.292636 	1.000000 	0.000000 	0.292636 	0.000000 	0.292636 	0.000000 	0.367879 	0.000000 	1.131180 	0.000000 	
2 	 1 	0.000000 	0.293343 	1.000000 	0.000000 	0.293343 	0.000000 	0.293343 	0.000000 	0.367879 	0.000000 	1.131490 	0.000000 	
2 	 1 	0.000000 	0.294050 	1.000000 	0.000000 	0.294050 	0.000000 	0.294050 	0.000000 	0.367879 	0.000000 	1.131800 	0.000000 	
2 	 1 	0.000000 	0.294757 	1.000000 	0.000000 	0.294757 	0.000000 	0.294757 	0.000000 	0.367879 	0.000000 	1.132110 	0.000000 	
2 	 1 	0.000000 	0.295464 	1.000000 	0.000000 	0.295464 	0.000000 	0.295464 	0.000000 	0.367879 	0.000000 	1.132420 	0.000000 	
2 	 1 	0.000000 	0.296171 	1.000000 	0.000000 	0.296171 	0.000000 	0.296171 	0.000000 	0.367879 	0.000000 	1.132730 	0.000000 	
2 	 1 	0.000000 	0.296879 	1.000000 	0.000000 	0.296879 	0.000000 	0.296879 	0.000000 	0.367879 	0.000000 	1.133030 	0.000000 	
2 	 1 	0.000000 	0.297586 	1.000000 	0.000000 	0.297586 	0.000000 	0.297586 	0.000000 	0.367879 	0.000000 	1.133340 	0.000000 	
2 	 1 	0.000000 	0.298293 	1.000000 	0.000000 	0.298293 	0.000000 	0.298293 	0.000000 	0.367879 	0.000000 	1.133650 	0.000000 	
2 	 1 	0.000000 	0.299000 	1.000000 	0.000000 	0.299000 	0.000000 	0.299000 	0.000000 	0.367879 	0.000000 	1.133950 	0.000000 	
2 	 1 	0.000000 	0.299707 	1.000000 	0.000000 	0.299707 	0.000000 	0.299707 	0.000000 	0.367879 	0.000000 	1.134260 	0.000000 	
2 	 1 	0.000000 	0.300414 	1.000000 	0.000000 	0.300414 	0.000000 	0.300414 	0.000000 	0.367879 	0.000000 	1.134560 	0.000000 	
2 	 1 	0.000000 	0.301121 	1.000000 	0.000000 	0.301121 	0.000000 	0.301121 	0.000000 	0.367879 	0.000000 	1.134860 	0.000000 	
2 	 1 	0.000000 	0.301828 	1.000000 	0.000000 	0.301828 	0.000000 	0.301828 	0.000000 	0.367879 	0.000000 	1.135160 	0.000000 	
2 	 1 	0.000000 	0.302535 	1.000000 	0.000000 	0.302535 	0.000000 	0.302535 	0.000000 	0.367879 	0.000000 	1.135460 	0.000000 	
2 	 1 	0.000000 	0.303243 	1.000000 	0.000000 	0.303243 	0.000000 	0.303243 	0.000000 	0.367879 	0.000000 	1.135760 	0.000000 	
2 	 1 	0.000000 	0.303950 	1.000000 	0.000000 	0.303950 	0.000000 	0.303950 	0.000000 	0.367879 	0.000000 	1.136060 	0.000000 	
2 	 1 	0.000000 	0.304657 	1.000000 	0.000000 	0.304657 	0.000000 	0.304657 	0.000000 	0.367879 	0.000000 	1.136360 	0.000000 	
2 	 1 	0.000000 	0.305364 	1.000000 	0.000000 	0.305364 	0.000000 	0.305364 	0.000000 	0.367879 	0.000000 	1.136660 	0.000000 	
2 	 1 	0.000000 	0.306071 	1.000000 	0.000000 	0.306071 	0.000000 	0.306071 	0.000000 	0.367879 	0.000000 	1.136950 	0.000000 	
2 	 1 	0.000000 	0.306778 	1.000000 	0.000000 	0.306778 	0.000000 	0.306778 	0.000000 	0.367879 	0.000000 	1.137250 	0.000000 	
2 	 1 	0.000000 	0.307485 	1.000000 	0.000000 	0.307485 	0.000000 	0.307485 	0.000000 	0.367879 	0.000000 	1.137540 	0.000000 	
2 	 1 	0.000000 	0.308192 	1.000000 	0.000000 	0.308192 	0.000000 	0.308192 	0.000000 	0.367879 	0.000000 	1.137840 	0.000000 	
2 	 1 	0.000000 	0.308899 	1.000000 	0.000000 	0.308899 	0.000000 	0.308899 	0.000000 	0.367879 	0.000000 	1.138130 	0.000000 	
2 	 1 	0.000000 	0.309607 	1.000000 	0.000000 	0.309607 	0.000000 	0.309607 	0.000000 	0.367879 	0.000000 	1.138420 	0.000000 	
2 	 1 	0.000000 	0.310314 	1.000000 	0.000000 	0.310314 	0.000000 	0.310314 	0.000000 	0.367879 	0.000000 	1.138720 	0.000000 	
2 	 1 	0.000000 	0.311021 	1.000000 	0.000000 	0.311021 	0.000000 	0.311021 	0.000000 	0.367879 	0.000000 	1.139010 	0.000000 	
2 	 1 	0.000000 	0.311728 	1.000000 	0.000000 	0.311728 	0.000000 	0.311728 	0.000000 	0.367879 	0.000000 	1.139300 	0.000000 	
2 	 1 	0.000000 	0.312435 	1.000000 	0.000000 	0.312435 	0.000000 	0.312435 	0.000000 	0.367879 	0.000000 	1.139590 	0.000000 	
2 	 1 	0.000000 	0.313142 	1.000000 	0.000000 	0.313142 	0.000000 	0.313142 	0.000000 	0.367879 	0.000000 	1.139870 	0.000000 	
2 	 1 	0.000000 	0.313849 	1.000000 	0.000000 	0.313849 	0.000000 	0.313849 	0.000000 	0.367879 	0.000000 	1.140160 	0.000000 	
2 	 1 	0.000000 	0.314556 	1.000000 	0.000000 	0.314556 	0.000000 	0.314556 	0.000000 	0.367879 	0.000000 	1.140450 	0.000000 	
2 	 1 	0.000000 	0.315263 	1.000000 	0.000000 	0.315263 	0.000000 	0.315263 	0.000000 	0.367879 	0.000000 	1.140730 	0.000000 	
2 	 1 	0.000000 	0.315970 	1.000000 	0.000000 	0.315970 	0.000000 	0.315970 	0.000000 	0.367879 	0.000000 	1.141020 	0.000000 	
2 	 1 	0.000000 	0.316678 	1.000000 	0.000000 	0.316678 	0.000000 	0.316678 	0.000000 	0.367879 	0.000000 	1.141300 	0.000000 	
2 	 1 	0.000000 	0.317385 	1.000000 	0.000000 	0.317385 	0.000000 	0.317385 	0.000000 	0.367879 	0.000000 	1.141590 	0.000000 	
2 	 1 	0.000000 	0.318092 	1.000000 	0.000000 	0.318092 	0.000000 	0.318092 	0.000000 	0.367879 	0.000000 	1.141870 	0.000000 	
2 	 1 	0.000000 	0.318799 	1.000000 	0.000000 	0.318799 	0.000000 	0.318799 	0.000000 	0.367879 	0.000000 	1.142150 	0.000000 	
2 	 1 	0.000000 	0.319506 	1.000000 	0.000000 	0.319506 	0.000000 	0.319506 	0.000000 	0.367879 	0.000000 	1.142430 	0.000000 	
2 	 1 	0.000000 	0.320213 	1.000000 	0.000000 	0.320213 	0.000000 	0.320213 	0.000000 	0.367879 	0.000000 	1.142720 	0.000000 	
2 	 1 	0.000000 	0.320920 	1.000000 	0.000000 	0.320920 	0.000000 	0.320920 	0.000000 	0.367879 	0.000000 	1.143000 	0.000000 	
2 	 1 	0.000000 	0.321627 	1.000000 	0.000000 	0.321627 	0.000000 	0.321627 	0.000000 	0.367879 	0.000000 	1.143270 	0.000000 	
2 	 1 	0.000000 	0.322334 	1.000000 	0.000000 	0.322334 	0.000000 	0.322334 	0.000000 	0.367879 	0.000000 	1.143550 	0.000000 	
2 	 1 	0.000000 	0.323042 	1.000000 	0.000000 	0.323042 	0.000000 	0.323042 	0.000000 	0.367879 	0.000000 	1.143830 	0.000000 	
2 	 1 	0.000000 	0.323749 	1.000000 	0.000000 	0.323749 	0.000000 	0.323749 	0.000000 	0.367879 	0.000000 	1.144110 	0.000000 	
2 	 1 	0.000000 	0.324456 	1.000000 	0.000000 	0.324456 	0.000000 	0.324456 	0.000000 	0.367879 	0.000000 	1.144380 	0.000000 	
2 	 1 	0.000000 	0.325163 	1.000000 	0.000000 	0.325163 	0.000000 	0.325163 	0.000000 	0.367879 	0.000000 	1.144660 	0.000000 	
2 	 1 	0.000000 	0.325870 	1.000000 	0.000000 	0.325870 	0.000000 	0.325870 	0.000000 	0.367879 	0.000000 	1.144930 	0.000000 	
2 	 1 	0.000000 	0.326577 	1.000000 	0.000000 	0.326577 	0.000000 	0.326577 	0.000000 	0.367879 	0.000000 	1.145210 	0.000000 	
2 	 1 	0.000000 	0.327284 	1.000000 	0.000000 	0.327284 	0.000000 	0.327284 	0.000000 	0.367879 	0.000000 	1.145480 	0.000000 	
2 	 1 	0.000000 	0.327991 	1.000000 	0.000000 	0.327991 	0.000000 	0.327991 	0.000000 	0.367879 	0.000000 	1.145750 	0.000000 	
2 	 1 	0.000000 	0.328698 	1.000000 	0.000000 	0.328698 	0.000000 	0.328698 	0.000000 	0.367879 	0.000000 	1.146030 	0.000000 	
2 	 1 	0.000000 	0.329406 	1.000000 	0.000000 	0.329406 	0.000000 	0.329406 	0.000000 	0.367879 	0.000000 	1.146300 	0.000000 	
2 	 1 	0.000000 	0.330113 	1.000000 	0.000000 	0.330113 	0.000000 	0.330113 	0.000000 	0.367879 	0.000000 	1.146570 	0.000000 	
2 	 1 	0.000000 	0.330820 	1.000000 	0.000000 	0.330820 	0.000000 	0.330820 	0.000000 	0.367879 	0.000000 	1.146840 	0.000000 	
2 	 1 	0.000000 	0.331527 	1.000000 	0.000000 	0.331527 	0.000000 	0.331527 	0.000000 	0.367879 	0.000000 	1.147110 	0.000000 	
2 	 1 	0.000000 	0.332234 	1.000000 	0.000000 	0.332234 	0.000000 	0.332234 	0.000000 	0.367879 	0.000000 	1.147370 	0.000000 	
2 	 1 	0.000000 	0.332941 	1.000000 	0.000000 	0.332941 	0.000000 	0.332941 	0.000000 	0.367879 	0.000000 	1.147640 	0.000000 	
2 	 1 	0.000000 	0.333648 	1.000000 	0.000000 	0.333648 	0.000000 	0.333648 	0.000000 	0.367879 	0.000000 	1.147910 	0.000000 	
2 	 1 	0.000000 	0.334355 	1.000000 	0.000000 	0.334355 	0.000000 	0.334355 	0.000000 	0.367879 	0.000000 	1.148170 	0.000000 	
2 	 1 	0.000000 	0.335062 	1.000000 	0.000000 	0.335062 	0.000000 	0.335062 	0.000000 	0.367879 	0.000000 	1.148440 	0.000000 	
2 	 1 	0.000000 	0.335769 	1.000000 	0.000000 	0.335769 	0.000000 	0.335769 	0.000000 	0.367879 	0.000000 	1.148700 	0.000000 	
2 	 1 	0.000000 	0.336477 	1.000000 	0.000000 	0.336477 	0.000000 	0.336477 	0.000000 	0.367879 	0.000000 	1.148970 	0.000000 	
2 	 1 	0.000000 	0.337184 	1.000000 	0.000000 	0.337184 	0.000000 	0.337184 	0.000000 	0.367879 	0.000000 	1.149230 	0.000000 	
2 	 1 	0.000000 	0.337891 	1.000000 	0.000000 	0.337891 	0.000000 	0.337891 	0.000000 	0.367879 	0.000000 	1.149490 	0.000000 	
2 	 1 	0.000000 	0.338598 	1.000000 	0.000000 	0.338598 	0.000000 	0.338598 	0.000000 	0.367879 	0.000000 	1.149760 	0.000000 	
2 	 1 	0.000000 	0.339305 	1.000000 	0.000000 	0.339305 	0.000000 	0.339305 	0.000000 	0.367879 	0.000000 	1.150020 	0.000000 	
2 	 1 	0.000000 	0.340012 	1.000000 	0.000000 	0.340012 	0.000000 	0.340012 	0.000000 	0.367879 	0.000000 	1.150280 	0.000000 	
2 	 1 	0.000000 	0.340719 	1.000000 	0.000000 	0.340719 	0.000000 	0.340719 	0.000000 	0.367879 	0.000000 	1.150540 	0.000000 	
2 	 1 	0.000000 	0.341426 	1.000000 	0.000000 	0.341426 	0.000000 	0.341426 	0.000000 	0.367879 	0.000000 	1.150800 	0.000000 	
2 	 1 	0.000000 	0.342133 	1.000000 	0.000000 	0.342133 	0.000000 	0.342133 	0.000000 	0.367879 	0.000000 	1.151060 	0.000000 	
2 	 1 	0.000000 	0.342841 	1.000000 	0.000000 	0.342841 	0.000000 	0.342841 	0.000000 	0.367879 	0.000000 	1.151310 	0.000000 	
2 	 1 	0.000000 	0.343548 	1.000000 	0.000000 	0.343548 	0.000000 	0.343548 	0.000000 	0.367879 	0.000000 	1.151570 	0.000000 	
2 	 1 	0.000000 	0.344255 	1.000000 	0.000000 	0.344255 	0.000000 	0.344255 	0.000000 	0.367879 	0.000000 	1.151830 	0.000000 	
2 	 1 	0.000000 	0.344962 	1.000000 	0.000000 	0.344962 	0.000000 	0.344962 	0.000000 	0.367879 	0.000000 	1.152080 	0.000000 	
2 	 1 	0.000000 	0.345669 	1.000000 	0.000000 	0.345669 	0.000000 	0.345669 	0.000000 	0.367879 	0.000000 	1.152340 	0.000000 	
2 	 1 	0.000000 	0.346376 	1.000000 	0.000000 	0.346376 	0.000000 	0.346376 	0.000000 	0.367879 	0.000000 	1.152590 	0.000000 	
2 	 1 	0.000000 	0.347083 	1.000000 	0.000000 	0.347083 	0.000000 	0.347083 	0.000000 	0.367879 	0.000000 	1.152850 	0.000000 	
2 	 1 	0.000000 	0.347790 	1.000000 	0.000000 	0.347790 	0.000000 	0.347790 	0.000000 	0.367879 	0.000000 	1.153100 	0.000000 	
2 	 1 	0.000000 	0.348497 	1.000000 	0.000000 	0.348497 	0.000000 	0.348497 	0.000000 	0.367879 	0.000000 	1.153350 	0.000000 	
2 	 1 	0.000000 	0.349204 	1.000000 	0.000000 	0.349204 	0.000000 	0.349204 	0.000000 	0.367879 	0.000000 	1.153610 	0.000000 	
2 	 1 	0.000000 	0.349912 	1.000000 	0.000000 	0.349912 	0.000000 	0.349912 	0.000000 	0.367879 	0.000000 	1.153860 	0.000000 	
2 	 1 	0.000000 	0.350619 	1.000000 	0.000000 	0.350619 	0.000000 	0.350619 	0.000000 	0.367879 	0.000000 	1.154110 	0.000000 	
2 	 1 	0.000000 	0.351326 	1.000000 	0.000000 	0.351326 	0.000000 	0.351326 	0.000000 	0.367879 	0.000000 	1.154360 	0.000000 	
2 	 1 	0.000000 	0.352033 	1.000000 	0.000000 	0.352033 	0.000000 	0.352033 	0.000000 	0.367879 	0.000000 	1.154610 	0.000000 	
2 	 1 	0.000000 	0.352740 	1.000000 	0.000000 	0.352740 	0.000000 	0.352740 	0.000000 	0.367879 	0.000000 	1.154860 	0.000000 	
2 	 1 	0.000000 	0.353447 	1.000000 	0.000000 	0.353447 	0.000000 	0.353447 	0.000000 	0.367879 	0.000000 	1.155100 	0.000000 	
2 	 1 	0.000000 	0.354154 	1.000000 	0.000000 	0.354154 	0.000000 	0.354154 	0.000000 	0.367879 	0.000000 	1.155350 	0.000000 	
2 	 1 	0.000000 	0.354861 	1.000000 	0.000000 	0.354861 	0.000000 	0.354861 	0.000000 	0.367879 	0.000000 	1.155600 	0.000000 	
2 	 1 	0.000000 	0.355568 	1.000000 	0.000000 	0.355568 	0.000000 	0.355568 	0.000000 	0.367879 	0.000000 	1.155840 	0.000000 	
2 	 1 	0.000000 	0.356276 	1.000000 	0.000000 	0.356276 	0.000000 	0.356276 	0.000000 	0.367879 	0.000000 	1.156090 	0.000000 	
2 	 1 	0.000000 	0.356983 	1.000000 	0.000000 	0.356983 	0.000000 	0.356983 	0.000000 	0.367879 	0.000000 	1.156340 	0.000000 	
2 	 1 	0.000000 	0.357690 	1.000000 	0.000000 	0.357690 	0.000000 	0.357690 	0.000000 	0.367879 	0.000000 	1.156580 	0.000000 	
2 	 1 	0.000000 	0.358397 	1.000000 	0.000000 	0.358397 	0.000000 	0.358397 	0.000000 	0.367879 	0.000000 	1.156820 	0.000000 	
2 	 1 	0.000000 	0.359104 	1.000000 	0.000000 	0.359104 	0.000000 	0.359104 	0.000000 	0.367879 	0.000000 	1.157070 	0.000000 	
2 	 1 	0.000000 	0.359811 	1.000000 	0.000000 	0.359811 	0.000000 	0.359811 	0.000000 	0.367879 	0.000000 	1.157310 	0.000000 	
2 	 1 	0.000000 	0.360518 	1.000000 	0.000000 	0.360518 	0.000000 	0.360518 	0.000000 	0.367879 	0.000000 	1.157550 	0.000000 	
2 	 1 	0.000000 	0.361225 	1.000000 	0.000000 	0.361225 	0.000000 	0.361225 	0.000000 	0.367879 	0.000000 	1.157790 	0.000000 	
2 	 1 	0.000000 	0.361932 	1.000000 	0.000000 	0.361932 	0.000000 	0.361932 	0.000000 	0.367879 	0.000000 	1.158030 	0.000000 	
2 	 1 	0.000000 	0.362640 	1.000000 	0.000000 	0.362640 	0.000000 	0.362640 	0.000000 	0.367879 	0.000000 	1.158270 	0.000000 	
2 	 1 	0.000000 	0.363347 	1.000000 	0.000000 	0.363347 	0.000000 	0.363347 	0.000000 	0.367879 	0.000000 	1.158510 	0.000000 	
2 	 1 	0.000000 	0.364054 	1.000000 	0.000000 	0.364054 	0.000000 	0.364054 	0.000000 	0.367879 	0.000000 	1.158750 	0.000000 	
2 	 1 	0.000000 	0.364761 	1.000000 	0.000000 	0.364761 	0.000000 	0.364761 	0.000000 	0.367879 	0.000000 	1.158990 	0.000000 	
2 	 1 	0.000000 	0.365468 	1.000000 	0.000000 	0.365468 	0.000000 	0.365468 	0.000000 	0.367879 	0.000000 	1.159230 	0.000000 	
2 	 1 	0.000000 	0.366175 	1.000000 	0.000000 	0.366175 	0.000000 	0.366175 	0.000000 	0.367879 	0.000000 	1.159470 	0.000000 	
2 	 1 	0.000000 	0.366882 	1.000000 	0.000000 	0.366882 	0.000000 	0.366882 	0.000000 	0.367879 	0.000000 	1.159700 	0.000000 	
2 	 1 	0.000000 	0.367589 	1.000000 	0.000000 	0.367589 	0.000000 	0.367589 	0.000000 	0.367879 	0.000000 	1.159940 	0.000000 	
2 	 1 	0.000000 	0.368296 	1.000000 	0.000000 	0.368296 	0.000000 	0.368296 	0.000000 	0.367879 	0.000000 	1.160170 	0.000000 	
2 	 1 	0.000000 	0.369003 	1.000000 	0.000000 	0.369003 	0.000000 	0.369003 	0.000000 	0.367879 	0.000000 	1.160410 	0.000000 	
2 	 1 	0.000000 	0.369711 	1.000000 	0.000000 	0.369711 	0.000000 	0.369711 	0.000000 	0.367879 	0.000000 	1.160640 	0.000000 	
2 	 1 	0.000000 	0.370418 	1.000000 	0.000000 	0.370418 	0.000000 	0.370418 	0.000000 	0.367879 	0.000000 	1.160880 	0.000000 	
2 	 1 	0.000000 	0.371125 	1.000000 	0.000000 	0.371125 	0.000000 	0.371125 	0.000000 	0.367879 	0.000000 	1.161110 	0.000000 	
2 	 1 	0.000000 	0.371832 	1.000000 	0.000000 	0.371832 	0.000000 	0.371832 	0.000000 	0.367879 	0.000000 	1.161340 	0.000000 	
2 	 1 	0.000000 	0.372539 	1.000000 	0.000000 	0.372539 	0.000000 	0.372539 	0.000000 	0.367879 	0.000000 	1.161570 	0.000000 	
2 	 1 	0.000000 	0.373246 	1.000000 	0.000000 	0.373246 	0.000000 	0.373246 	0.000000 	0.367879 	0.000000 	1.161810 	0.000000 	
2 	 1 	0.000000 	0.373953 	1.000000 	0.000000 	0.373953 	0.000000 	0.373953 	0.000000 	0.367879 	0.000000 	1.162040 	0.000000 	
2 	 1 	0.000000 	0.374660 	1.000000 	0.000000 	0.374660 	0.000000 	0.374660 	0.000000 	0.367879 	0.000000 	1.162270 	0.000000 	
2 	 1 	0.000000 	0.375367 	1.000000 	0.000000 	0.375367 	0.000000 	0.375367 	0.000000 	0.367879 	0.000000 	1.162500 	0.000000 	
2 	 1 	0.000000 	0.376075 	1.000000 	0.000000 	0.376075 	0.000000 	0.376075 	0.000000 	0.367879 	0.000000 	1.162730 	0.000000 	
2 	 1 	0.000000 	0.376782 	1.000000 	0.000000 	0.376782 	0.000000 	0.376782 	0.000000 	0.367879 	0.000000 	1.162950 	0.000000 	
2 	 1 	0.000000 	0.377489 	1.000000 	0.000000 	0.377489 	0.000000 	0.377489 	0.000000 	0.367879 	0.000000 	1.163180 	0.000000 	
2 	 1 	0.000000 	0.378196 	1.000000 	0.000000 	0.378196 	0.000000 	0.378196 	0.000000 	0.367879 	0.000000 	1.163410 	0.000000 	
2 	 1 	0.000000 	0.378903 	1.000000 	0.000000 	0.378903 	0.000000 	0.378903 	0.000000 	0.367879 	0.000000 	1.163640 	0.000000 	
2 	 1 	0.000000 	0.379610 	1.000000 	0.000000 	0.379610 	0.000000 	0.379610 	0.000000 	0.367879 	0.000000 	1.163860 	0.000000 	
2 	 1 	0.000000 	0.380317 	1.000000 	0.000000 	0.380317 	0.000000 	0.380317 	0.000000 	0.367879 	0.000000 	1.164090 	0.000000 	
2 	 1 	0.000000 	0.381024 	1.000000 	0.000000 	0.381024 	0.000000 	0.381024 	0.000000 	0.367879 	0.000000 	1.164310 	0.000000 	
2 	 1 	0.000000 	0.381731 	1.000000 	0.000000 	0.381731 	0.000000 	0.381731 	0.000000 	0.367879 	0.000000 	1.164540 	0.000000 	
2 	 1 	0.000000 	0.382439 	1.000000 	0.000000 	0.382439 	0.000000 	0.382439 	0.000000 	0.367879 	0.000000 	1.164760 	0.000000 	
2 	 1 	0.000000 	0.383146 	1.000000 	0.000000 	0.383146 	0.000000 	0.383146 	0.000000 	0.367879 	0.000000 	1.164990 	0.000000 	
2 	 1 	0.000000 	0.383853 	1.000000 	0.000000 	0.383853 	0.000000 	0.383853 	0.000000 	0.367879 	0.000000 	1.165210 	0.000000 	
2 	 1 	0.000000 	0.384560 	1.000000 	0.000000 	0.384560 	0.000000 	0.384560 	0.000000 	0.367879 	0.000000 	1.165430 	0.000000 	
2 	 1 	0.000000 	0.385267 	1.000000 	0.000000 	0.385267 	0.000000 	0.385267 	0.000000 	0.367879 	0.000000 	1.165650 	0.000000 	
2 	 1 	0.000000 	0.385974 	1.000000 	0.000000 	0.385974 	0.000000 	0.385974 	0.000000 	0.367879 	0.000000 	1.165880 	0.000000 	
2 	 1 	0.000000 	0.386681 	1.000000 	0.000000 	0.386681 	0.000000 	0.386681 	0.000000 	0.367879 	0.000000 	1.166100 	0.000000 	
2 	 1 	0.000000 	0.387388 	1.000000 	0.000000 	0.387388 	0.000000 	0.387388 	0.000000 	0.367879 	0.000000 	1.166320 	0.000000 	
2 	 1 	0.000000 	0.388095 	1.000000 	0.000000 	0.388095 	0.000000 	0.388095 	0.000000 	0.367879 	0.000000 	1.166540 	0.000000 	
2 	 1 	0.000000 	0.388802 	1.000000 	0.000000 	0.388802 	0.000000 	0.388802 	0.000000 	0.367879 	0.000000 	1.166760 	0.000000 	
2 	 1 	0.000000 	0.389510 	1.000000 	0.000000 	0.389510 	0.000000 	0.389510 	0.000000 	0.367879 	0.000000 	1.166980 	0.000000 	
2 	 1 	0.000000 	0.390217 	1.000000 	0.000000 	0.390217 	0.000000 	0.390217 	0.000000 	0.367879 	0.000000 	1.167190 	0.000000 	
2 	 1 	0.000000 	0.390924 	1.000000 	0.000000 	0.390924 	0.000000 	0.390924 	0.000000 	0.367879 	0.000000 	1.167410 	0.000000 	
2 	 1 	0.000000 	0.391631 	1.000000 	0.000000 	0.391631 	0.000000 	0.391631 	0.000000 	0.367879 	0.000000 	1.167630 	0.000000 	
2 	 1 	0.000000 	0.392338 	1.000000 	0.000000 	0.392338 	0.000000 	0.392338 	0.000000 	0.367879 	0.000000 	1.167850 	0.000000 	
2 	 1 	0.000000 	0.393045 	1.000000 	0.000000 	0.393045 	0.000000 	0.393045 	0.000000 	0.367879 	0.000000 	1.168060 	0.000000 	
2 	 1 	0.000000 	0.393752 	1.000000 	0.000000 	0.393752 	0.000000 	0.393752 	0.000000 	0.367879 	0.000000 	1.168280 	0.000000 	
2 	 1 	0.000000 	0.394459 	1.000000 	0.000000 	0.394459 	0.000000 	0.394459 	0.000000 	0.367879 	0.000000 	1.168490 	0.000000 	
2 	 1 	0.000000 	0.395166 	1.000000 	0.000000 	0.395166 	0.000000 	0.395166 	0.000000 	0.367879 	0.000000 	1.168710 	0.000000 	
2 	 1 	0.000000 	0.395874 	1.000000 	0.000000 	0.395874 	0.000000 	0.395874 	0.000000 	0.367879 	0.000000 	1.168920 	0.000000 	
2 	 1 	0.000000 	0.396581 	1.000000 	0.000000 	0.396581 	0.000000 	0.396581 	0.000000 	0.367879 	0.000000 	1.169140 	0.000000 	
2 	 1 	0.000000 	0.397288 	1.000000 	0.000000 	0.397288 	0.000000 	0.397288 	0.000000 	0.367879 	0.000000 	1.169350 	0.000000 	
2 	 1 	0.000000 	0.397995 	1.000000 	0.000000 	0.397995 	0.000000 	0.397995 	0.000000 	0.367879 	0.000000 	1.169560 	0.000000 	
2 	 1 	0.000000 	0.398702 	1.000000 	0.000000 	0.398702 	0.000000 	0.398702 	0.000000 	0.367879 	0.000000 	1.169770 	0.000000 	
2 	 1 	0.000000 	0.399409 	1.000000 	0.000000 	0.399409 	0.000000 	0.399409 	0.000000 	0.367879 	0.000000 	1.169990 	0.000000 	
2 	 1 	0.000000 	0.400116 	1.000000 	0.000000 	0.400116 	0.000000 	0.400116 	0.000000 	0.367879 	0.000000 	1.170200 	0.000000 	
2 	 1 	0.000000 	0.400823 	1.000000 	0.000000 	0.400823 	0.000000 	0.400823 	0.000000 	0.367879 	0.000000 	1.170410 	0.000000 	
2 	 1 	0.000000 	0.401530 	1.000000 	0.000000 	0.401530 	0.000000 	0.401530 	0.000000 	0.367879 	0.000000 	1.170620 	0.000000 	
2 	 1 	0.000000 	0.402238 	1.000000 	0.000000 	0.402238 	0.000000 	0.402238 	0.000000 	0.367879 	0.000000 	1.170830 	0.000000 	
2 	 1 	0.000000 	0.402945 	1.000000 	0.000000 	0.402945 	0.000000 	0.402945 	0.000000 	0.367879 	0.000000 	1.171040 	0.000000 	
2 	 1 	0.000000 	0.403652 	1.000000 	0.000000 	0.403652 	0.000000 	0.403652 	0.000000 	0.367879 	0.000000 	1.171250 	0.000000 	
2 	 1 	0.000000 	0.404359 	1.000000 	0.000000 	0.404359 	0.000000 	0.404359 	0.000000 	0.367879 	0.000000 	1.171450 	0.000000 	
2 	 1 	0.000000 	0.405066 	1.000000 	0.000000 	0.405066 	0.000000 	0.405066 	0.000000 	0.367879 	0.000000 	1.171660 	0.000000 	
2 	 1 	0.000000 	0.405773 	1.000000 	0.000000 	0.405773 	0.000000 	0.405773 	0.000000 	0.367879 	0.000000 	1.171870 	0.000000 	
2 	 1 	0.000000 	0.406480 	1.000000 	0.000000 	0.406480 	0.000000 	0.406480 	0.000000 	0.367879 	0.000000 	1.172080 	0.000000 	
2 	 1 	0.000000 	0.407187 	1.000000 	0.000000 	0.407187 	0.000000 	0.407187 	0.000000 	0.367879 	0.000000 	1.172280 	0.000000 	
2 	 1 	0.000000 	0.407894 	1.000000 	0.000000 	0.407894 	0.000000 	0.407894 	0.000000 	0.367879 	0.000000 	1.172490 	0.000000 	
2 	 1 	0.000000 	0.408601 	1.000000 	0.000000 	0.408601 	0.000000 	0.408601 	0.000000 	0.367879 	0.000000 	1.172690 	0.000000 	
2 	 1 	0.000000 	0.409309 	1.000000 	0.000000 	0.409309 	0.000000 	0.409309 	0.000000 	0.367879 	0.000000 	1.172900 	0.000000 	
2 	 1 	0.000000 	0.410016 	1.000000 	0.000000 	0.410016 	0.000000 	0.410016 	0.000000 	0.367879 	0.000000 	1.173100 	0.000000 	
2 	 1 	0.000000 	0.410723 	1.000000 	0.000000 	0.410723 	0.000000 	0.410723 	0.000000 	0.367879 	0.000000 	1.173310 	0.000000 	
2 	 1 	0.000000 	0.411430 	1.000000 	0.000000 	0.411430 	0.000000 	0.411430 	0.000000 	0.367879 	0.000000 	1.173510 	0.000000 	
2 	 1 	0.000000 	0.412137 	1.000000 	0.000000 	0.412137 	0.000000 	0.412137 	0.000000 	0.367879 	0.000000 	1.173710 	0.000000 	
2 	 1 	0.000000 	0.412844 	1.000000 	0.000000 	0.412844 	0.000000 	0.412844 	0.000000 	0.367879 	0.000000 	1.173920 	0.000000 	
2 	 1 	0.000000 	0.413551 	1.000000 	0.000000 	0.413551 	0.000000 	0.413551 	0.000000 	0.367879 	0.000000 	1.174120 	0.000000 	
2 	 1 	0.000000 	0.414258 	1.000000 	0.000000 	0.414258 	0.000000 	0.414258 	0.000000 	0.367879 	0.000000 	1.174320 	0.000000 	
2 	 1 	0.000000 	0.414965 	1.000000 	0.000000 	0.414965 	0.000000 	0.414965 	0.000000 	0.367879 	0.000000 	1.174520 	0.000000 	
2 	 1 	0.000000 	0.415673 	1.000000 	0.000000 	0.415673 	0.000000 	0.415673 	0.000000 	0.367879 	0.000000 	1.174720 	0.000000 	
2 	 1 	0.000000 	0.416380 	1.000000 	0.000000 	0.416380 	0.000000 	0.416380 	0.000000 	0.367879 	0.000000 	1.174920 	0.000000 	
2 	 1 	0.000000 	0.417087 	1.000000 	0.000000 	0.417087 	0.000000 	0.417087 	0.000000 	0.367879 	0.000000 	1.175120 	0.000000 	
2 	 1 	0.000000 	0.417794 	1.000000 	0.000000 	0.417794 	0.000000 	0.417794 	0.000000 	0.367879 	0.000000 	1.175320 	0.000000 	
2 	 1 	0.000000 	0.418501 	1.000000 	0.000000 	0.418501 	0.000000 	0.418501 	0.000000 	0.367879 	0.000000 	1.175520 	0.000000 	
2 	 1 	0.000000 	0.419208 	1.000000 	0.000000 	0.419208 	0.000000 	0.419208 	0.000000 	0.367879 	0.000000 	1.175720 	0.000000 	
2 	 1 	0.000000 	0.419915 	1.000000 	0.000000 	0.419915 	0.000000 	0.419915 	0.000000 	0.367879 	0.000000 	1.175920 	0.000000 	
2 	 1 	0.000000 	0.420622 	1.000000 	0.000000 	0.420622 	0.000000 	0.420622 	0.000000 	0.367879 	0.000000 	1.176120 	0.000000 	
2 	 1 	0.000000 	0.421329 	1.000000 	0.000000 	0.421329 	0.000000 	0.421329 	0.000000 	0.367879 	0.000000 	1.176310 	0.000000 	
2 	 1 	0.000000 	0.422037 	1.000000 	0.000000 	0.422037 	0.000000 	0.422037 	0.000000 	0.367879 	0.000000 	1.176510 	0.000000 	
2 	 1 	0.000000 	0.422744 	1.000000 	0.000000 	0.422744 	0.000000 	0.422744 	0.000000 	0.367879 	0.000000 	1.176710 	0.000000 	
2 	 1 	0.000000 	0.423451 	1.000000 	0.000000 	0.423451 	0.000000 	0.423451 	0.000000 	0.367879 	0.000000 	1.176900 	0.000000 	
2 	 1 	0.000000 	0.424158 	1.000000 	0.000000 	0.424158 	0.000000 	0.424158 	0.000000 	0.367879 	0.000000 	1.177100 	0.000000 	
2 	 1 	0.000000 	0.424865 	1.000000 	0.000000 	0.424865 	0.000000 	0.424865 	0.000000 	0.367879 	0.000000 	1.177290 	0.000000 	
2 	 1 	0.000000 	0.425572 	1.000000 	0.000000 	0.425572 	0.000000 	0.425572 	0.000000 	0.367879 	0.000000 	1.177490 	0.000000 	
2 	 1 	0.000000 	0.426279 	1.000000 	0.000000 	0.426279 	0.000000 	0.426279 	0.000000 	0.367879 	0.000000 	1.177680 	0.000000 	
2 	 1 	0.000000 	0.426986 	1.000000 	0.000000 	0.426986 	0.000000 	0.426986 	0.000000 	0.367879 	0.000000 	1.177870 	0.000000 	
2 	 1 	0.000000 	0.427693 	1.000000 	0.000000 	0.427693 	0.000000 	0.427693 	0.000000 	0.367879 	0.000000 	1.178070 	0.000000 	
2 	 1 	0.000000 	0.428400 	1.000000 	0.000000 	0.428400 	0.000000 	0.428400 	0.000000 	0.367879 	0.000000 	1.178260 	0.000000 	
2 	 1 	0.000000 	0.429108 	1.000000 	0.000000 	0.429108 	0.000000 	0.429108 	0.000000 	0.367879 	0.000000 	1.178450 	0.000000 	
2 	 1 	0.000000 	0.429815 	1.000000 	0.000000 	0.429815 	0.000000 	0.429815 	0.000000 	0.367879 	0.000000 	1.178640 	0.000000 	
2 	 1 	0.000000 	0.430522 	1.000000 	0.000000 	0.430522 	0.000000 	0.430522 	0.000000 	0.367879 	0.000000 	1.178830 	0.000000 	
2 	 1 	0.000000 	0.431229 	1.000000 	0.000000 	0.431229 	0.000000 	0.431229 	0.000000 	0.367879 	0.000000 	1.179030 	0.000000 	
2 	 1 	0.000000 	0.431936 	1.000000 	0.000000 	0.431936 	0.000000 	0.431936 	0.000000 	0.367879 	0.000000 	1.179220 	0.000000 	
2 	 1 	0.000000 	0.432643 	1.000000 	0.000000 	0.432643 	0.000000 	0.432643 	0.000000 	0.367879 	0.000000 	1.179410 	0.000000 	
2 	 1 	0.000000 	0.433350 	1.000000 	0.000000 	0.433350 	0.000000 	0.433350 	0.000000 	0.367879 	0.000000 	1.179600 	0.000000 	
2 	 1 	0.000000 	0.434057 	1.000000 	0.000000 	0.434057 	0.000000 	0.434057 	0.000000 	0.367879 	0.000000 	1.179790 	0.000000 	
2 	 1 	0.000000 	0.434764 	1.000000 	0.000000 	0.434764 	0.000000 	0.434764 	0.000000 	0.367879 	0.000000 	1.179970 	0.000000 	
2 	 1 	0.000000 	0.435472 	1.000000 	0.000000 	0.435472 	0.000000 	0.435472 	0.000000 	0.367879 	0.000000 	1.180160 	0.000000 	
2 	 1 	0.000000 	0.436179 	1.000000 	0.000000 	0.436179 	0.000000 	0.436179 	0.000000 	0.367879 	0.000000 	1.180350 	0.000000 	
2 	 1 	0.000000 	0.436886 	1.000000 	0.000000 	0.436886 	0.000000 	0.436886 	0.000000 	0.367879 	0.000000 	1.180540 	0.000000 	
2 	 1 	0.000000 	0.437593 	1.000000 	0.000000 	0.437593 	0.000000 	0.437593 	0.000000 	0.367879 	0.000000 	1.180730 	0.000000 	
2 	 1 	0.000000 	0.438300 	1.000000 	0.000000 	0.438300 	0.000000 	0.438300 	0.000000 	0.367879 	0.000000 	1.180910 	0.000000 	
2 	 1 	0.000000 	0.439007 	1.000000 	0.000000 	0.439007 	0.000000 	0.439007 	0.000000 	0.367879 	0.000000 	1.181100 	0.000000 	
2 	 1 	0.000000 	0.439714 	1.000000 	0.000000 	0.439714 	0.000000 	0.439714 	0.000000 	0.367879 	0.000000 	1.181290 	0.000000 	
2 	 1 	0.000000 	0.440421 	1.000000 	0.000000 	0.440421 	0.000000 	0.440421 	0.000000 	0.367879 	0.000000 	1.181470 	0.000000 	
2 	 1 	0.000000 	0.441128 	1.000000 	0.000000 	0.441128 	0.000000 	0.441128 	0.000000 	0.367879 	0.000000 	1.181660 	0.000000 	
2 	 1 	0.000000 	0.441835 	1.000000 	0.000000 	0.441835 	0.000000 	0.441835 	0.000000 	0.367879 	0.000000 	1.181840 	0.000000 	
2 	 1 	0.000000 	0.442543 	1.000000 	0.000000 	0.442543 	0.000000 	0.442543 	0.000000 	0.367879 	0.000000 	1.182030 	0.000000 	
2 	 1 	0.000000 	0.443250 	1.000000 	0.000000 	0.443250 	0.000000 	0.443250 	0.000000 	0.367879 	0.000000 	1.182210 	0.000000 	
2 	 1 	0.000000 	0.443957 	1.000000 	0.000000 	0.443957 	0.000000 	0.443957 	0.000000 	0.367879 	0.000000 	1.182390 	0.000000 	
2 	 1 	0.000000 	0.444664 	1.000000 	0.000000 	0.444664 	0.000000 	0.444664 	0.000000 	0.367879 	0.000000 	1.182580 	0.000000 	
2 	 1 	0.000000 	0.445371 	1.000000 	0.000000 	0.445371 	0.000000 	0.445371 	0.000000 	0.367879 	0.000000 	1.182760 	0.000000 	
2 	 1 	0.000000 	0.446078 	1.000000 	0.000000 	0.446078 	0.000000 	0.446078 	0.000000 	0.367879 	0.000000 	1.182940 	0.000000 	
2 	 1 	0.000000 	0.446785 	1.000000 	0.000000 	0.446785 	0.000000 	0.446785 	0.000000 	0.367879 	0.000000 	1.183120 	0.000000 	
2 	 1 	0.000000 	0.447492 	1.000000 	0.000000 	0.447492 	0.000000 	0.447492 	0.000000 	0.367879 	0.000000 	1.183300 	0.000000 	
2 	 1 	0.000000 	0.448199 	1.000000 	0.000000 	0.448199 	0.000000 	0.448199 	0.000000 	0.367879 	0.000000 	1.183490 	0.000000 	
2 	 1 	0.000000 	0.448907 	1.000000 	0.000000 	0.448907 	0.000000 	0.448907 	0.000000 	0.367879 	0.000000 	1.183670 	0.000000 	
2 	 1 	0.000000 	0.449614 	1.000000 	0.000000 	0.449614 	0.000000 	0.449614 	0.000000 	0.367879 	0.000000 	1.183850 	0.000000 	
2 	 1 	0.000000 	0.450321 	1.000000 	0.000000 	0.450321 	0.000000 	0.450321 	0.000000 	0.367879 	0.000000 	1.184030 	0.000000 	
2 	 1 	0.000000 	0.451028 	1.000000 	0.000000 	0.451028 	0.000000 	0.451028 	0.000000 	0.367879 	0.000000 	1.184210 	0.000000 	
2 	 1 	0.000000 	0.451735 	1.000000 	0.000000 	0.451735 	0.000000 	0.451735 	0.000000 	0.367879 	0.000000 	1.184390 	0.000000 	
2 	 1 	0.000000 	0.452442 	1.000000 	0.000000 	0.452442 	0.000000 	0.452442 	0.000000 	0.367879 	0.000000 	1.184560 	0.000000 	
2 	 1 	0.000000 	0.453149 	1.000000 	0.000000 	0.453149 	0.000000 	0.453149 	0.000000 	0.367879 	0.000000 	1.184740 	0.000000 	
2 	 1 	0.000000 	0.453856 	1.000000 	0.000000 	0.453856 	0.000000 	0.453856 	0.000000 	0.367879 	0.000000 	1.184920 	0.000000 	
2 	 1 	0.000000 	0.454563 	1.000000 	0.000000 	0.454563 	0.000000 	0.454563 	0.000000 	0.367879 	0.000000 	1.185100 	0.000000 	
2 	 1 	0.000000 	0.455271 	1.000000 	0.000000 	0.455271 	0.000000 	0.455271 	0.000000 	0.367879 	0.000000 	1.185280 	0.000000 	
2 	 1 	0.000000 	0.455978 	1.000000 	0.000000 	0.455978 	0.000000 	0.455978 	0.000000 	0.367879 	0.000000 	1.185450 	0.000000 	
2 	 1 	0.000000 	0.456685 	1.000000 	0.000000 	0.456685 	0.000000 	0.456685 	0.000000 	0.367879 	0.000000 	1.185630 	0.000000 	
2 	 1 	0.000000 	0.457392 	1.000000 	0.000000 	0.457392 	0.000000 	0.457392 	0.000000 	0.367879 	0.000000 	1.185810 	0.000000 	
2 	 1 	0.000000 	0.458099 	1.000000 	0.000000 	0.458099 	0.000000 	0.458099 	0.000000 	0.367879 	0.000000 	1.185980 	0.000000 	
2 	 1 	0.000000 	0.458806 	1.000000 	0.000000 	0.458806 	0.000000 	0.458806 	0.000000 	0.367879 	0.000000 	1.186160 	0.000000 	
2 	 1 	0.000000 	0.459513 	1.000000 	0.000000 	0.459513 	0.000000 	0.459513 	0.000000 	0.367879 	0.000000 	1.186330 	0.000000 	
2 	 1 	0.000000 	0.460220 	1.000000 	0.000000 	0.460220 	0.000000 	0.460220 	0.000000 	0.367879 	0.000000 	1.186510 	0.000000 	
2 	 1 	0.000000 	0.460927 	1.000000 	0.000000 	0.460927 	0.000000 	0.460927 	0.000000 	0.367879 	0.000000 	1.186680 	0.000000 	
2 	 1 	0.000000 	0.461634 	1.000000 	0.000000 	0.461634 	0.000000 	0.461634 	0.000000 	0.367879 	0.000000 	1.186860 	0.000000 	
2 	 1 	0.000000 	0.462342 	1.000000 	0.000000 	0.462342 	0.000000 	0.462342 	0.000000 	0.367879 	0.000000 	1.187030 	0.000000 	
2 	 1 	0.000000 	0.463049 	1.000000 	0.000000 	0.463049 	0.000000 	0.463049 	0.000000 	0.367879 	0.000000 	1.187200 	0.000000 	
2 	 1 	0.000000 	0.463756 	1.000000 	0.000000 	0.463756 	0.000000 	0.463756 	0.000000 	0.367879 	0.000000 	1.187370 	0.000000 	
2 	 1 	0.000000 	0.464463 	1.000000 	0.000000 	0.464463 	0.000000 	0.464463 	0.000000 	0.367879 	0.000000 	1.187550 	0.000000 	
2 	 1 	0.000000 	0.465170 	1.000000 	0.000000 	0.465170 	0.000000 	0.465170 	0.000000 	0.367879 	0.000000 	1.187720 	0.000000 	
2 	 1 	0.000000 	0.465877 	1.000000 	0.000000 	0.465877 	0.000000 	0.465877 	0.000000 	0.367879 	0.000000 	1.187890 	0.000000 	
2 	 1 	0.000000 	0.466584 	1.000000 	0.000000 	0.466584 	0.000000 	0.466584 	0.000000 	0.367879 	0.000000 	1.188060 	0.000000 	
2 	 1 	0.000000 	0.467291 	1.000000 	0.000000 	0.467291 	0.000000 	0.467291 	0.000000 	0.367879 	0.000000 	1.188230 	0.000000 	
2 	 1 	0.000000 	0.467998 	1.000000 	0.000000 	0.467998 	0.000000 	0.467998 	0.000000 	0.367879 	0.000000 	1.188400 	0.000000 	
2 	 1 	0.000000 	0.468706 	1.000000 	0.000000 	0.468706 	0.000000 	0.468706 	0.000000 	0.367879 	0.000000 	1.188570 	0.000000 	
2 	 1 	0.000000 	0.469413 	1.000000 	0.000000 	0.469413 	0.000000 	0.469413 	0.000000 	0.367879 	0.000000 	1.188740 	0.000000 	
2 	 1 	0.000000 	0.470120 	1.000000 	0.000000 	0.470120 	0.000000 	0.470120 	0.000000 	0.367879 	0.000000 	1.188910 	0.000000 	
2 	 1 	0.000000 	0.470827 	1.000000 	0.000000 	0.470827 	0.000000 	0.470827 	0.000000 	0.367879 	0.000000 	1.189080 	0.000000 	
2 	 1 	0.000000 	0.471534 	1.000000 	0.000000 	0.471534 	0.000000 	0.471534 	0.000000 	0.367879 	0.000000 	1.189250 	0.000000 	
2 	 1 	0.000000 	0.472241 	1.000000 	0.000000 	0.472241 	0.000000 	0.472241 	0.000000 	0.367879 	0.000000 	1.189420 	0.000000 	
2 	 1 	0.000000 	0.472948 	1.000000 	0.000000 	0.472948 	0.000000 	0.472948 	0.000000 	0.367879 	0.000000 	1.189590 	0.000000 	
2 	 1 	0.000000 	0.473655 	1.000000 	0.000000 	0.473655 	0.000000 	0.473655 	0.000000 	0.367879 	0.000000 	1.189760 	0.000000 	
2 	 1 	0.000000 	0.474362 	1.000000 	0.000000 	0.474362 	0.000000 	0.474362 	0.000000 	0.367879 	0.000000 	1.189920 	0.000000 	
2 	 1 	0.000000 	0.475070 	1.000000 	0.000000 	0.475070 	0.000000 	0.475070 	0.000000 	0.367879 	0.000000 	1.190090 	0.000000 	
2 	 1 	0.000000 	0.475777 	1.000000 	0.000000 	0.475777 	0.000000 	0.475777 	0.000000 	0.367879 	0.000000 	1.190260 	0.000000 	
2 	 1 	0.000000 	0.476484 	1.000000 	0.000000 	0.476484 	0.000000 	0.476484 	0.000000 	0.367879 	0.000000 	1.190420 	0.000000 	
2 	 1 	0.000000 	0.477191 	1.000000 	0.000000 	0.477191 	0.000000 	0.477191 	0.000000 	0.367879 	0.000000 	1.190590 	0.000000 	
2 	 1 	0.000000 	0.477898 	1.000000 	0.000000 	0.477898 	0.000000 	0.477898 	0.000000 	0.367879 	0.000000 	1.190760 	0.000000 	
2 	 1 	0.000000 	0.478605 	1.000000 	0.000000 	0.478605 	0.000000 	0.478605 	0.000000 	0.367879 	0.000000 	1.190920 	0.000000 	
2 	 1 	0.000000 	0.479312 	1.000000 	0.000000 	0.479312 	0.000000 	0.479312 	0.000000 	0.367879 	0.000000 	1.191090 	0.000000 	
2 	 1 	0.000000 	0.480019 	1.000000 	0.000000 	0.480019 	0.000000 	0.480019 	0.000000 	0.367879 	0.000000 	1.191250 	0.000000 	
2 	 1 	0.000000 	0.480726 	1.000000 	0.000000 	0.480726 	0.000000 	0.480726 	0.000000 	0.367879 	0.000000 	1.191420 	0.000000 	
2 	 1 	0.000000 	0.481433 	1.000000 	0.000000 	0.481433 	0.000000 	0.481433 	0.000000 	0.367879 	0.000000 	1.191580 	0.000000 	
2 	 1 	0.000000 	0.482141 	1.000000 	0.000000 	0.482141 	0.000000 	0.482141 	0.000000 	0.367879 	0.000000 	1.191740 	0.000000 	
2 	 1 	0.000000 	0.482848 	1.000000 	0.000000 	0.482848 	0.000000 	0.482848 	0.000000 	0.367879 	0.000000 	1.191910 	0.000000 	
2 	 1 	0.000000 	0.483555 	1.000000 	0.000000 	0.483555 	0.000000 	0.483555 	0.000000 	0.367879 	0.000000 	1.192070 	0.000000 	
2 	 1 	0.000000 	0.484262 	1.000000 	0.000000 	0.484262 	0.000000 	0.484262 	0.000000 	0.367879 	0.000000 	1.192230 	0.000000 	
2 	 1 	0.000000 	0.484969 	1.000000 	0.000000 	0.484969 	0.000000 	0.484969 	0.000000 	0.367879 	0.000000 	1.192390 	0.000000 	
2 	 1 	0.000000 	0.485676 	1.000000 	0.000000 	0.485676 	0.000000 	0.485676 	0.000000 	0.367879 	0.000000 	1.192560 	0.000000 	
2 	 1 	0.000000 	0.486383 	1.000000 	0.000000 	0.486383 	0.000000 	0.486383 	0.000000 	0.367879 	0.000000 	1.192720 	0.000000 	
2 	 1 	0.000000 	0.487090 	1.000000 	0.000000 	0.487090 	0.000000 	0.487090 	0.000000 	0.367879 	0.000000 	1.192880 	0.000000 	
2 	 1 	0.000000 	0.487797 	1.000000 	0.000000 	0.487797 	0.000000 	0.487797 	0.000000 	0.367879 	0.000000 	1.193040 	0.000000 	
2 	 1 	0.000000 	0.488505 	1.000000 	0.000000 	0.488505 	0.000000 	0.488505 	0.000000 	0.367879 	0.000000 	1.193200 	0.000000 	
2 	 1 	0.000000 	0.489212 	1.000000 	0.000000 	0.489212 	0.000000 	0.489212 	0.000000 	0.367879 	0.000000 	1.193360 	0.000000 	
2 	 1 	0.000000 	0.489919 	1.000000 	0.000000 	0.489919 	0.000000 	0.489919 	0.000000 	0.367879 	0.000000 	1.193520 	0.000000 	
2 	 1 	0.000000 	0.490626 	1.000000 	0.000000 	0.490626 	0.000000 	0.490626 	0.000000 	0.367879 	0.000000 	1.193680 	0.000000 	
2 	 1 	0.000000 	0.491333 	1.000000 	0.000000 	0.491333 	0.000000 	0.491333 	0.000000 	0.367879 	0.000000 	1.193840 	0.000000 	
2 	 1 	0.000000 	0.492040 	1.000000 	0.000000 	0.492040 	0.000000 	0.492040 	0.000000 	0.367879 	0.000000 	1.194000 	0.000000 	
2 	 1 	0.000000 	0.492747 	1.000000 	0.000000 	0.492747 	0.000000 	0.492747 	0.000000 	0.367879 	0.000000 	1.194160 	0.000000 	
2 	 1 	0.000000 	0.493454 	1.000000 	0.000000 	0.493454 	0.000000 	0.493454 	0.000000 	0.367879 	0.000000 	1.194320 	0.000000 	
2 	 1 	0.000000 	0.494161 	1.000000 	0.000000 	0.494161 	0.000000 	0.494161 	0.000000 	0.367879 	0.000000 	1.194470 	0.000000 	
2 	 1 	0.000000 	0.494869 	1.000000 	0.000000 	0.494869 	0.000000 	0.494869 	0.000000 	0.367879 	0.000000 	1.194630 	0.000000 	
2 	 1 	0.000000 	0.495576 	1.000000 	0.000000 	0.495576 	0.000000 	0.495576 	0.000000 	0.367879 	0.000000 	1.194790 	0.000000 	
2 	 1 	0.000000 	0.496283 	1.000000 	0.000000 	0.496283 	0.000000 	0.496283 	0.000000 	0.367879 	0.000000 	1.194950 	0.000000 	
2 	 1 	0.000000 	0.496990 	1.000000 	0.000000 	0.496990 	0.000000 	0.496990 	0.000000 	0.367879 	0.000000 	1.195100 	0.000000 	
2 	 1 	0.000000 	0.497697 	1.000000 	0.000000 	0.497697 	0.000000 	0.497697 	0.000000 	0.367879 	0.000000 	1.195260 	0.000000 	
2 	 1 	0.000000 	0.498404 	1.000000 	0.000000 	0.498404 	0.000000 	0.498404 	0.000000 	0.367879 	0.000000 	1.195420 	0.000000 	
2 	 1 	0.000000 	0.499111 	1.000000 	0.000000 	0.499111 	0.000000 	0.499111 	0.000000 	0.367879 	0.000000 	1.195570 	0.000000 	
2 	 1 	0.000000 	0.499818 	1.000000 	0.000000 	0.499818 	0.000000 	0.499818 	0.000000 	0.367879 	0.000000 	1.195730 	0.000000 	
2 	 1 	0.000000 	0.500525 	1.000000 	0.000000 	0.500525 	0.000000 	0.500525 	0.000000 	0.367879 	0.000000 	1.195880 	0.000000 	
2 	 1 	0.000000 	0.501232 	1.000000 	0.000000 	0.501232 	0.000000 	0.501232 	0.000000 	0.367879 	0.000000 	1.196040 	0.000000 	
2 	 1 	0.000000 	0.501940 	1.000000 	0.000000 	0.501940 	0.000000 	0.501940 	0.000000 	0.367879 	0.000000 	1.196190 	0.000000 	
2 	 1 	0.000000 	0.502647 	1.000000 	0.000000 	0.502647 	0.000000 	0.502647 	0.000000 	0.367879 	0.000000 	1.196350 	0.000000 	
2 	 1 	0.000000 	0.503354 	1.000000 	0.000000 	0.503354 	0.000000 	0.503354 	0.000000 	0.367879 	0.000000 	1.196500 	0.000000 	
2 	 1 	0.000000 	0.504061 	1.000000 	0.000000 	0.504061 	0.000000 	0.504061 	0.000000 	0.367879 	0.000000 	1.196650 	0.000000 	
2 	 1 	0.000000 	0.504768 	1.000000 	0.000000 	0.504768 	0.000000 	0.504768 	0.000000 	0.367879 	0.000000 	1.196810 	0.000000 	
2 	 1 	0.000000 	0.505475 	1.000000 	0.000000 	0.505475 	0.000000 	0.505475 	0.000000 	0.367879 	0.000000 	1.196960 	0.000000 	
2 	 1 	0.000000 	0.506182 	1.000000 	0.000000 	0.506182 	0.000000 	0.506182 	0.000000 	0.367879 	0.000000 	1.197110 	0.000000 	
2 	 1 	0.000000 	0.506889 	1.000000 	0.000000 	0.506889 	0.000000 	0.506889 	0.000000 	0.367879 	0.000000 	1.197270 	0.000000 	
2 	 1 	0.000000 	0.507596 	1.000000 	0.000000 	0.507596 	0.000000 	0.507596 	0.000000 	0.367879 	0.000000 	1.197420 	0.000000 	
2 	 1 	0.000000 	0.508304 	1.000000 	0.000000 	0.508304 	0.000000 	0.508304 	0.000000 	0.367879 	0.000000 	1.197570 	0.000000 	
2 	 1 	0.000000 	0.509011 	1.000000 	0.000000 	0.509011 	0.000000 	0.509011 	0.000000 	0.367879 	0.000000 	1.197720 	0.000000 	
2 	 1 	0.000000 	0.509718 	1.000000 	0.000000 	0.509718 	0.000000 	0.509718 	0.000000 	0.367879 	0.000000 	1.197870 	0.000000 	
2 	 1 	0.000000 	0.510425 	1.000000 	0.000000 	0.510425 	0.000000 	0.510425 	0.000000 	0.367879 	0.000000 	1.198020 	0.000000 	
2 	 1 	0.000000 	0.511132 	1.000000 	0.000000 	0.511132 	0.000000 	0.511132 	0.000000 	0.367879 	0.000000 	1.198170 	0.000000 	
2 	 1 	0.000000 	0.511839 	1.000000 	0.000000 	0.511839 	0.000000 	0.511839 	0.000000 	0.367879 	0.000000 	1.198320 	0.000000 	
2 	 1 	0.000000 	0.512546 	1.000000 	0.000000 	0.512546 	0.000000 	0.512546 	0.000000 	0.367879 	0.000000 	1.198470 	0.000000 	
2 	 1 	0.000000 	0.513253 	1.000000 	0.000000 	0.513253 	0.000000 	0.513253 	0.000000 	0.367879 	0.000000 	1.198620 	0.000000 	
2 	 1 	0.000000 	0.513960 	1.000000 	0.000000 	0.513960 	0.000000 	0.513960 	0.000000 	0.367879 	0.000000 	1.198770 	0.000000 	
2 	 1 	0.000000 	0.514668 	1.000000 	0.000000 	0.514668 	0.000000 	0.514668 	0.000000 	0.367879 	0.000000 	1.198920 	0.000000 	
2 	 1 	0.000000 	0.515375 	1.000000 	0.000000 	0.515375 	0.000000 	0.515375 	0.000000 	0.367879 	0.000000 	1.199070 	0.000000 	
2 	 1 	0.000000 	0.516082 	1.000000 	0.000000 	0.516082 	0.000000 	0.516082 	0.000000 	0.367879 	0.000000 	1.199220 	0.000000 	
2 	 1 	0.000000 	0.516789 	1.000000 	0.000000 	0.516789 	0.000000 	0.516789 	0.000000 	0.367879 	0.000000 	1.199370 	0.000000 	
2 	 1 	0.000000 	0.517496 	1.000000 	0.000000 	0.517496 	0.000000 	0.517496 	0.000000 	0.367879 	0.000000 	1.199520 	0.000000 	
2 	 1 	0.000000 	0.518203 	1.000000 	0.000000 	0.518203 	0.000000 	0.518203 	0.000000 	0.367879 	0.000000 	1.199660 	0.000000 	
2 	 1 	0.000000 	0.518910 	1.000000 	0.000000 	0.518910 	0.000000 	0.518910 	0.000000 	0.367879 	0.000000 	1.199810 	0.000000 	
2 	 1 	0.000000 	0.519617 	1.000000 	0.000000 	0.519617 	0.000000 	0.519617 	0.000000 	0.367879 	0.000000 	1.199960 	0.000000 	
2 	 1 	0.000000 	0.520324 	1.000000 	0.000000 	0.520324 	0.000000 	0.520324 	0.000000 	0.367879 	0.000000 	1.200100 	0.000000 	
2 	 1 	0.000000 	0.521031 	1.000000 	0.000000 	0.521031 	0.000000 	0.521031 	0.000000 	0.367879 	0.000000 	1.200250 	0.000000 	
2 	 1 	0.000000 	0.521739 	1.000000 	0.000000 	0.521739 	0.000000 	0.521739 	0.000000 	0.367879 	0.000000 	1.200400 	0.000000 	
2 	 1 	0.000000 	0.522446 	1.000000 	0.000000 	0.522446 	0.000000 	0.522446 	0.000000 	0.367879 	0.000000 	1.200540 	0.000000 	
2 	 1 	0.000000 	0.523153 	1.000000 	0.000000 	0.523153 	0.000000 	0.523153 	0.000000 	0.367879 	0.000000 	1.200690 	0.000000 	
2 	 1 	0.000000 	0.523860 	1.000000 	0.000000 	0.523860 	0.000000 	0.523860 	0.000000 	0.367879 	0.000000 	1.200830 	0.000000 	
2 	 1 	0.000000 	0.524567 	1.000000 	0.000000 	0.524567 	0.000000 	0.524567 	0.000000 	0.367879 	0.000000 	1.200980 	0.000000 	
2 	 1 	0.000000 	0.525274 	1.000000 	0.000000 	0.525274 	0.000000 	0.525274 	0.000000 	0.367879 	0.000000 	1.201120 	0.000000 	
2 	 1 	0.000000 	0.525981 	1.000000 	0.000000 	0.525981 	0.000000 	0.525981 	0.000000 	0.367879 	0.000000 	1.201270 	0.000000 	
2 	 1 	0.000000 	0.526688 	1.000000 	0.000000 	0.526688 	0.000000 	0.526688 	0.000000 	0.367879 	0.000000 	1.201410 	0.000000 	
2 	 1 	0.000000 	0.527395 	1.000000 	0.000000 	0.527395 	0.000000 	0.527395 	0.000000 	0.367879 	0.000000 	1.201560 	0.000000 	
2 	 1 	0.000000 	0.528103 	1.000000 	0.000000 	0.528103 	0.000000 	0.528103 	0.000000 	0.367879 	0.000000 	1.201700 	0.000000 	
2 	 1 	0.000000 	0.528810 	1.000000 	0.000000 	0.528810 	0.000000 	0.528810 	0.000000 	0.367879 	0.000000 	1.201840 	0.000000 	
2 	 1 	0.000000 	0.529517 	1.000000 	0.000000 	0.529517 	0.000000 	0.529517 	0.000000 	0.367879 	0.000000 	1.201990 	0.000000 	
2 	 1 	0.000000 	0.530224 	1.000000 	0.000000 	0.530224 	0.000000 	0.530224 	0.000000 	0.367879 	0.000000 	1.202130 	0.000000 	
2 	 1 	0.000000 	0.530931 	1.000000 	0.000000 	0.530931 	0.000000 	0.530931 	0.000000 	0.367879 	0.000000 	1.202270 	0.000000 	
2 	 1 	0.000000 	0.531638 	1.000000 	0.000000 	0.531638 	0.000000 	0.531638 	0.000000 	0.367879 	0.000000 	1.202420 	0.000000 	
2 	 1 	0.000000 	0.532345 	1.000000 	0.000000 	0.532345 	0.000000 	0.532345 	0.000000 	0.367879 	0.000000 	1.202560 	0.000000 	
2 	 1 	0.000000 	0.533052 	1.000000 	0.000000 	0.533052 	0.000000 	0.533052 	0.000000 	0.367879 	0.000000 	1.202700 	0.000000 	
2 	 1 	0.000000 	0.533759 	1.000000 	0.000000 	0.533759 	0.000000 	0.533759 	0.000000 	0.367879 	0.000000 	1.202840 	0.000000 	
2 	 1 	0.000000 	0.534466 	1.000000 	0.000000 	0.534466 	0.000000 	0.534466 	0.000000 	0.367879 	0.000000 	1.202980 	0.000000 	
2 	 1 	0.000000 	0.535174 	1.000000 	0.000000 	0.535174 	0.000000 	0.535174 	0.000000 	0.367879 	0.000000 	1.203120 	0.000000 	
2 	 1 	0.000000 	0.535881 	1.000000 	0.000000 	0.535881 	0.000000 	0.535881 	0.000000 	0.367879 	0.000000 	1.203260 	0.000000 	
2 	 1 	0.000000 	0.536588 	1.000000 	0.000000 	0.536588 	0.000000 	0.536588 	0.000000 	0.367879 	0.000000 	1.203400 	0.000000 	
2 	 1 	0.000000 	0.537295 	1.000000 	0.000000 	0.537295 	0.000000 	0.537295 	0.000000 	0.367879 	0.000000 	1.203540 	0.000000 	
2 	 1 	0.000000 	0.538002 	1.000000 	0.000000 	0.538002 	0.000000 	0.538002 	0.000000 	0.367879 	0.000000 	1.203680 	0.000000 	
2 	 1 	0.000000 	0.538709 	1.000000 	0.000000 	0.538709 	0.000000 	0.538709 	0.000000 	0.367879 	0.000000 	1.203820 	0.000000 	
2 	 1 	0.000000 	0.539416 	1.000000 	0.000000 	0.539416 	0.000000 	0.539416 	0.000000 	0.367879 	0.000000 	1.203960 	0.000000 	
2 	 1 	0.000000 	0.540123 	1.000000 	0.000000 	0.540123 	0.000000 	0.540123 	0.000000 	0.367879 	0.000000 	1.204100 	0.000000 	
2 	 1 	0.000000 	0.540830 	1.000000 	0.000000 	0.540830 	0.000000 	0.540830 	0.000000 	0.367879 	0.000000 	1.204240 	0.000000 	
2 	 1 	0.000000 	0.541538 	1.000000 	0.000000 	0.541538 	0.000000 	0.541538 	0.000000 	0.367879 	0.000000 	1.204380 	0.000000 	
2 	 1 	0.000000 	0.542245 	1.000000 	0.000000 	0.542245 	0.000000 	0.542245 	0.000000 	0.367879 	0.000000 	1.204520 	0.000000 	
2 	 1 	0.000000 	0.542952 	1.000000 	0.000000 	0.542952 	0.000000 	0.542952 	0.000000 	0.367879 	0.000000 	1.204660 	0.000000 	
2 	 1 	0.000000 	0.543659 	1.000000 	0.000000 	0.543659 	0.000000 	0.543659 	0.000000 	0.367879 	0.000000 	1.204790 	0.000000 	
2 	 1 	0.000000 	0.544366 	1.000000 	0.000000 	0.544366 	0.000000 	0.544366 	0.000000 	0.367879 	0.000000 	1.204930 	0.000000 	
2 	 1 	0.000000 	0.545073 	1.000000 	0.000000 	0.545073 	0.000000 	0.545073 	0.000000 	0.367879 	0.000000 	1.205070 	0.000000 	
2 	 1 	0.000000 	0.545780 	1.000000 	0.000000 	0.545780 	0.000000 	0.545780 	0.000000 	0.367879 	0.000000 	1.205210 	0.000000 	
2 	 1 	0.000000 	0.546487 	1.000000 	0.000000 	0.546487 	0.000000 	0.546487 	0.000000 	0.367879 	0.000000 	1.205340 	0.000000 	
2 	 1 	0.000000 	0.547194 	1.000000 	0.000000 	0.547194 	0.000000 	0.547194 	0.000000 	0.367879 	0.000000 	1.205480 	0.000000 	
2 	 1 	0.000000 	0.547902 	1.000000 	0.000000 	0.547902 	0.000000 	0.547902 	0.000000 	0.367879 	0.000000 	1.205620 	0.000000 	
2 	 1 	0.000000 	0.548609 	1.000000 	0.000000 	0.548609 	0.000000 	0.548609 	0.000000 	0.367879 	0.000000 	1.205750 	0.000000 	
2 	 1 	0.000000 	0.549316 	1.000000 	0.000000 	0.549316 	0.000000 	0.549316 	0.000000 	0.367879 	0.000000 	1.205890 	0.000000 	
2 	 1 	0.000000 	0.550023 	1.000000 	0.000000 	0.550023 	0.000000 	0.550023 	0.000000 	0.367879 	0.000000 	1.206020 	0.000000 	
2 	 1 	0.000000 	0.550730 	1.000000 	0.000000 	0.550730 	0.000000 	0.550730 	0.000000 	0.367879 	0.000000 	1.206160 	0.000000 	
2 	 1 	0.000000 	0.551437 	1.000000 	0.000000 	0.551437 	0.000000 	0.551437 	0.000000 	0.367879 	0.000000 	1.206290 	0.000000 	
2 	 1 	0.000000 	0.552144 	1.000000 	0.000000 	0.552144 	0.000000 	0.552144 	0.000000 	0.367879 	0.000000 	1.206430 	0.000000 	
2 	 1 	0.000000 	0.552851 	1.000000 	0.000000 	0.552851 	0.000000 	0.552851 	0.000000 	0.367879 	0.000000 	1.206560 	0.000000 	
2 	 1 	0.000000 	0.553558 	1.000000 	0.000000 	0.553558 	0.000000 	0.553558 	0.000000 	0.367879 	0.000000 	1.206700 	0.000000 	
2 	 1 	0.000000 	0.554265 	1.000000 	0.000000 	0.554265 	0.000000 	0.554265 	0.000000 	0.367879 	0.000000 	1.206830 	0.000000 	
2 	 1 	0.000000 	0.554973 	1.000000 	0.000000 	0.554973 	0.000000 	0.554973 	0.000000 	0.367879 	0.000000 	1.206960 	0.000000 	
2 	 1 	0.000000 	0.555680 	1.000000 	0.000000 	0.555680 	0.000000 	0.555680 	0.000000 	0.367879 	0.000000 	1.207100 	0.000000 	
2 	 1 	0.000000 	0.556387 	1.000000 	0.000000 	0.556387 	0.000000 	0.556387 	0.000000 	0.367879 	0.000000 	1.207230 	0.000000 	
2 	 1 	0.000000 	0.557094 	1.000000 	0.000000 	0.557094 	0.000000 	0.557094 	0.000000 	0.367879 	0.000000 	1.207360 	0.000000 	
2 	 1 	0.000000 	0.557801 	1.000000 	0.000000 	0.557801 	0.000000 	0.557801 	0.000000 	0.367879 	0.000000 	1.207500 	0.000000 	
2 	 1 	0.000000 	0.558508 	1.000000 	0.000000 	0.558508 	0.000000 	0.558508 	0.000000 	0.367879 	0.000000 	1.207630 	0.000000 	
2 	 1 	0.000000 	0.559215 	1.000000 	0.000000 	0.559215 	0.000000 	0.559215 	0.000000 	0.367879 	0.000000 	1.207760 	0.000000 	
2 	 1 	0.000000 	0.559922 	1.000000 	0.000000 	0.559922 	0.000000 	0.559922 	0.000000 	0.367879 	0.000000 	1.207890 	0.000000 	
2 	 1 	0.000000 	0.560629 	1.000000 	0.000000 	0.560629 	0.000000 	0.560629 	0.000000 	0.367879 	0.000000 	1.208020 	0.000000 	
2 	 1 	0.000000 	0.561337 	1.000000 	0.000000 	0.561337 	0.000000 	0.561337 	0.000000 	0.367879 	0.000000 	1.208160 	0.000000 	
2 	 1 	0.000000 	0.562044 	1.000000 	0.000000 	0.562044 	0.000000 	0.562044 	0.000000 	0.367879 	0.000000 	1.208290 	0.000000 	
2 	 1 	0.000000 	0.562751 	1.000000 	0.000000 	0.562751 	0.000000 	0.562751 	0.000000 	0.367879 	0.000000 	1.208420 	0.000000 	
2 	 1 	0.000000 	0.563458 	1.000000 	0.000000 	0.563458 	0.000000 	0.563458 	0.000000 	0.367879 	0.000000 	1.208550 	0.000000 	
2 	 1 	0.000000 	0.564165 	1.000000 	0.000000 	0.564165 	0.000000 	0.564165 	0.000000 	0.367879 	0.000000 	1.208680 	0.000000 	
2 	 1 	0.000000 	0.564872 	1.000000 	0.000000 	0.564872 	0.000000 	0.564872 	0.000000 	0.367879 	0.000000 	1.208810 	0.000000 	
2 	 1 	0.000000 	0.565579 	1.000000 	0.000000 	0.565579 	0.000000 	0.565579 	0.000000 	0.367879 	0.000000 	1.208940 	0.000000 	
2 	 1 	0.000000 	0.566286 	1.000000 	0.000000 	0.566286 	0.000000 	0.566286 	0.000000 	0.367879 	0.000000 	1.209070 	0.000000 	
2 	 1 	0.000000 	0.566993 	1.000000 	0.000000 	0.566993 	0.000000 	0.566993 	0.000000 	0.367879 	0.000000 	1.209200 	0.000000 	
2 	 1 	0.000000 	0.567701 	1.000000 	0.000000 	0.567701 	0.000000 	0.567701 	0.000000 	0.367879 	0.000000 	1.209330 	0.000000 	
2 	 1 	0.000000 	0.568408 	1.000000 	0.000000 	0.568408 	0.000000 	0.568408 	0.000000 	0.367879 	0.000000 	1.209460 	0.000000 	
2 	 1 	0.000000 	0.569115 	1.000000 	0.000000 	0.569115 	0.000000 	0.569115 	0.000000 	0.367879 	0.000000 	1.209590 	0.000000 	
2 	 1 	0.000000 	0.569822 	1.000000 	0.000000 	0.569822 	0.000000 	0.569822 	0.000000 	0.367879 	0.000000 	1.209710 	0.000000 	
2 	 1 	0.000000 	0.570529 	1.000000 	0.000000 	0.570529 	0.000000 	0.570529 	0.000000 	0.367879 	0.000000 	1.209840 	0.000000 	
2 	 1 	0.000000 	0.571236 	1.000000 	0.000000 	0.571236 	0.000000 	0.571236 	0.000000 	0.367879 	0.000000 	1.209970 	0.000000 	
2 	 1 	0.000000 	0.571943 	1.000000 	0.000000 	0.571943 	0.000000 	0.571943 	0.000000 	0.367879 	0.000000 	1.210100 	0.000000 	
2 	 1 	0.000000 	0.572650 	1.000000 	0.000000 	0.572650 	0.000000 	0.572650 	0.000000 	0.367879 	0.000000 	1.210230 	0.000000 	
2 	 1 	0.000000 	0.573357 	1.000000 	0.000000 	0.573357 	0.000000 	0.573357 	0.000000 	0.367879 	0.000000 	1.210350 	0.000000 	
2 	 1 	0.000000 	0.574064 	1.000000 	0.000000 	0.574064 	0.000000 	0.574064 	0.000000 	0.367879 	0.000000 	1.210480 	0.000000 	
2 	 1 	0.000000 	0.574772 	1.000000 	0.000000 	0.574772 	0.000000 	0.574772 	0.000000 	0.367879 	0.000000 	1.210610 	0.000000 	
2 	 1 	0.000000 	0.575479 	1.000000 	0.000000 	0.575479 	0.000000 	0.575479 	0.000000 	0.367879 	0.000000 	1.210730 	0.000000 	
2 	 1 	0.000000 	0.576186 	1.000000 	0.000000 	0.576186 	0.000000 	0.576186 	0.000000 	0.367879 	0.000000 	1.210860 	0.000000 	
2 	 1 	0.000000 	0.576893 	1.000000 	0.000000 	0.576893 	0.000000 	0.576893 	0.000000 	0.367879 	0.000000 	1.210990 	0.000000 	
2 	 1 	0.000000 	0.577600 	1.000000 	0.000000 	0.577600 	0.000000 	0.577600 	0.000000 	0.367879 	0.000000 	1.211110 	0.000000 	
2 	 1 	0.000000 	0.578307 	1.000000 	0.000000 	0.578307 	0.000000 	0.578307 	0.000000 	0.367879 	0.000000 	1.211240 	0.000000 	
2 	 1 	0.000000 	0.579014 	1.000000 	0.000000 	0.579014 	0.000000 	0.579014 	0.000000 	0.367879 	0.000000 	1.211360 	0.000000 	
2 	 1 	0.000000 	0.579721 	1.000000 	0.000000 	0.579721 	0.000000 	0.579721 	0.000000 	0.367879 	0.000000 	1.211490 	0.000000 	
2 	 1 	0.000000 	0.580428 	1.000000 	0.000000 	0.580428 	0.000000 	0.580428 	0.000000 	0.367879 	0.000000 	1.211620 	0.000000 	
2 	 1 	0.000000 	0.581136 	1.000000 	0.000000 	0.581136 	0.000000 	0.581136 	0.000000 	0.367879 	0.000000 	1.211740 	0.000000 	
2 	 1 	0.000000 	0.581843 	1.000000 	0.000000 	0.581843 	0.000000 	0.581843 	0.000000 	0.367879 	0.000000 	1.211860 	0.000000 	
2 	 1 	0.000000 	0.582550 	1.000000 	0.000000 	0.582550 	0.000000 	0.582550 	0.000000 	0.367879 	0.000000 	1.211990 	0.000000 	
2 	 1 	0.000000 	0.583257 	1.000000 	0.000000 	0.583257 	0.000000 	0.583257 	0.000000 	0.367879 	0.000000 	1.212110 	0.000000 	
2 	 1 	0.000000 	0.583964 	1.000000 	0.000000 	0.583964 	0.000000 	0.583964 	0.000000 	0.367879 	0.000000 	1.212240 	0.000000 	
2 	 1 	0.000000 	0.584671 	1.000000 	0.000000 	0.584671 	0.000000 	0.584671 	0.000000 	0.367879 	0.000000 	1.212360 	0.000000 	
2 	 1 	0.000000 	0.585378 	1.000000 	0.000000 	0.585378 	0.000000 	0.585378 	0.000000 	0.367879 	0.000000 	1.212480 	0.000000 	
2 	 1 	0.000000 	0.586085 	1.000000 	0.000000 	0.586085 	0.000000 	0.586085 	0.000000 	0.367879 	0.000000 	1.212610 	0.000000 	
2 	 1 	0.000000 	0.586792 	1.000000 	0.000000 	0.586792 	0.000000 	0.586792 	0.000000 	0.367879 	0.000000 	1.212730 	0.000000 	
2 	 1 	0.000000 	0.587500 	1.000000 	0.000000 	0.587500 	0.000000 	0.587500 	0.000000 	0.367879 	0.000000 	1.212850 	0.000000 	
2 	 1 	0.000000 	0.588207 	1.000000 	0.000000 	0.588207 	0.000000 	0.588207 	0.000000 	0.367879 	0.000000 	1.212980 	0.000000 	
2 	 1 	0.000000 	0.588914 	1.000000 	0.000000 	0.588914 	0.000000 	0.588914 	0.000000 	0.367879 	0.000000 	1.213100 	0.000000 	
2 	 1 	0.000000 	0.589621 	1.000000 	0.000000 	0.589621 	0.000000 	0.589621 	0.000000 	0.367879 	0.000000 	1.213220 	0.000000 	
2 	 1 	0.000000 	0.590328 	1.000000 	0.000000 	0.590328 	0.000000 	0.590328 	0.000000 	0.367879 	0.000000 	1.213340 	0.000000 	
2 	 1 	0.000000 	0.591035 	1.000000 	0.000000 	0.591035 	0.000000 	0.591035 	0.000000 	0.367879 	0.000000 	1.213470 	0.000000 	
2 	 1 	0.000000 	0.591742 	1.000000 	0.000000 	0.591742 	0.000000 	0.591742 	0.000000 	0.367879 	0.000000 	1.213590 	0.000000 	
2 	 1 	0.000000 	0.592449 	1.000000 	0.000000 	0.592449 	0.000000 	0.592449 	0.000000 	0.367879 	0.000000 	1.213710 	0.000000 	
2 	 1 	0.000000 	0.593156 	1.000000 	0.000000 	0.593156 	0.000000 	0.593156 	0.000000 	0.367879 	0.000000 	1.213830 	0.000000 	
2 	 1 	0.000000 	0.593863 	1.000000 	0.000000 	0.593863 	0.000000 	0.593863 	0.000000 	0.367879 	0.000000 	1.213950 	0.000000 	
2 	 1 	0.000000 	0.594571 	1.000000 	0.000000 	0.594571 	0.000000 	0.594571 	0.000000 	0.367879 	0.000000 	1.214070 	0.000000 	
2 	 1 	0.000000 	0.595278 	1.000000 	0.000000 	0.595278 	0.000000 	0.595278 	0.000000 	0.367879 	0.000000 	1.214190 	0.000000 	
2 	 1 	0.000000 	0.595985 	1.000000 	0.000000 	0.595985 	0.000000 	0.595985 	0.000000 	0.367879 	0.000000 	1.214310 	0.000000 	
2 	 1 	0.000000 	0.596692 	1.000000 	0.000000 	0.596692 	0.000000 	0.596692 	0.000000 	0.367879 	0.000000 	1.214430 	0.000000 	
2 	 1 	0.000000 	0.597399 	1.000000 	0.000000 	0.597399 	0.000000 	0.597399 	0.000000 	0.367879 	0.000000 	1.214550 	0.000000 	
2 	 1 	0.000000 	0.598106 	1.000000 	0.000000 	0.598106 	0.000000 	0.598106 	0.000000 	0.367879 	0.000000 	1.214670 	0.000000 	
2 	 1 	0.000000 	0.598813 	1.000000 	0.000000 	0.598813 	0.000000 	0.598813 	0.000000 	0.367879 	0.000000 	1.214790 	0.000000 	
2 	 1 	0.000000 	0.599520 	1.000000 	0.000000 	0.599520 	0.000000 	0.599520 	0.000000 	0.367879 	0.000000 	1.214910 	0.000000 	
2 	 1 	0.000000 	0.600227 	1.000000 	0.000000 	0.600227 	0.000000 	0.600227 	0.000000 	0.367879 	0.000000 	1.215030 	0.000000 	
